1.167,30,35,67
B0,mixamorig_Hips,-1,0.999193012714386,0.005875958129763603,0.039726000279188156,0,-0.003995044156908989,0.9988750219345093,-0.047261934727430344,0,-0.03995899856090546,0.047065068036317825,0.998091995716095,0,0.2321919947862625,96.68991088867188,0.14910699427127838,1
B1,mixamorig_Spine,0,0.9998360872268677,-0.017794867977499962,0.003381953574717045,0,0.017857136204838753,0.9996529817581177,-0.01937239058315754,0,-0.00303605105727911,0.019429611042141914,0.9998070001602173,0,9.999999974752427e-7,9.92345905303955,-1.227334976196289,1
B2,mixamorig_Spine1,1,0.9998459815979004,-0.00989319197833538,0.014504125341773033,0,0.01021280512213707,0.9997029304504395,-0.02213013917207718,0,-0.014280878938734531,0.022274859249591827,0.9996500015258789,0,-0.00013899999612476677,11.645440101623535,-1.422340989112854,1
B3,mixamorig_Spine2,2,0.9998520016670227,-0.00905019510537386,0.014639216475188732,0,0.009372800588607788,0.9997109770774841,-0.02212103083729744,0,-0.014434787444770336,0.02225496992468834,0.9996479749679565,0,0.00009100000170292333,13.360203742980957,-1.6264599561691284,1
B4,mixamorig_Neck,3,0.9999330639839172,0.009142146445810795,-0.007145042531192303,0,-0.010142848826944828,0.9877659678459167,-0.1556140035390854,0,0.005634980741888285,0.1556759774684906,0.9877920150756836,0,0.00002499999936844688,15.032490730285645,0.7929049730300903,1
B5,mixamorig_Head,4,0.9973739981651306,0.05939984321594238,-0.041433773934841156,0,-0.05899215489625931,0.9981980323791504,0.010995065793395042,0,0.04201222211122513,-0.00852192658931017,0.999081015586853,0,0.0000019999999949504854,10.321830749511719,3.1424291133880615,1
B6,mixamorig_HeadTop_End,5,1,0,0,0,0,1,0,0,0,0,1,0,0.0001539999939268455,18.474672317504883,6.636398792266846,1
B7,mixamorig_LeftEye,5,1,0,0,0,0,1,0,0,0,0,1,0,2.9479150772094727,7.681746006011963,9.120731353759766,1
B8,mixamorig_RightEye,5,1,0,0,0,0,1,0,0,0,0,1,0,-2.9444808959960938,7.681746006011963,9.120495796203613,1
B9,mixamorig_LeftShoulder,3,0.9752798676490784,0.2204553633928299,-0.015134992077946663,0,-0.22058361768722534,0.9753400683403015,-0.00738805765286088,0,0.013133022002875805,0.010543951764702797,0.999858021736145,0,6.105823993682861,9.110424041748047,0.705551028251648,1
B10,mixamorig_LeftArm,9,0.16475576162338257,-0.45190247893333435,0.8767208456993103,0,0.8387748599052429,0.5318642854690552,0.11652261018753052,0,-0.5189530253410339,0.7161731719970703,0.46667182445526123,0,12.655036926269531,-0.2659339904785156,-2.600922107696533,1
B11,mixamorig_LeftForeArm,10,0.08718131482601166,-0.1104629710316658,0.9900490045547485,0,-0.11046452075242996,0.9866320490837097,0.11980897188186646,0,-0.9900490045547485,-0.11981044709682465,0.07381367683410645,0,27.40468406677246,0.00003899999865097925,0.000007000000096013537,1
B12,mixamorig_LeftHand,11,0.78740394115448,0.6129289865493774,0.06567185372114182,0,-0.583859920501709,0.7757220268249512,-0.23950721323490143,0,-0.1977439671754837,0.15024572610855103,0.9686710238456726,0,27.614463806152344,0.000029000000722589903,0.000019999999494757503,1
B13,mixamorig_LeftHandMiddle1,12,0.9999999403953552,0.0002789994759950787,0.00003399993511266075,0,-0.0002789994759950787,0.9999999403953552,-4.742982007144292e-9,0,-0.00003399993511266075,-4.742982007144292e-9,1,0,12.77552318572998,0.000012999999853491317,0.000019999999494757503,1
B14,mixamorig_LeftHandMiddle2,13,0.9999999403953552,-0.0002789994759950787,-0.00003399993511266075,0,0.0002789994759950787,0.9999999403953552,-4.742982007144292e-9,0,0.00003399993511266075,-4.742982007144292e-9,1,0,3.613970994949341,0.000003000000106112566,0.0000019999999949504854,1
B15,mixamorig_LeftHandMiddle3,14,1,0,0,0,0,1,0,0,0,0,1,0,3.4597599506378174,9.999999974752427e-7,-0.000025999999706982635,1
B16,mixamorig_LeftHandMiddle4,15,1,0,0,0,0,1,0,0,0,0,1,0,3.680191993713379,0,0.00003300000025774352,1
B17,mixamorig_LeftHandThumb1,12,0.9511269330978394,0.2948392331600189,-0.09179989993572235,0,-0.2932337522506714,0.955544114112854,0.030821051448583603,0,0.09680605679750443,-0.002395902294665575,0.9952999353408813,0,3.7888100147247314,-2.166996955871582,3.0030879974365234,1
B18,mixamorig_LeftHandThumb2,17,0.9873189926147461,0.0870329737663269,-0.1327657848596573,0,-0.08549205958843231,0.9961889982223511,0.01727372780442238,0,0.13376320898532867,-0.005704259499907494,0.9909970164299011,0,3.675442934036255,-2.1220080852508545,2.12201189994812,1
B19,mixamorig_LeftHandThumb3,18,0.9966620206832886,0.07576282322406769,-0.030402397736907005,0,-0.07694916427135468,0.9962339997291565,-0.03995794057846069,0,0.027260588482022285,0.04216402396559715,0.9987389445304871,0,3.3943591117858887,-1.9597439765930176,1.959792971611023,1
B20,mixamorig_LeftHandThumb4,19,1,0,0,0,0,1,0,0,0,0,1,0,2.6794040203094482,-1.5469449758529663,1.5469199419021606,1
B21,mixamorig_LeftHandIndex1,12,1,0,0,0,0,1,0,0,0,0,1,0,12.26661491394043,-0.23166899383068085,2.8220579624176025,1
B22,mixamorig_LeftHandIndex2,21,1,-0.0000019990854980278527,0,0,0.0000019990854980278527,1,0,0,0,0,1,0,3.8919670581817627,0.0000019999999949504854,0.00003899999865097925,1
B23,mixamorig_LeftHandIndex3,22,1,0,0,0,0,1,0,0,0,0,1,0,3.415160894393921,9.999999974752427e-7,-0.000009000000318337698,1
B24,mixamorig_LeftHandIndex4,23,1,0,0,0,0,1,0,0,0,0,1,0,3.077986001968384,0,-0.000009000000318337698,1
B25,mixamorig_LeftHandRing1,12,1,0,0,0,0,1,0,0,0,0,1,0,12.147005081176758,0.00989499967545271,-2.2166290283203125,1
B26,mixamorig_LeftHandRing2,25,1,0,0,0,0,1,0,0,0,0,1,0,3.6011910438537598,0.0000019999999949504854,0.000035000000934815034,1
B27,mixamorig_LeftHandRing3,26,1,0,0,0,0,1,0,0,0,0,1,0,3.307317018508911,0.000004999999873689376,-0.00002099999983329326,1
B28,mixamorig_LeftHandRing4,27,1,0,0,0,0,1,0,0,0,0,1,0,3.6601150035858154,0.000003000000106112566,0,1
B29,mixamorig_LeftHandPinky1,12,0.9974579215049744,0.008894008584320545,-0.07070201635360718,0,-0.008894003927707672,0.9999600052833557,0.00031481211772188544,0,0.0707019791007042,0.00031481211772188544,0.997497022151947,0,10.908194541931152,-0.22636500000953674,-4.725818157196045,1
B30,mixamorig_LeftHandPinky2,29,0.9974580407142639,-0.00889400951564312,0.07070102542638779,0,0.008894004859030247,0.9999600052833557,0.00031480775214731693,0,-0.0707009807229042,0.00031480775214731693,0.997497022151947,0,4.136651992797852,0.0000019999999949504854,0.00002700000004551839,1
B31,mixamorig_LeftHandPinky3,30,1,0,0,0,0,1,0,0,0,0,1,0,2.5948359966278076,0,-0.00003600000127335079,1
B32,mixamorig_LeftHandPinky4,31,1,0,0,0,0,1,0,0,0,0,1,0,2.9238688945770264,9.999999974752427e-7,0.000018999999156221747,1
B33,mixamorig_RightShoulder,3,0.9880759716033936,-0.07846417278051376,0.1324731707572937,0,0.07970082759857178,0.9968109726905823,-0.004050045274198055,0,-0.13173285126686096,0.014559966512024403,0.991178035736084,0,-6.105696201324463,9.110508918762207,0.7055630087852478,1
B34,mixamorig_RightArm,33,0.04338907450437546,0.3993168771266937,-0.9157860279083252,0,-0.8401127457618713,0.5106582641601562,0.1828623265028,0,0.540673553943634,0.7614291906356812,0.35762813687324524,0,-12.655040740966797,-0.2660210132598877,-2.600895881652832,1
B35,mixamorig_RightForeArm,34,0.17027612030506134,0.1004076823592186,-0.9802669286727905,0,0.10040605813264847,0.98785001039505,0.11862531304359436,0,0.9802680611610413,-0.11862386763095856,0.15812578797340393,0,-27.40468406677246,0.00003300000025774352,0.000004999999873689376,1
B36,mixamorig_RightHand,35,0.8777179718017578,-0.4564368724822998,-0.14586420357227325,0,0.3671722412109375,0.8362299203872681,-0.407313734292984,0,0.3078889846801758,0.3039492666721344,0.90156489610672,0,-27.614463806152344,0.00002300000051036477,0.000018000000636675395,1
B37,mixamorig_RightHandMiddle1,36,0.9979199767112732,-0.06398598104715347,-0.007794009521603584,0,0.06398601830005646,0.9979510307312012,-0.00024961348390206695,0,0.007794016040861607,-0.0002496135130058974,0.9999700784683228,0,-12.77552318572998,0.000009000000318337698,0.000018000000636675395,1
B38,mixamorig_RightHandMiddle2,37,1,9.986282520912937e-7,0,0,-9.986282520912937e-7,1,0,0,0,0,1,0,-3.613970994949341,0.000003000000106112566,0.000003000000106112566,1
B39,mixamorig_RightHandMiddle3,38,1,0,0,0,0,1,0,0,0,0,1,0,-3.4597599506378174,0,-0.000025999999706982635,1
B40,mixamorig_RightHandMiddle4,39,1,0,0,0,0,1,0,0,0,0,1,0,-3.680191993713379,-9.999999974752427e-7,0.00003300000025774352,1
B41,mixamorig_RightHandThumb1,36,0.9098139405250549,-0.35751017928123474,0.21077007055282593,0,0.40222784876823425,0.8846989274024963,-0.23562946915626526,0,-0.10222814977169037,0.2991565763950348,0.9487120509147644,0,-3.788809061050415,-2.1669979095458984,3.003087043762207,1
B42,mixamorig_RightHandThumb2,41,0.9886590838432312,-0.01604093797504902,0.14931990206241608,0,0.0038700862787663937,0.9966700673103333,0.08144477754831314,0,-0.15012912452220917,-0.0799432322382927,0.9854289293289185,0,-3.675442934036255,-2.122009038925171,2.12201189994812,1
B43,mixamorig_RightHandThumb3,42,0.9993290305137634,-0.036597851663827896,-0.0015989600215107203,0,0.036553144454956055,0.9990829825401306,-0.022311709821224213,0,0.002414053538814187,0.022238286212086678,0.999750018119812,0,-3.394357919692993,-1.95974600315094,1.959792971611023,1
B44,mixamorig_RightHandThumb4,43,1,0,0,0,0,1,0,0,0,0,1,0,-2.6794040203094482,-1.5469460487365723,1.5469199419021606,1
B45,mixamorig_RightHandIndex1,36,0.9979199767112732,-0.06398598104715347,-0.007794009521603584,0,0.06398601830005646,0.9979510307312012,-0.00024961348390206695,0,0.007794016040861607,-0.0002496135130058974,0.9999700784683228,0,-12.266615867614746,-0.231673002243042,2.8220560550689697,1
B46,mixamorig_RightHandIndex2,45,1,9.986282520912937e-7,0,0,-9.986282520912937e-7,1,0,0,0,0,1,0,-3.8919670581817627,0,0.000037999998312443495,1
B47,mixamorig_RightHandIndex3,46,1,0,0,0,0,1,0,0,0,0,1,0,-3.415160894393921,0,-0.000009000000318337698,1
B48,mixamorig_RightHandIndex4,47,1,0,0,0,0,1,0,0,0,0,1,0,-3.077986001968384,-9.999999974752427e-7,-0.000009000000318337698,1
B49,mixamorig_RightHandRing1,36,0.9979199767112732,-0.06398598104715347,-0.007794009521603584,0,0.06398601830005646,0.9979510307312012,-0.00024961348390206695,0,0.007794016040861607,-0.0002496135130058974,0.9999700784683228,0,-12.147004127502441,0.009890999644994736,-2.2166309356689453,1
B50,mixamorig_RightHandRing2,49,1,0.0000019990854980278527,0,0,-0.0000019990854980278527,1,0,0,0,0,1,0,-3.6011910438537598,0,0.000035000000934815034,1
B51,mixamorig_RightHandRing3,50,1,0,0,0,0,1,0,0,0,0,1,0,-3.307317018508911,0.000003999999989900971,-0.00002099999983329326,1
B52,mixamorig_RightHandRing4,51,1,0,0,0,0,1,0,0,0,0,1,0,-3.6601150035858154,0.0000019999999949504854,9.999999974752427e-7,1
B53,mixamorig_RightHandPinky1,36,0.9979199767112732,-0.06398598104715347,-0.007794009521603584,0,0.06398601830005646,0.9979510307312012,-0.00024961348390206695,0,0.007794016040861607,-0.0002496135130058974,0.9999700784683228,0,-10.908193588256836,-0.2263689935207367,-4.725820064544678,1
B54,mixamorig_RightHandPinky2,53,1,0,0,0,0,1,0,0,0,0,1,0,-4.136651992797852,0,0.000025999999706982635,1
B55,mixamorig_RightHandPinky3,54,1,9.986282520912937e-7,0,0,-9.986282520912937e-7,1,0,0,0,0,1,0,-2.5948359966278076,-9.999999974752427e-7,-0.000037000001611886546,1
B56,mixamorig_RightHandPinky4,55,1,0,0,0,0,1,0,0,0,0,1,0,-2.9238688945770264,9.999999974752427e-7,0.000018999999156221747,1
B57,mixamorig_RightUpLeg,0,0.9771159291267395,-0.13614203035831451,0.16342897713184357,0,0.15287990868091583,0.9837080836296082,-0.09458166360855103,0,-0.14788997173309326,0.1174023449420929,0.9820109605789185,0,-9.1244535446167,-6.656397819519043,-0.05537800118327141,1
B58,mixamorig_RightLeg,57,0.9845219254493713,-0.13346892595291138,0.11358636617660522,0,0.07970421761274338,0.9181820154190063,0.38805899024009705,0,-0.15608669817447662,-0.3729991018772125,0.9146080017089844,0,-0.2446800023317337,-40.595436096191406,-0.5145279765129089,1
B59,mixamorig_RightFoot,58,0.9713890552520752,0.2374948114156723,-0.00018170427938457578,0,-0.2328602373600006,0.9522819519042969,-0.19732117652893066,0,-0.046689704060554504,0.19171787798404694,0.980338990688324,0,0.24466900527477264,-42.04787063598633,-2.0602309703826904,1
B60,mixamorig_RightToeBase,59,1,0,0,0,0,1,-9.986282520912937e-7,0,0,9.986282520912937e-7,1,0,-0.3733600080013275,-10.492194175720215,12.640663146972656,1
B61,mixamorig_RightToe_End,60,1,0,0,0,0,1,0,0,0,0,1,0,0,0,9.992521286010742,1
B62,mixamorig_LeftUpLeg,0,0.9878309965133667,0.05627438798546791,-0.1449916958808899,0,-0.0730806440114975,0.9908670783042908,-0.11332299560308456,0,0.1372903287410736,0.12254007160663605,0.9829219579696655,0,9.124452590942383,-6.656398773193359,-0.05537800118327141,1
B63,mixamorig_LeftLeg,62,0.9827160239219666,0.13042894005775452,-0.13136786222457886,0,-0.060123007744550705,0.896041989326477,0.4398789405822754,0,0.17508412897586823,-0.42437803745269775,0.8883969187736511,0,0.2446800023317337,-40.59540557861328,-0.517041027545929,1
B64,mixamorig_LeftFoot,63,0.9787489175796509,-0.18724218010902405,-0.08361614495515823,0,0.16031479835510254,0.9529239535331726,-0.2573621869087219,0,0.12786877155303955,0.2384878247976303,0.9626900553703308,0,-0.24467000365257263,-42.04800033569336,-2.05764102935791,1
B65,mixamorig_LeftToeBase,64,1,0,0,0,0,1,0,0,0,0,1,0,0.3733600080013275,-10.492193222045898,12.640664100646973,1
B66,mixamorig_LeftToe_End,65,1,0,0,0,0,1,0,0,0,0,1,0,0,9.999999974752427e-7,9.992521286010742,1
@52,0,1,2,3,4,5,9,10,11,12,13,14,15,17,18,19,21,22,23,25,26,27,29,30,31,33,34,35,36,37,38,39,41,42,43,45,46,47,49,50,51,53,54,55,57,58,59,60,62,63,64,65
K0,0.999193012714386,0.005875957198441029,0.039726000279188156,0,-0.003995043225586414,0.9988750219345093,-0.047261934727430344,0,-0.03995899856090546,0.047065068036317825,0.998091995716095,0,0.2321919947862625,96.68991088867188,0.14910699427127838,1,0.9998360872268677,-0.017794866114854813,0.0033819512464106083,0,0.017857134342193604,0.9996529817581177,-0.01937239058315754,0,-0.003036048961803317,0.019429611042141914,0.9998070001602173,0,0,9.92345905303955,-1.227334976196289,1,0.9998459815979004,-0.009893192909657955,0.01450412254780531,0,0.010212806053459644,0.9997029304504395,-0.02213013917207718,0,-0.014280876144766808,0.022274859249591827,0.9996500015258789,0,-0.00013899999612476677,11.645440101623535,-1.422340989112854,1,0.9998520016670227,-0.009050197899341583,0.014639214612543583,0,0.009372803382575512,0.9997109770774841,-0.02212103269994259,0,-0.014434785582125187,0.02225497178733349,0.9996479749679565,0,0.00009100000170292333,13.360203742980957,-1.6264599561691284,1,0.9999330639839172,0.009142149239778519,-0.00714503088966012,0,-0.010142849758267403,0.9877659678459167,-0.1556140035390854,0,0.005634969100356102,0.1556759774684906,0.9877920150756836,0,0.00002499999936844688,15.032490730285645,0.7929049730300903,1,0.9973739981651306,0.05939984321594238,-0.041433777660131454,0,-0.05899215489625931,0.9981980323791504,0.010995069518685341,0,0.04201222583651543,-0.008521930314600468,0.999081015586853,0,0.0000019999999949504854,10.321830749511719,3.1424291133880615,1,0.9752798676490784,0.2204553782939911,-0.015134983696043491,0,-0.22058363258838654,0.9753400683403015,-0.0073880539275705814,0,0.013133015483617783,0.010543947108089924,0.999858021736145,0,6.105823993682861,9.110424041748047,0.705551028251648,1,0.16475579142570496,-0.45190250873565674,0.8767207860946655,0,0.8387746214866638,0.5318646430969238,0.11652283370494843,0,-0.5189534425735474,0.7161728739738464,0.46667182445526123,0,12.655036926269531,-0.2659339904785156,-2.600922107696533,1,0.08718131482601166,-0.11046255379915237,0.9900490045547485,0,-0.11046455055475235,0.9866321086883545,0.11980855464935303,0,-0.9900489449501038,-0.11981043964624405,0.07381372153759003,0,27.40468406677246,0.00003899999865097925,0.000007000000096013537,1,0.78740394115448,0.6129290461540222,0.06567192822694778,0,-0.5838599801063538,0.7757219672203064,-0.239507257938385,0,-0.19774405658245087,0.15024571120738983,0.9686710238456726,0,27.614463806152344,0.000029000000722589903,0.000019999999494757503,1,0.9999999403953552,0.0002789999998640269,0.00003400000059627928,0,-0.0002789999998640269,0.9999999403953552,0,0,-0.00003400000059627928,0,1,0,12.77552318572998,0.000012999999853491317,0.000019999999494757503,1,0.9999999403953552,-0.0002789999998640269,-0.00003400000059627928,0,0.0002789999998640269,0.9999999403953552,0,0,0.00003400000059627928,0,1,0,3.613970994949341,0.000003000000106112566,0.0000019999999949504854,1,1,0,0,0,0,1,0,0,0,0,1,0,3.4597599506378174,0,-0.000025999999706982635,1,0.9511269330978394,0.2948392331600189,-0.09179992228746414,0,-0.2932337522506714,0.955544114112854,0.030821077525615692,0,0.09680607914924622,-0.002395921153947711,0.9952999353408813,0,3.7888100147247314,-2.166996955871582,3.0030879974365234,1,0.9873189926147461,0.08703295141458511,-0.1327657848596573,0,-0.08549203723669052,0.9961889982223511,0.017273733392357826,0,0.13376320898532867,-0.005704267416149378,0.9909970164299011,0,3.675442934036255,-2.1220080852508545,2.12201189994812,1,0.9966620206832886,0.07576283067464828,-0.030402403324842453,0,-0.07694917172193527,0.9962339997291565,-0.039957959204912186,0,0.027260592207312584,0.042164042592048645,0.9987389445304871,0,3.3943591117858887,-1.9597439765930176,1.959792971611023,1,1,0,0,0,0,1,0,0,0,0,1,0,12.26661491394043,-0.23166899383068085,2.8220579624176025,1,1,-0.0000019999999949504854,0,0,0.0000019999999949504854,1,0,0,0,0,1,0,3.8919670581817627,0.0000019999999949504854,0.00003899999865097925,1,1,0,0,0,0,1,0,0,0,0,1,0,3.415160894393921,0,-0.000009000000318337698,1,1,0,0,0,0,1,0,0,0,0,1,0,12.147005081176758,0.00989499967545271,-2.2166290283203125,1,1,0,0,0,0,1,0,0,0,0,1,0,3.6011910438537598,0.0000019999999949504854,0.000035000000934815034,1,1,0,0,0,0,1,0,0,0,0,1,0,3.307317018508911,0.000004999999873689376,-0.00002099999983329326,1,0.9974579215049744,0.008894002996385098,-0.07070201635360718,0,-0.008893998339772224,0.9999600052833557,0.00031481191399507225,0,0.0707019791007042,0.00031481191399507225,0.997497022151947,0,10.908194541931152,-0.22636500000953674,-4.725818157196045,1,0.9974580407142639,-0.008894002065062523,0.07070101797580719,0,0.00889399740844965,0.9999600052833557,0.0003148074320051819,0,-0.07070097327232361,0.00031480746110901237,0.997497022151947,0,4.136651992797852,0.0000019999999949504854,0.00002700000004551839,1,1,0,0,0,0,1,0,0,0,0,1,0,2.5948359966278076,0,-0.00003600000127335079,1,0.9880759716033936,-0.07846417278051376,0.1324731558561325,0,0.07970082759857178,0.9968109726905823,-0.004050040151923895,0,-0.13173283636569977,0.01455995999276638,0.991178035736084,0,-6.105696201324463,9.110508918762207,0.7055630087852478,1,0.04338866099715233,0.39931681752204895,-0.9157861471176147,0,-0.8401128649711609,0.5106580853462219,0.1828625202178955,0,0.540673553943634,0.7614294290542603,0.35762783885002136,0,-12.655040740966797,-0.2660210132598877,-2.600895881652832,1,0.17027626931667328,0.10040778666734695,-0.9802669286727905,0,0.10040578246116638,0.98785001039505,0.11862539499998093,0,0.980268120765686,-0.11862362176179886,0.15812595188617706,0,-27.40468406677246,0.00003300000025774352,0.000004999999873689376,1,0.8777180314064026,-0.45643678307533264,-0.1458641141653061,0,0.3671722114086151,0.8362299799919128,-0.40731367468833923,0,0.30788886547088623,0.3039492666721344,0.90156489610672,0,-27.614463806152344,0.00002300000051036477,0.000018000000636675395,1,0.9979199767112732,-0.06398598104715347,-0.007793996948748827,0,0.06398601830005646,0.9979510307312012,-0.000249613105552271,0,0.007794003468006849,-0.000249613105552271,0.9999700784683228,0,-12.77552318572998,0.000009000000318337698,0.000018000000636675395,1,1,0,0,0,0,1,0,0,0,0,1,0,-3.613970994949341,0.000003000000106112566,0.000003000000106112566,1,1,0,0,0,0,1,0,0,0,0,1,0,-3.4597599506378174,0,-0.000025999999706982635,1,0.9098139405250549,-0.35751020908355713,0.21076995134353638,0,0.40222784876823425,0.8846989274024963,-0.23562945425510406,0,-0.10222803801298141,0.2991565465927124,0.9487121105194092,0,-3.788809061050415,-2.1669979095458984,3.003087043762207,1,0.9886590838432312,-0.016040924936532974,0.14931990206241608,0,0.0038700748700648546,0.9966700673103333,0.08144477009773254,0,-0.15012912452220917,-0.0799432322382927,0.9854289293289185,0,-3.675442934036255,-2.122009038925171,2.12201189994812,1,0.9993290305137634,-0.036597851663827896,-0.0015989532694220543,0,0.036553144454956055,0.9990829825401306,-0.022311709821224213,0,0.002414046786725521,0.022238286212086678,0.999750018119812,0,-3.394357919692993,-1.95974600315094,1.959792971611023,1,0.9979199767112732,-0.06398598104715347,-0.007793996948748827,0,0.06398601830005646,0.9979510307312012,-0.000249613105552271,0,0.007794003468006849,-0.000249613105552271,0.9999700784683228,0,-12.266615867614746,-0.231673002243042,2.8220560550689697,1,1,0,0,0,0,1,0,0,0,0,1,0,-3.8919670581817627,0,0.000037999998312443495,1,1,0,0,0,0,1,0,0,0,0,1,0,-3.415160894393921,0,-0.000009000000318337698,1,0.9979199767112732,-0.06398598104715347,-0.007793996948748827,0,0.06398601830005646,0.9979510307312012,-0.000249613105552271,0,0.007794003468006849,-0.000249613105552271,0.9999700784683228,0,-12.147004127502441,0.009890999644994736,-2.2166309356689453,1,1,0.0000019999999949504854,0,0,-0.0000019999999949504854,1,0,0,0,0,1,0,-3.6011910438537598,0,0.000035000000934815034,1,1,0,0,0,0,1,0,0,0,0,1,0,-3.307317018508911,0.000003999999989900971,-0.00002099999983329326,1,0.9979199767112732,-0.06398598104715347,-0.007793996948748827,0,0.06398601830005646,0.9979510307312012,-0.000249613105552271,0,0.007794003468006849,-0.000249613105552271,0.9999700784683228,0,-10.908193588256836,-0.2263689935207367,-4.725820064544678,1,1,0,0,0,0,1,0,0,0,0,1,0,-4.136651992797852,0,0.000025999999706982635,1,1,0,0,0,0,1,0,0,0,0,1,0,-2.5948359966278076,0,-0.000037000001611886546,1,0.9771159291267395,-0.1361420601606369,0.16342900693416595,0,0.15287993848323822,0.9837080836296082,-0.09458164870738983,0,-0.14789000153541565,0.1174023449420929,0.9820109605789185,0,-9.1244535446167,-6.656397819519043,-0.05537800118327141,1,0.9845219850540161,-0.1334688514471054,0.11358635127544403,0,0.0797041654586792,0.9181820750236511,0.38805893063545227,0,-0.15608665347099304,-0.3729991018772125,0.9146080613136292,0,-0.2446800023317337,-40.595436096191406,-0.5145279765129089,1,0.9713890552520752,0.2374947965145111,-0.000181701107067056,0,-0.23286022245883942,0.9522820115089417,-0.19732114672660828,0,-0.04668969660997391,0.19171784818172455,0.980338990688324,0,0.24466900527477264,-42.04787063598633,-2.0602309703826904,1,1,0,0,0,0,1,0,0,0,0,1,0,-0.3733600080013275,-10.492194175720215,12.640663146972656,1,0.9878309965133667,0.05627437308430672,-0.1449916809797287,0,-0.0730806291103363,0.9908670783042908,-0.11332297325134277,0,0.13729031383991241,0.12254004180431366,0.9829219579696655,0,9.124452590942383,-6.656398773193359,-0.05537800118327141,1,0.9827160239219666,0.1304289698600769,-0.13136786222457886,0,-0.06012303754687309,0.896041989326477,0.4398789405822754,0,0.17508412897586823,-0.42437803745269775,0.8883969187736511,0,0.2446800023317337,-40.59540557861328,-0.517041027545929,1,0.9787489175796509,-0.18724219501018524,-0.08361618965864182,0,0.16031479835510254,0.9529239535331726,-0.2573621869087219,0,0.12786881625652313,0.2384878247976303,0.9626900553703308,0,-0.24467000365257263,-42.04800033569336,-2.05764102935791,1,1,0,0,0,0,1,0,0,0,0,1,0,0.3733600080013275,-10.492193222045898,12.640664100646973,1
K0.033,0.9991869926452637,0.005822088569402695,0.03990522399544716,0,-0.003949910867959261,0.9988949298858643,-0.046834856271743774,0,-0.0401337668299675,0.04663911834359169,0.998104989528656,0,0.24403108656406403,96.68675994873047,0.13565483689308167,1,0.9998250007629395,-0.0184390377253294,0.003114012535661459,0,0.018496980890631676,0.9996340274810791,-0.019734937697649002,0,-0.002748979488387704,0.019789081066846848,0.9998000264167786,0,0,9.92345905303955,-1.227334976196289,1,0.9998409748077393,-0.011022713035345078,0.013999372720718384,0,0.011330309323966503,0.9996919631958008,-0.02208596095442772,0,-0.013751614838838577,0.02224106714129448,0.9996579885482788,0,-0.00013899999612476677,11.645440101623535,-1.422340989112854,1,0.999847948551178,-0.010160882957279682,0.014170712791383266,0,0.010472138412296772,0.9997020363807678,-0.02206599898636341,0,-0.013942274264991283,0.02221103198826313,0.9996560215950012,0,0.00009100000170292333,13.360203742980957,-1.6264599561691284,1,0.9999520182609558,0.007743095047771931,-0.005989249795675278,0,-0.008583865128457546,0.9876829981803894,-0.15623503923416138,0,0.004705736879259348,0.15627893805503845,0.9877020120620728,0,0.00002499999936844688,15.032490730285645,0.7929049730300903,1,0.9977399706840515,0.057597815990448,-0.03458999842405319,0,-0.05739116668701172,0.9983280301094055,0.006939905695617199,0,0.03493187576532364,-0.0049390592612326145,0.9993770122528076,0,0.0000019999999949504854,10.321830749511719,3.1424291133880615,1,0.97593092918396,0.21711599826812744,-0.020492181181907654,0,-0.2173028290271759,0.976076066493988,-0.00736007746309042,0,0.01840394176542759,0.011635938659310341,0.999763011932373,0,6.105823993682861,9.110424041748047,0.705551028251648,1,0.19584734737873077,-0.4548880457878113,0.8687468767166138,0,0.8462900519371033,0.5259590148925781,0.08461473137140274,0,-0.4954155683517456,0.7186403274536133,0.4879749119281769,0,12.655036926269531,-0.2659339904785156,-2.600922107696533,1,0.0862533301115036,-0.1105756163597107,0.9901179671287537,0,-0.1105746254324913,0.9866189956665039,0.11981746554374695,0,-0.9901180863380432,-0.11981657892465591,0.07287231832742691,0,27.40468406677246,0.00003899999865097925,0.000007000000096013537,1,0.7975503206253052,0.6016006469726562,0.04462375491857529,0,-0.5781925916671753,0.783423125743866,-0.2279084324836731,0,-0.17206907272338867,0.15596725046634674,0.9726600050926208,0,27.614463806152344,0.000029000000722589903,0.000019999999494757503,1,0.9999999403953552,0.0002789999998640269,0.00003400000059627928,0,-0.0002789999998640269,0.9999999403953552,0,0,-0.00003400000059627928,0,1,0,12.77552318572998,0.000012999999853491317,0.000019999999494757503,1,0.9999999403953552,-0.0002789999998640269,-0.00003400000059627928,0,0.0002789999998640269,0.9999999403953552,0,0,0.00003400000059627928,0,1,0,3.613970994949341,0.000003000000106112566,0.0000019999999949504854,1,1,0,0,0,0,1,0,0,0,0,1,0,3.4597599506378174,0,-0.000025999999706982635,1,0.9511270523071289,0.2948397994041443,-0.09180042892694473,0,-0.2932341992855072,0.9555439352989197,0.030821174383163452,0,0.09680657088756561,-0.0023958261590451,0.9953000545501709,0,3.7888100147247314,-2.166996955871582,3.0030879974365234,1,0.9873190522193909,0.08703199028968811,-0.1327657699584961,0,-0.08549100160598755,0.9961889982223511,0.017274165526032448,0,0.13376322388648987,-0.005704835057258606,0.9909970164299011,0,3.675442934036255,-2.1220080852508545,2.12201189994812,1,0.9966620206832886,0.07576281577348709,-0.030402904376387596,0,-0.07694918662309647,0.9962339997291565,-0.03995794057846069,0,0.027261093258857727,0.04216406121850014,0.9987389445304871,0,3.3943591117858887,-1.9597439765930176,1.959792971611023,1,1,0,0,0,0,1,0,0,0,0,1,0,12.26661491394043,-0.23166899383068085,2.8220579624176025,1,1,0,0,0,0,1,0,0,0,0,1,0,3.8919670581817627,0.0000019999999949504854,0.00003899999865097925,1,1,0,0,0,0,1,0,0,0,0,1,0,3.415160894393921,0,-0.000009000000318337698,1,1,0,0,0,0,1,0,0,0,0,1,0,12.147005081176758,0.00989499967545271,-2.2166290283203125,1,1,0,0,0,0,1,0,0,0,0,1,0,3.6011910438537598,0.0000019999999949504854,0.000035000000934815034,1,1,0,0,0,0,1,0,0,0,0,1,0,3.307317018508911,0.000004999999873689376,-0.00002099999983329326,1,0.9974579215049744,0.008894002996385098,-0.07070201635360718,0,-0.008893998339772224,0.9999600052833557,0.00031481191399507225,0,0.0707019791007042,0.00031481191399507225,0.997497022151947,0,10.908194541931152,-0.22636500000953674,-4.725818157196045,1,0.9974579215049744,-0.008894002996385098,0.07070201635360718,0,0.008893998339772224,0.9999600052833557,0.00031481191399507225,0,-0.0707019791007042,0.00031481191399507225,0.997497022151947,0,4.136651992797852,0.0000019999999949504854,0.00002700000004551839,1,1,0,0,0,0,1,0,0,0,0,1,0,2.5948359966278076,0,-0.00003600000127335079,1,0.987733006477356,-0.07663697004318237,0.13605105876922607,0,0.07797101140022278,0.9969450235366821,-0.004496053326874971,0,-0.1352909952402115,0.015048954635858536,0.9906919598579407,0,-6.105696201324463,9.110508918762207,0.7055630087852478,1,0.07889723777770996,0.4061381220817566,-0.9103989601135254,0,-0.8656802177429199,0.4807787239551544,0.13945841789245605,0,0.49434033036231995,0.7771122455596924,0.38951823115348816,0,-12.655040740966797,-0.2660210132598877,-2.600895881652832,1,0.17350932955741882,0.10001565515995026,-0.9797399640083313,0,0.10001765936613083,0.9878969788551331,0.11856121569871902,0,0.9797400236129761,-0.11856276541948318,0.1614059954881668,0,-27.40468406677246,0.00003300000025774352,0.000004999999873689376,1,0.8827940821647644,-0.4205019772052765,-0.20941206812858582,0,0.3192892372608185,0.864088237285614,-0.38910916447639465,0,0.34457162022590637,0.2766402065753937,0.8970736265182495,0,-27.614463806152344,0.00002300000051036477,0.000018000000636675395,1,0.9979199767112732,-0.06398598104715347,-0.007794013246893883,0,0.06398602575063705,0.9979510307312012,-0.0002491131017450243,0,0.007793987635523081,-0.0002501131093595177,0.9999700784683228,0,-12.77552318572998,0.000009000000318337698,0.000018000000636675395,1,1,0,0,0,0,1,0,0,0,0,1,0,-3.613970994949341,0.000003000000106112566,0.000003000000106112566,1,1,0,0,0,0,1,0,0,0,0,1,0,-3.4597599506378174,0,-0.000025999999706982635,1,0.9098150134086609,-0.35750994086265564,0.2107698917388916,0,0.4022270143032074,0.8846989870071411,-0.23562903702259064,0,-0.10222810506820679,0.29915598034858704,0.9487119317054749,0,-3.788809061050415,-2.1669979095458984,3.003087043762207,1,0.9886590242385864,-0.01604192517697811,0.1493198573589325,0,0.003871074179187417,0.9966700077056885,0.08144484460353851,0,-0.15012915432453156,-0.07994315028190613,0.9854289293289185,0,-3.675442934036255,-2.122009038925171,2.12201189994812,1,0.9993290305137634,-0.036597851663827896,-0.0015989439561963081,0,0.036553144454956055,0.9990829825401306,-0.022312210872769356,0,0.00241405563428998,0.02223878726363182,0.999750018119812,0,-3.394357919692993,-1.95974600315094,1.959792971611023,1,0.9979199767112732,-0.06398598104715347,-0.007794013246893883,0,0.06398602575063705,0.9979510307312012,-0.0002491131017450243,0,0.007793987635523081,-0.0002501131093595177,0.9999700784683228,0,-12.266615867614746,-0.231673002243042,2.8220560550689697,1,1,0,0,0,0,1,0,0,0,0,1,0,-3.8919670581817627,0,0.000037999998312443495,1,1,0,0,0,0,1,0,0,0,0,1,0,-3.415160894393921,0,-0.000009000000318337698,1,0.9979199767112732,-0.06398598104715347,-0.007794013246893883,0,0.06398602575063705,0.9979510307312012,-0.0002491131017450243,0,0.007793987635523081,-0.0002501131093595177,0.9999700784683228,0,-12.147004127502441,0.009890999644994736,-2.2166309356689453,1,1,0.0000010000100019169622,0,0,-0.0000010000100019169622,1,0,0,0,0,1,0,-3.6011910438537598,0,0.000035000000934815034,1,1,0,0,0,0,1,0,0,0,0,1,0,-3.307317018508911,0.000003999999989900971,-0.00002099999983329326,1,0.9979199767112732,-0.06398598104715347,-0.007794013246893883,0,0.06398602575063705,0.9979510307312012,-0.0002491131017450243,0,0.007793987635523081,-0.0002501131093595177,0.9999700784683228,0,-10.908193588256836,-0.2263689935207367,-4.725820064544678,1,1,0,0,0,0,1,0,0,0,0,1,0,-4.136651992797852,0,0.000025999999706982635,1,1,0,0,0,0,1,0,0,0,0,1,0,-2.5948359966278076,0,-0.000037000001611886546,1,0.977138876914978,-0.13604828715324402,0.16337430477142334,0,0.1528957188129425,0.9836310148239136,-0.09535790979862213,0,-0.14772669970989227,0.11815711110830307,0.9819449782371521,0,-9.1244535446167,-6.656397819519043,-0.05537800118327141,1,0.9843969941139221,-0.13389387726783752,0.11416710168123245,0,0.07983113080263138,0.91805100440979,0.38834211230278015,0,-0.15680794417858124,-0.3731689155101776,0.9144160747528076,0,-0.2446800023317337,-40.595436096191406,-0.5145279765129089,1,0.9713540077209473,0.23763498663902283,-0.0009291856549680233,0,-0.23315204679965973,0.9522589445114136,-0.19708813726902008,0,-0.04595017805695534,0.1916588544845581,0.9803850054740906,0,0.24466900527477264,-42.04787063598633,-2.0602309703826904,1,1,0,0,0,0,1,0,0,0,0,1,0,-0.3733600080013275,-10.492194175720215,12.640663146972656,1,0.9878279566764832,0.05631134286522865,-0.14500001072883606,0,-0.07324066013097763,0.990755021572113,-0.1141960620880127,0,0.13722898066043854,0.12342598289251328,0.9828200340270996,0,9.124452590942383,-6.656398773193359,-0.05537800118327141,1,0.9827290177345276,0.1303299218416214,-0.1313689798116684,0,-0.05993408337235451,0.8958099484443665,0.44037699699401855,0,0.17507599294185638,-0.4248979389667511,0.8881499767303467,0,0.2446800023317337,-40.59540557861328,-0.517041027545929,1,0.9787540435791016,-0.18716003000736237,-0.08373068273067474,0,0.16019298136234283,0.9529151320457458,-0.2574695646762848,0,0.12797632813453674,0.2385864555835724,0.9626518487930298,0,-0.24467000365257263,-42.04800033569336,-2.05764102935791,1,1,0,0,0,0,1,0,0,0,0,1,0,0.3733600080013275,-10.492193222045898,12.640664100646973,1
