4.933,30,148,67
B0,mixamorig_Hips,-1,0.9835669994354248,-0.0054790000431239605,0.18045799434185028,0,-0.002248999895527959,0.9990900158882141,0.04259499907493591,0,-0.180527001619339,-0.0423009991645813,0.9826599955558777,0,-0.1681089997291565,90.37755584716797,0.232681006193161,1
B1,mixamorig_Spine,0,0.9997069835662842,-0.003367000026628375,-0.02398799918591976,0,0.0053090001456439495,0.9966719746589661,0.08134400099515915,0,0.02363399975001812,-0.08144800364971161,0.9963970184326172,0,9.999999974752427e-7,9.92345905303955,-1.227334976196289,1
B2,mixamorig_Spine1,1,0.9990950226783752,0.0013150000013411045,-0.042504001408815384,0,-0.0018820000113919377,0.9999099969863892,-0.013306999579071999,0,0.042482998222112656,0.013375000096857548,0.9990079998970032,0,-0.00013899999612476677,11.645440101623535,-1.422340989112854,1
B3,mixamorig_Spine2,2,0.9990879893302917,0.0015979999443516135,-0.0426659993827343,0,-0.00216299993917346,0.9999110102653503,-0.01319700013846159,0,0.04264099895954132,0.013276999816298485,0.9990019798278809,0,0.00009100000170292333,13.360203742980957,-1.6264599561691284,1
B4,mixamorig_Neck,3,0.9980949759483337,-0.054131001234054565,-0.029597999528050423,0,0.06074700132012367,0.9460390210151672,0.3183070123195648,0,0.010770999826490879,-0.3194989860057831,0.9475250244140625,0,0.00002499999936844688,15.032490730285645,0.7929049730300903,1
B5,mixamorig_Head,4,0.9193620085716248,-0.20310400426387787,-0.3369309902191162,0,0.2308579981327057,0.971992015838623,0.04400499910116196,0,0.3185569941997528,-0.11823900043964386,0.940500020980835,0,0.0000019999999949504854,10.321830749511719,3.1424291133880615,1
B6,mixamorig_HeadTop_End,5,1,0,0,0,0,1,0,0,0,0,1,0,0.0001539999939268455,18.474672317504883,6.636398792266846,1
B7,mixamorig_LeftEye,5,1,0,0,0,0,1,0,0,0,0,1,0,2.9479150772094727,7.681746006011963,9.120731353759766,1
B8,mixamorig_RightEye,5,1,0,0,0,0,1,0,0,0,0,1,0,-2.9444808959960938,7.681746006011963,9.120495796203613,1
B9,mixamorig_LeftShoulder,3,0.8509780168533325,-0.2579460144042969,0.45749399065971375,0,0.23208799958229065,0.9661080241203308,0.1130089983344078,0,-0.47113901376724243,0.010010000318288803,0.8820019960403442,0,6.105823993682861,9.110424041748047,0.705551028251648,1
B10,mixamorig_LeftArm,9,0.6524329781532288,-0.6644359827041626,-0.3644930124282837,0,0.5408689975738525,0.745136022567749,-0.39017000794410706,0,0.5308399796485901,0.05741700157523155,0.8455250263214111,0,12.655036926269531,-0.2659339904785156,-2.600922107696533,1
B11,mixamorig_LeftForeArm,10,0.29245901107788086,0,0.9562780261039734,0,0,1,0,0,-0.9562780261039734,0,0.29245901107788086,0,27.40468406677246,0.00003899999865097925,0.000007000000096013537,1
B12,mixamorig_LeftHand,11,0.9762349724769592,-0.02297299914062023,0.2154950052499771,0,0.21232600510120392,0.3005239963531494,-0.9298400282859802,0,-0.04340000078082085,0.9534980058670044,0.2982589900493622,0,27.614463806152344,0.000029000000722589903,0.000019999999494757503,1
B13,mixamorig_LeftHandMiddle1,12,0.4851509928703308,-0.8681560158729553,-0.10456299781799316,0,0.8681449890136719,0.49251899123191833,-0.061230000108480453,0,0.10465700179338455,-0.061069998890161514,0.9926319718360901,0,12.77552318572998,0.000012999999853491317,0.000019999999494757503,1
B14,mixamorig_LeftHandMiddle2,13,0.5848600268363953,-0.805296003818512,-0.09714099764823914,0,0.805296003818512,0.5908139944076538,-0.049359001219272614,0,0.09714099764823914,-0.049359001219272614,0.9940459728240967,0,3.613970994949341,0.000003000000106112566,0.0000019999999949504854,1
B15,mixamorig_LeftHandMiddle3,14,0.8550220131874084,-0.5148590207099915,-0.062105998396873474,0,0.5148590207099915,0.8571019768714905,-0.017237000167369843,0,0.062105998396873474,-0.01723800040781498,0.9979209899902344,0,3.4597599506378174,9.999999974752427e-7,-0.000025999999706982635,1
B16,mixamorig_LeftHandMiddle4,15,1,0,0,0,0,1,0,0,0,0,1,0,3.680191993713379,0,0.00003300000025774352,1
B17,mixamorig_LeftHandThumb1,12,0.9669809937477112,0.116348996758461,-0.22673900425434113,0,-0.14973799884319305,0.9793189764022827,-0.13606500625610352,0,0.20621800422668457,0.1655229926109314,0.9644039869308472,0,3.7888100147247314,-2.166996955871582,3.0030879974365234,1
B18,mixamorig_LeftHandThumb2,17,0.991562008857727,-0.11821199953556061,-0.053199999034404755,0,0.11410000175237656,0.9906610250473022,-0.07463899999856949,0,0.06152600049972534,0.06793899834156036,0.9957910180091858,0,3.675442934036255,-2.1220080852508545,2.12201189994812,1
B19,mixamorig_LeftHandThumb3,18,0.9895049929618835,0.0393729992210865,0.13902799785137177,0,-0.04067699983716011,0.9991509914398193,0.006544000003486872,0,-0.1386519968509674,-0.012129999697208405,0.9902669787406921,0,3.3943591117858887,-1.9597439765930176,1.959792971611023,1
B20,mixamorig_LeftHandThumb4,19,1,0,0,0,0,1,0,0,0,0,1,0,2.6794040203094482,-1.5469449758529663,1.5469199419021606,1
B21,mixamorig_LeftHandIndex1,12,0.7573540210723877,-0.6489030122756958,-0.07307499647140503,0,0.6487619876861572,0.7604429721832275,-0.028889000415802002,0,0.07431499660015106,-0.025529000908136368,0.9969080090522766,0,12.26661491394043,-0.23166899383068085,2.8220579624176025,1
B22,mixamorig_LeftHandIndex2,21,0.16719099879264832,-0.978829026222229,-0.11807399988174438,0,0.978829026222229,0.1791359931230545,-0.09901899844408035,0,0.11807399988174438,-0.09901899844408035,0.9880560040473938,0,3.8919670581817627,0.0000019999999949504854,0.00003899999865097925,1
B23,mixamorig_LeftHandIndex3,22,0.9451649785041809,-0.3242419958114624,-0.03911300003528595,0,0.3242419958114624,0.9459519982337952,-0.006519999820739031,0,0.03911300003528595,-0.006519999820739031,0.9992139935493469,0,3.415160894393921,9.999999974752427e-7,-0.000009000000318337698,1
B24,mixamorig_LeftHandIndex4,23,1,0,0,0,0,1,0,0,0,0,1,0,3.077986001968384,0,-0.000009000000318337698,1
B25,mixamorig_LeftHandRing1,12,0.6126229763031006,-0.784546971321106,-0.09580700099468231,0,0.7846050262451172,0.6182860136032104,-0.046004001051187515,0,0.09532900154590607,-0.046987999230623245,0.9943360090255737,0,12.147005081176758,0.00989499967545271,-2.2166290283203125,1
B26,mixamorig_LeftHandRing2,25,-0.04459099844098091,-0.9918149709701538,-0.11964000016450882,0,0.9918149709701538,-0.02960900031030178,-0.12419900298118591,0,0.11964000016450882,-0.12419900298118591,0.9850180149078369,0,3.6011910438537598,0.0000019999999949504854,0.000035000000934815034,1
B27,mixamorig_LeftHandRing3,26,0.7161179780960083,-0.6929559707641602,-0.08359000086784363,0,0.6929550170898438,0.7201899886131287,-0.03375300019979477,0,0.08359000086784363,-0.03375300019979477,0.9959279894828796,0,3.307317018508911,0.000004999999873689376,-0.00002099999983329326,1
B28,mixamorig_LeftHandRing4,27,1,0,0,0,0,1,0,0,0,0,1,0,3.6601150035858154,0.000003000000106112566,0,1
B29,mixamorig_LeftHandPinky1,12,0.7322250008583069,-0.6639509797096252,-0.1517069935798645,0,0.667917013168335,0.7436040043830872,-0.030657999217510223,0,0.13316500186920166,-0.07887899875640869,0.9879500269889832,0,10.908194541931152,-0.22636500000953674,-4.725818157196045,1
B30,mixamorig_LeftHandPinky2,29,0.12624900043010712,-0.9858999848365784,-0.10982999950647354,0,0.9908490180969238,0.13065700232982635,-0.03387700021266937,0,0.04774999991059303,-0.10454799979925156,0.9933729767799377,0,4.136651992797852,0.0000019999999949504854,0.00002700000004551839,1
B31,mixamorig_LeftHandPinky3,30,0.6947330236434937,-0.7140910029411316,-0.0861390009522438,0,0.7140910029411316,0.6991109848022461,-0.036295998841524124,0,0.0861390009522438,-0.036295000463724136,0.9956219792366028,0,2.5948359966278076,0,-0.00003600000127335079,1
B32,mixamorig_LeftHandPinky4,31,1,0,0,0,0,1,0,0,0,0,1,0,2.9238688945770264,9.999999974752427e-7,0.000018999999156221747,1
B33,mixamorig_RightShoulder,3,0.9989110231399536,-0.0025770000647753477,-0.04659000039100647,0,0.0028029999230057,0.9999849796295166,0.004780999850481749,0,0.04657699912786484,-0.004906000103801489,0.9989029765129089,0,-6.105696201324463,9.110508918762207,0.7055630087852478,1
B34,mixamorig_RightArm,33,0.5506500005722046,0.8286629915237427,-0.10051199793815613,0,-0.5247520208358765,0.43728700280189514,0.730351984500885,0,0.6491680145263672,-0.34942498803138733,0.6756349802017212,0,-12.655040740966797,-0.2660210132598877,-2.600895881652832,1
B35,mixamorig_RightForeArm,34,0.13978900015354156,0,-0.990181028842926,0,-9.999999974752427e-7,1,0,0,0.990181028842926,9.999999974752427e-7,0.13978900015354156,0,-27.40468406677246,0.00003300000025774352,0.000004999999873689376,1
B36,mixamorig_RightHand,35,0.9813029766082764,-0.14270499348640442,-0.12914800643920898,0,0.10914299637079239,0.9652820229530334,-0.23731300234794617,0,0.15852999687194824,0.2187809944152832,0.9628099799156189,0,-27.614463806152344,0.00002300000051036477,0.000018000000636675395,1
B37,mixamorig_RightHandMiddle1,36,0.901203989982605,0.4270690083503723,-0.07377800345420837,0,-0.42894798517227173,0.9032620191574097,-0.011037000454962254,0,0.06192699819803238,0.041593000292778015,0.9972140192985535,0,-12.77552318572998,0.000009000000318337698,0.000018000000636675395,1
B38,mixamorig_RightHandMiddle2,37,0.7698240280151367,0.6335729956626892,0.0771780014038086,0,-0.6335729956626892,0.7731900215148926,-0.027628999203443527,0,-0.0771780014038086,-0.027628999203443527,0.9966340065002441,0,-3.613970994949341,0.000003000000106112566,0.000003000000106112566,1
B39,mixamorig_RightHandMiddle3,38,0.9765110015869141,0.21388700604438782,0.026055999100208282,0,-0.21392099559307098,0.9768499732017517,-0.0015190000412985682,0,-0.025776999071240425,-0.004091000184416771,0.99965900182724,0,-3.4597599506378174,0,-0.000025999999706982635,1
B40,mixamorig_RightHandMiddle4,39,1,0,0,0,0,1,0,0,0,0,1,0,-3.680191993713379,-9.999999974752427e-7,0.00003300000025774352,1
B41,mixamorig_RightHandThumb1,36,0.9303100109100342,0.21768300235271454,0.2951889932155609,0,-0.19792500138282776,0.9755420088768005,-0.09562499821186066,0,-0.30878499150276184,0.030534999445080757,0.9506409764289856,0,-3.788809061050415,-2.1669979095458984,3.003087043762207,1
B42,mixamorig_RightHandThumb2,41,0.9390349984169006,-0.04400699958205223,0.3409929871559143,0,-0.02849699929356575,0.9784010052680969,0.20474399626255035,0,-0.3426379859447479,-0.20197899639606476,0.9174990057945251,0,-3.675442934036255,-2.122009038925171,2.12201189994812,1
B43,mixamorig_RightHandThumb3,42,0.9764990210533142,-0.04122599959373474,0.21154199540615082,0,0.00800199992954731,0.9877930283546448,0.15556600689888,0,-0.2153729945421219,-0.1502169966697693,0.964909017086029,0,-3.394357919692993,-1.95974600315094,1.959792971611023,1
B44,mixamorig_RightHandThumb4,43,1,0,0,0,0,1,0,0,0,0,1,0,-2.6794040203094482,-1.5469460487365723,1.5469199419021606,1
B45,mixamorig_RightHandIndex1,36,0.5938850045204163,0.8040040135383606,0.02964800037443638,0,-0.8025209903717041,0.5946000218391418,-0.04910299926996231,0,-0.05710799992084503,0.005369000136852264,0.9983540177345276,0,-12.266615867614746,-0.231673002243042,2.8220560550689697,1
B46,mixamorig_RightHandIndex2,45,0.6047000288963318,0.7906090021133423,0.09630800038576126,0,-0.7906090021133423,0.610480010509491,-0.04744900017976761,0,-0.09630800038576126,-0.04744900017976761,0.9942200183868408,0,-3.8919670581817627,0,0.000037999998312443495,1
B47,mixamorig_RightHandIndex3,46,0.9886320233345032,0.14924900233745575,0.018180999904870987,0,-0.14924900233745575,0.988798975944519,-0.0013640000252053142,0,-0.018180999904870987,-0.0013650000328198075,0.9998340010643005,0,-3.415160894393921,0,-0.000009000000318337698,1
B48,mixamorig_RightHandIndex4,47,1,0,0,0,0,1,0,0,0,0,1,0,-3.077986001968384,-9.999999974752427e-7,-0.000009000000318337698,1
B49,mixamorig_RightHandRing1,36,0.9605910181999207,0.2772740125656128,-0.01962199993431568,0,-0.2774139940738678,0.960739016532898,-0.004776000045239925,0,0.01752699911594391,0.010030999779701233,0.9997959733009338,0,-12.147004127502441,0.009890999644994736,-2.2166309356689453,1
B50,mixamorig_RightHandRing2,49,0.8852049708366394,0.46178799867630005,0.05625300109386444,0,-0.46178799867630005,0.886883020401001,-0.013779000379145145,0,-0.05625300109386444,-0.013779000379145145,0.998320996761322,0,-3.6011910438537598,0,0.000035000000934815034,1
B51,mixamorig_RightHandRing3,50,0.9721090197563171,0.23280799388885498,0.0283649992197752,0,-0.23286500573158264,0.9725080132484436,-0.0013310000067576766,0,-0.0278949998319149,-0.005311999935656786,0.9995970129966736,0,-3.307317018508911,0.000003999999989900971,-0.00002099999983329326,1
B52,mixamorig_RightHandRing4,51,1,0,0,0,0,1,0,0,0,0,1,0,-3.6601150035858154,0.0000019999999949504854,9.999999974752427e-7,1
B53,mixamorig_RightHandPinky1,36,0.9631360173225403,0.2669680118560791,0.033107999712228775,0,-0.26698198914527893,0.9636930227279663,-0.004095000214874744,0,-0.03299900144338608,-0.004894999787211418,0.999442994594574,0,-10.908193588256836,-0.2263689935207367,-4.725820064544678,1
B54,mixamorig_RightHandPinky2,53,0.879492998123169,0.47242000699043274,0.057548001408576965,0,-0.47242000699043274,0.8812549710273743,-0.014464999549090862,0,-0.057548001408576965,-0.014464999549090862,0.9982380270957947,0,-4.136651992797852,0,0.000025999999706982635,1
B55,mixamorig_RightHandPinky3,54,0.9954710006713867,0.09436599910259247,0.011494999751448631,0,-0.09436599910259247,0.9955369830131531,-0.0005440000095404685,0,-0.011494999751448631,-0.0005440000095404685,0.9999340176582336,0,-2.5948359966278076,-9.999999974752427e-7,-0.000037000001611886546,1
B56,mixamorig_RightHandPinky4,55,1,0,0,0,0,1,0,0,0,0,1,0,-2.9238688945770264,9.999999974752427e-7,0.000018999999156221747,1
B57,mixamorig_RightUpLeg,0,0.9586859941482544,-0.18767300248146057,0.21377399563789368,0,0.20240600407123566,0.9780719876289368,-0.04905400052666664,0,-0.19988000392913818,0.09029699862003326,0.9756510257720947,0,-9.1244535446167,-6.656397819519043,-0.05537800118327141,1
B58,mixamorig_RightLeg,57,0.9828069806098938,-0.17247700691223145,0.06588800251483917,0,0.10540200024843216,0.8171120285987854,0.5667619705200195,0,-0.1515910029411316,-0.5500730276107788,0.8212429881095886,0,-0.2446800023317337,-40.595436096191406,-0.5145279765129089,1
B59,mixamorig_RightFoot,58,0.9531930088996887,0.30215999484062195,-0.011021999642252922,0,-0.27170899510383606,0.8399990200996399,-0.46965599060058594,0,-0.13265299797058105,0.45066800713539124,0.8827810287475586,0,0.24466900527477264,-42.04787063598633,-2.0602309703826904,1
B60,mixamorig_RightToeBase,59,1,0,0,0,0,0.9997140169143677,-0.02393300086259842,0,0,0.02393300086259842,0.9997140169143677,0,-0.3733600080013275,-10.492194175720215,12.640663146972656,1
B61,mixamorig_RightToe_End,60,1,0,0,0,0,1,0,0,0,0,1,0,0,0,9.992521286010742,1
B62,mixamorig_LeftUpLeg,0,0.9782009720802307,0.10624899715185165,-0.17842000722885132,0,-0.1958319991827011,0.7578099966049194,-0.622393012046814,0,0.06908000260591507,0.6437659859657288,0.7620980143547058,0,9.124452590942383,-6.656398773193359,-0.05537800118327141,1
B63,mixamorig_LeftLeg,62,0.9932600259780884,0.006566000171005726,0.11572100222110748,0,-0.08247900009155273,0.7415019869804382,0.6658620238304138,0,-0.08143500238656998,-0.6709190011024475,0.7370449900627136,0,0.2446800023317337,-40.59540557861328,-0.517041027545929,1
B64,mixamorig_LeftFoot,63,0.9829199910163879,-0.18402999639511108,0.0006569999968633056,0,0.1834159940481186,0.9793400168418884,-0.08515899628400803,0,0.015029000118374825,0.0838249996304512,0.9963669776916504,0,-0.24467000365257263,-42.04800033569336,-2.05764102935791,1
B65,mixamorig_LeftToeBase,64,1,0,0,0,0,0.9998909831047058,-0.014774000272154808,0,0,0.014774000272154808,0.9998909831047058,0,0.3733600080013275,-10.492193222045898,12.640664100646973,1
B66,mixamorig_LeftToe_End,65,1,0,0,0,0,1,0,0,0,0,1,0,0,9.999999974752427e-7,9.992521286010742,1
@52,0,1,2,3,4,5,9,10,11,12,13,14,15,17,18,19,21,22,23,25,26,27,29,30,31,33,34,35,36,37,38,39,41,42,43,45,46,47,49,50,51,53,54,55,57,58,59,60,62,63,64,65
K0,0.9835669994354248,-0.005479278042912483,0.18045787513256073,0,-0.0022492778953164816,0.9990900158882141,0.042595021426677704,0,-0.18052710592746735,-0.04230097308754921,0.9826599359512329,0,-0.1681089997291565,90.37755584716797,0.232681006193161,1,0.9997069239616394,-0.0033671867568045855,-0.023987876251339912,0,0.0053088124841451645,0.9966719150543213,0.08134427666664124,0,0.02363412454724312,-0.08144773542881012,0.996397078037262,0,0,9.92345905303955,-1.227334976196289,1,0.9990950226783752,0.0013149058213457465,-0.04250415042042732,0,-0.0018820944242179394,0.9999100565910339,-0.013307020999491215,0,0.04248284921050072,0.01337498053908348,0.9990079998970032,0,-0.00013899999612476677,11.645440101623535,-1.422340989112854,1,0.9990879893302917,0.0015980559401214123,-0.04266595467925072,0,-0.0021629438269883394,0.9999110698699951,-0.013196879997849464,0,0.0426410436630249,0.013277120888233185,0.9990019798278809,0,0.00009100000170292333,13.360203742980957,-1.6264599561691284,1,0.9980949759483337,-0.054130952805280685,-0.029598210006952286,0,0.060747042298316956,0.9460389614105225,0.31830719113349915,0,0.010770788416266441,-0.31949880719184875,0.9475250840187073,0,0.00002499999936844688,15.032490730285645,0.7929049730300903,1,0.91936194896698,-0.20310403406620026,-0.3369312584400177,0,0.2308579683303833,0.971992015838623,0.04400462657213211,0,0.3185567855834961,-0.11823936551809311,0.940500020980835,0,0.0000019999999949504854,10.321830749511719,3.1424291133880615,1,0.8509779572486877,-0.25794562697410583,0.45749422907829285,0,0.2320883721113205,0.9661078453063965,0.1130094900727272,0,-0.47113874554634094,0.010010492987930775,0.882002055644989,0,6.105823993682861,9.110424041748047,0.705551028251648,1,0.6524331569671631,-0.6644359230995178,-0.36449283361434937,0,0.5408690571784973,0.7451359629631042,-0.39017003774642944,0,0.5308401584625244,0.057416997849941254,0.8455249667167664,0,12.655036926269531,-0.2659339904785156,-2.600922107696533,1,0.2924589514732361,0,0.9562780261039734,0,0,1,0,0,-0.9562780261039734,0,0.2924589514732361,0,27.40468406677246,0.00003899999865097925,0.000007000000096013537,1,0.9762349128723145,-0.022973155602812767,0.2154950201511383,0,0.21232585608959198,0.3005236089229584,-0.9298401474952698,0,-0.043399982154369354,0.9534978270530701,0.2982594966888428,0,27.614463806152344,0.000029000000722589903,0.000019999999494757503,1,0.4851507544517517,-0.8681560754776001,-0.10456319153308868,0,0.8681448101997375,0.49251919984817505,-0.06123017519712448,0,0.10465680807828903,-0.06107017770409584,0.9926320314407349,0,12.77552318572998,0.000012999999853491317,0.000019999999494757503,1,0.5848599076271057,-0.8052960634231567,-0.09714096784591675,0,0.805296003818512,0.5908139944076538,-0.04935910925269127,0,0.09714101254940033,-0.04935910552740097,0.9940459132194519,0,3.613970994949341,0.000003000000106112566,0.0000019999999949504854,1,0.8550220727920532,-0.5148588418960571,-0.06210612133145332,0,0.5148591995239258,0.8571018576622009,-0.017236942425370216,0,0.062105875462293625,-0.017237942665815353,0.9979210495948792,0,3.4597599506378174,0,-0.000025999999706982635,1,0.966981053352356,0.11634893715381622,-0.22673869132995605,0,-0.14973805844783783,0.9793189764022827,-0.13606470823287964,0,0.20621833205223083,0.16552326083183289,0.9644038677215576,0,3.7888100147247314,-2.166996955871582,3.0030879974365234,1,0.991562008857727,-0.11821199208498001,-0.05319977551698685,0,0.11410001665353775,0.9906610250473022,-0.07463890314102173,0,0.06152622774243355,0.06793908774852753,0.9957910180091858,0,3.675442934036255,-2.1220080852508545,2.12201189994812,1,0.9895049929618835,0.039373382925987244,0.13902780413627625,0,-0.04067661985754967,0.9991510510444641,0.006543745752424002,0,-0.13865219056606293,-0.012130255810916424,0.9902669787406921,0,3.3943591117858887,-1.9597439765930176,1.959792971611023,1,0.7573541402816772,-0.6489030122756958,-0.07307472825050354,0,0.6487621068954468,0.7604429721832275,-0.028888944536447525,0,0.07431526482105255,-0.02552894502878189,0.9969079494476318,0,12.26661491394043,-0.23166899383068085,2.8220579624176025,1,0.1671912670135498,-0.9788289666175842,-0.11807398498058319,0,0.9788290858268738,0.1791357398033142,-0.09901910275220871,0,0.11807402223348618,-0.09901910275220871,0.9880560040473938,0,3.8919670581817627,0.0000019999999949504854,0.00003899999865097925,1,0.9451649785041809,-0.32424190640449524,-0.03911298140883446,0,0.32424208521842957,0.9459519386291504,-0.006519795395433903,0,0.039113011211156845,-0.00651979586109519,0.9992139935493469,0,3.415160894393921,0,-0.000009000000318337698,1,0.6126227974891663,-0.7845470309257507,-0.09580737352371216,0,0.784605085849762,0.6182860136032104,-0.04600391536951065,0,0.09532863646745682,-0.04698791727423668,0.9943360686302185,0,12.147005081176758,0.00989499967545271,-2.2166290283203125,1,-0.04459093511104584,-0.9918150305747986,-0.11963996291160583,0,0.9918150305747986,-0.029609153047204018,-0.12419895082712173,0,0.1196400374174118,-0.12419895082712173,0.9850180149078369,0,3.6011910438537598,0.0000019999999949504854,0.000035000000934815034,1,0.7161182761192322,-0.6929556131362915,-0.08359002321958542,0,0.6929553747177124,0.72018963098526,-0.03375300392508507,0,0.08358997851610184,-0.03375300392508507,0.9959279894828796,0,3.307317018508911,0.000004999999873689376,-0.00002099999983329326,1,0.7322250604629517,-0.6639509797096252,-0.1517067849636078,0,0.667917013168335,0.7436040043830872,-0.03065800666809082,0,0.13316522538661957,-0.07887900620698929,0.9879499673843384,0,10.908194541931152,-0.22636500000953674,-4.725818157196045,1,0.12624914944171906,-0.9858999848365784,-0.109830342233181,0,0.9908490777015686,0.1306568682193756,-0.03387726843357086,0,0.04774967581033707,-0.10454827547073364,0.9933729767799377,0,4.136651992797852,0.0000019999999949504854,0.00002700000004551839,1,0.6947329640388489,-0.7140910625457764,-0.0861387774348259,0,0.714090883731842,0.6991111040115356,-0.036295946687459946,0,0.08613923192024231,-0.03629494830965996,0.9956220388412476,0,2.5948359966278076,0,-0.00003600000127335079,1,0.9989110231399536,-0.002577124396339059,-0.04659001901745796,0,0.0028028758242726326,0.9999849796295166,0.004780811257660389,0,0.046576984226703644,-0.004906189627945423,0.9989030361175537,0,-6.105696201324463,9.110508918762207,0.7055630087852478,1,0.5506500005722046,0.8286629915237427,-0.10051162540912628,0,-0.5247519612312317,0.43728697299957275,0.7303520441055298,0,0.6491683125495911,-0.349424809217453,0.6756347417831421,0,-12.655040740966797,-0.2660210132598877,-2.600895881652832,1,0.1397889256477356,0,-0.990181028842926,0,0,1,0,0,0.990181028842926,0,0.1397889256477356,0,-27.40468406677246,0.00003300000025774352,0.000004999999873689376,1,0.9813029170036316,-0.14270515739917755,-0.12914790213108063,0,0.10914285480976105,0.9652819633483887,-0.23731322586536407,0,0.1585300862789154,0.2187807708978653,0.9628100395202637,0,-27.614463806152344,0.00002300000051036477,0.000018000000636675395,1,0.9012039303779602,0.4270690977573395,-0.07377777993679047,0,-0.42894792556762695,0.9032620787620544,-0.01103677786886692,0,0.06192721799015999,0.04159322381019592,0.9972140192985535,0,-12.77552318572998,0.000009000000318337698,0.000018000000636675395,1,0.7698241472244263,0.6335728764533997,0.07717802375555038,0,-0.6335731148719788,0.7731899619102478,-0.027628673240542412,0,-0.0771779790520668,-0.027628673240542412,0.9966340065002441,0,-3.613970994949341,0.000003000000106112566,0.000003000000106112566,1,0.9765109419822693,0.21388714015483856,0.026055680587887764,0,-0.21392087638378143,0.9768500328063965,-0.001518762786872685,0,-0.025777317583560944,-0.004090762697160244,0.99965900182724,0,-3.4597599506378174,0,-0.000025999999706982635,1,0.9303100109100342,0.21768304705619812,0.2951890230178833,0,-0.19792500138282776,0.9755420684814453,-0.09562470018863678,0,-0.30878502130508423,0.030535314232110977,0.9506409168243408,0,-3.788809061050415,-2.1669979095458984,3.003087043762207,1,0.9390349984169006,-0.04400702938437462,0.34099289774894714,0,-0.028497029095888138,0.9784010052680969,0.20474395155906677,0,-0.3426380753517151,-0.20197907090187073,0.9174990057945251,0,-3.675442934036255,-2.122009038925171,2.12201189994812,1,0.9764990210533142,-0.041225939989089966,0.21154193580150604,0,0.008002053014934063,0.9877930283546448,0.15556585788726807,0,-0.21537302434444427,-0.15021716058254242,0.9649089574813843,0,-3.394357919692993,-1.95974600315094,1.959792971611023,1,0.5938850045204163,0.8040040731430054,0.02964799478650093,0,-0.8025209307670593,0.5946000814437866,-0.049103379249572754,0,-0.05710800737142563,0.005368621088564396,0.9983540773391724,0,-12.266615867614746,-0.231673002243042,2.8220560550689697,1,0.6047000288963318,0.7906090617179871,0.09630799293518066,0,-0.7906090021133423,0.610480010509491,-0.047449350357055664,0,-0.09630799293518066,-0.047449346631765366,0.994219958782196,0,-3.8919670581817627,0,0.000037999998312443495,1,0.9886320233345032,0.14924894273281097,0.018181029707193375,0,-0.14924904704093933,0.9887989163398743,-0.0013640042161569,0,-0.01818096823990345,-0.0013650042237713933,0.9998340010643005,0,-3.415160894393921,0,-0.000009000000318337698,1,0.9605910778045654,0.27727386355400085,-0.01962181366980076,0,-0.27741411328315735,0.9607389569282532,-0.004775927867740393,0,0.017527183517813683,0.010031072422862053,0.9997959733009338,0,-12.147004127502441,0.009890999644994736,-2.2166309356689453,1,0.8852049708366394,0.461788147687912,0.05625302344560623,0,-0.4617879092693329,0.886883020401001,-0.013779382221400738,0,-0.05625298246741295,-0.013779382221400738,0.998320996761322,0,-3.6011910438537598,0,0.000035000000934815034,1,0.9721089601516724,0.23280811309814453,0.0283650029450655,0,-0.2328648716211319,0.9725080728530884,-0.0013306643813848495,0,-0.027894994243979454,-0.005311664193868637,0.9995970129966736,0,-3.307317018508911,0.000003999999989900971,-0.00002099999983329326,1,0.9631359577178955,0.26696816086769104,0.03310789912939072,0,-0.2669818103313446,0.9636931419372559,-0.0040950835682451725,0,-0.032999105751514435,-0.004895083140581846,0.999442994594574,0,-10.908193588256836,-0.2263689935207367,-4.725820064544678,1,0.8794930577278137,0.4724200367927551,0.05754800885915756,0,-0.47241997718811035,0.881255030632019,-0.014464978128671646,0,-0.057548001408576965,-0.01446497905999422,0.9982380867004395,0,-4.136651992797852,0,0.000025999999706982635,1,0.9954710006713867,0.09436602145433426,0.011494997888803482,0,-0.09436599910259247,0.9955369830131531,-0.0005435996572487056,0,-0.011495002545416355,-0.0005435996572487056,0.9999340176582336,0,-2.5948359966278076,0,-0.000037000001611886546,1,0.9586860537528992,-0.18767279386520386,0.21377380192279816,0,0.20240619778633118,0.978071928024292,-0.04905419796705246,0,-0.1998801976442337,0.09029680490493774,0.9756510257720947,0,-9.1244535446167,-6.656397819519043,-0.05537800118327141,1,0.9828070402145386,-0.17247675359249115,0.0658879205584526,0,0.10540223866701126,0.8171119689941406,0.5667619109153748,0,-0.15159109234809875,-0.550072968006134,0.8212430477142334,0,-0.2446800023317337,-40.595436096191406,-0.5145279765129089,1,0.9531928896903992,0.30216023325920105,-0.011022000573575497,0,-0.27170875668525696,0.8399990797042847,-0.46965616941452026,0,-0.13265298306941986,0.4506678283214569,0.8827810287475586,0,0.24466900527477264,-42.04787063598633,-2.0602309703826904,1,1,0,0,0,0,0.9997140169143677,-0.02393300086259842,0,0,0.02393300086259842,0.9997140169143677,0,-0.3733600080013275,-10.492194175720215,12.640663146972656,1,0.9782010316848755,0.10624854266643524,-0.17841990292072296,0,-0.19583244621753693,0.7578099966049194,-0.6223928928375244,0,0.06908008456230164,0.6437661051750183,0.7620978355407715,0,9.124452590942383,-6.656398773193359,-0.05537800118327141,1,0.9932600855827332,0.006566113792359829,0.11572092026472092,0,-0.08247888833284378,0.7415016889572144,0.6658623218536377,0,-0.08143509179353714,-0.6709187030792236,0.7370452880859375,0,0.2446800023317337,-40.59540557861328,-0.517041027545929,1,0.9829200506210327,-0.1840296983718872,0.0006566786905750632,0,0.18341629207134247,0.9793398976325989,-0.08515901863574982,0,0.015028679743409157,0.08382496237754822,0.9963669776916504,0,-0.24467000365257263,-42.04800033569336,-2.05764102935791,1,1,0,0,0,0,0.9998909831047058,-0.014774000272154808,0,0,0.014774000272154808,0.9998909831047058,0,0.3733600080013275,-10.492193222045898,12.640664100646973,1
