7.733,30,232,65
B0,mixamorig_Hips,-1,0.9996029734611511,-0.021518999710679054,0.018184000626206398,0,0.022370999678969383,0.9985949993133545,-0.0480399988591671,0,-0.017124999314546585,0.048427000641822815,0.9986799955368042,0,-0.10409499704837799,90.63931274414062,-0.14146000146865845,1
B1,mixamorig_Spine,0,0.9999790191650391,0.00343000004068017,0.005535000003874302,0,-0.0033360000234097242,0.9998499751091003,-0.016999000683426857,0,-0.00559299997985363,0.016979999840259552,0.9998400211334229,0,0,8.600730895996094,-0.34072500467300415,1
B2,mixamorig_Spine1,1,0.998615026473999,0.0030400000978261232,0.05252499878406525,0,-0.004404000006616116,0.99965500831604,0.025882000103592873,0,-0.052427999675273895,-0.026078000664711,0.9982839822769165,0,0,10.042057991027832,0,1
B3,mixamorig_Spine2,2,0.9986159801483154,0.004211000166833401,0.05242900177836418,0,-0.005559000186622143,0.9996569752693176,0.025597000494599342,0,-0.052303001284599304,-0.025853000581264496,0.9982969760894775,0,0,11.47664737701416,0,1
B4,mixamorig_Neck,3,0.9992949962615967,-0.022197000682353973,-0.030264999717473984,0,0.023358000442385674,0.9989839792251587,0.038534000515937805,0,0.029378000646829605,-0.03921400010585785,0.9987990260124207,0,0,12.911211967468262,-9.999999974752427e-7,1
B5,mixamorig_Head,4,0.9980080127716064,0.06305500119924545,0.0020290000829845667,0,-0.06306800246238708,0.9963759779930115,0.05707399919629097,0,0.0015780000248923898,-0.057089000940322876,0.9983680248260498,0,0,17.33026885986328,0.16984499990940094,1
B6,mixamorig_HeadTop_End,5,1,0,0,0,0,1,0,0,0,0,1,0,0,25.25299835205078,0.44979798793792725,1
B7,mixamorig_LeftShoulder,3,-0.1100820004940033,-0.001474000047892332,-0.9939209818840027,0,0.9430019855499268,-0.3161279857158661,-0.10397399961948395,0,-0.3140529990196228,-0.9487149715423584,0.03618999943137169,0,7.576417922973633,10.591551780700684,-0.05160300061106682,1
B8,mixamorig_LeftArm,7,0.8959770202636719,0.3603230118751526,-0.25960099697113037,0,0.0036490000784397125,0.5785620212554932,0.8156300187110901,0,0.4440859854221344,-0.7317330241203308,0.5170639753341675,0,0,15.126083374023438,0,1
B9,mixamorig_LeftForeArm,8,0.8750979900360107,0.48363998532295227,0.017191000282764435,0,-0.4838869869709015,0.8749920129776001,0.015546999871730804,0,-0.00752299977466464,-0.02192400023341179,0.9997310042381287,0,0,24.772058486938477,0,1
B10,mixamorig_LeftHand,9,0.9354169964790344,-0.35214799642562866,-0.03142600134015083,0,0.3491379916667938,0.9060959815979004,0.2389409989118576,0,-0.055667001754045486,-0.23448200523853302,0.9705250263214111,0,0,30.634607315063477,0,1
B11,mixamorig_LeftHandThumb1,10,0.9236739873886108,0.37410101294517517,-0.08291400223970413,0,-0.3521380126476288,0.9140530228614807,0.20126299560070038,0,0.15107999742031097,-0.15670399367809296,0.9760220050811768,0,-4.242733955383301,2.9392499923706055,1.3224060535430908,1
B12,mixamorig_LeftHandThumb2,11,0.9865580201148987,-0.16083399951457977,-0.0289280004799366,0,0.16161499917507172,0.9864820241928101,0.027084000408649445,0,0.024181000888347626,-0.03139499947428703,0.9992150068283081,0,-0.3135850131511688,4.250936985015869,0,1
B13,mixamorig_LeftHandThumb3,12,0.9954550266265869,-0.09520799666643143,0.0020669999066740274,0,0.095210000872612,0.9945629835128784,-0.04218300059437752,0,0.0019600000232458115,0.042187999933958054,0.9991080164909363,0,0.2933099865913391,5.231313228607178,0,1
B14,mixamorig_LeftHandThumb4,13,1,0,0,0,0,1,0,0,0,0,1,0,0.020274000242352486,4.557466983795166,0,1
B15,mixamorig_LeftHandIndex1,10,0.9975389838218689,0.0695509985089302,0.00891599990427494,0,-0.06819800287485123,0.9327470064163208,0.3540230095386505,0,0.016307000070810318,-0.3537600040435791,0.9351940155029297,0,-4.594598770141602,10.352731704711914,-0.5541269779205322,1
B16,mixamorig_LeftHandIndex2,15,0.9936850070953369,-0.10668200254440308,-0.03477799892425537,0,0.10606999695301056,0.7919719815254211,0.6012730002403259,0,-0.03660200163722038,-0.6011649966239929,0.7982869744300842,0,0.032016001641750336,4.927512168884277,0,1
B17,mixamorig_LeftHandIndex3,16,0.999351978302002,-0.035711999982595444,-0.004416999872773886,0,0.03585200011730194,0.9776120185852051,0.2073410004377365,0,-0.0030869999900460243,-0.2073650062084198,0.9782590270042419,0,-0.01346299983561039,4.928970813751221,0,1
B18,mixamorig_LeftHandIndex4,17,1,0,0,0,0,1,0,0,0,0,1,0,-0.018552999943494797,3.9383559226989746,0,1
B19,mixamorig_LeftHandMiddle1,10,0.9995779991149902,-0.02009500004351139,-0.020989999175071716,0,0.027286000549793243,0.8975129723548889,0.44014400243759155,0,0.00999400019645691,-0.4405309855937958,0.8976820111274719,0,-1.2824360132217407,10.33613395690918,-0.8320260047912598,1
B20,mixamorig_LeftHandMiddle2,19,0.9970290064811707,-0.07499299943447113,-0.01759999990463257,0,0.07541599869728088,0.903784990310669,0.4212909936904907,0,-0.01568800024688244,-0.42136600613594055,0.9067549705505371,0,-0.010781999677419662,5.230743885040283,0,1
B21,mixamorig_LeftHandMiddle3,20,0.9998289942741394,-0.018456000834703445,-0.000944000028539449,0,0.01838899962604046,0.9886000156402588,0.1494400054216385,0,-0.001825000043027103,-0.1494320034980774,0.9887700080871582,0,-0.013093000277876854,5.101086139678955,0,1
B22,mixamorig_LeftHandMiddle4,21,1,0,0,0,0,1,0,0,0,0,1,0,0.023874999955296516,4.284660816192627,0,1
B23,mixamorig_LeftHandRing1,10,0.9980700016021729,-0.05423000082373619,-0.030243000015616417,0,0.061962999403476715,0.8383880257606506,0.5415409803390503,0,-0.004011999815702438,-0.5423700213432312,0.8401299715042114,0,1.95107901096344,10.350570678710938,-0.46391600370407104,1
B24,mixamorig_LeftHandRing2,23,0.9990890026092529,-0.0423940010368824,-0.004844999872148037,0,0.04237699881196022,0.9725069999694824,0.228984996676445,0,-0.004995000082999468,-0.22898200154304504,0.9734179973602295,0,-0.0030990000814199448,5.001862049102783,0,1
B25,mixamorig_LeftHandRing3,24,0.999875009059906,-0.015831999480724335,-0.0004459999909158796,0,0.015829000622034073,0.9979280233383179,0.06235700100660324,0,-0.0005430000019259751,-0.062355998903512955,0.998054027557373,0,0.00926200021058321,4.631412982940674,0,1
B26,mixamorig_LeftHandRing4,25,1,0,0,0,0,1,0,0,0,0,1,0,-0.006163000129163265,3.9231810569763184,0,1
B27,mixamorig_LeftHandPinky1,10,0.990106999874115,-0.12829700112342834,-0.05681600049138069,0,0.1342339962720871,0.7481719851493835,0.6497840285301208,0,-0.04085699841380119,-0.6509820222854614,0.7579929828643799,0,3.9259560108184814,8.61627197265625,-0.7818700075149536,1
B28,mixamorig_LeftHandPinky2,27,0.9999030232429504,0.008142000064253807,-0.011314000003039837,0,-0.003097000066190958,0.9211530089378357,0.3891890048980713,0,0.013590999878942966,-0.38911598920822144,0.9210889935493469,0,-0.036343999207019806,5.207526206970215,0,1
B29,mixamorig_LeftHandPinky3,28,0.9995710253715515,-0.029258999973535538,0.0009740000241436064,0,0.02926900051534176,0.9994850158691406,-0.013147000223398209,0,-0.0005879999953322113,0.013170000165700912,0.9999129772186279,0,0.07968399673700333,4.089059829711914,0,1
B30,mixamorig_LeftHandPinky4,29,1,0,0,0,0,1,0,0,0,0,1,0,-0.04334099963307381,3.375619888305664,0,1
B31,mixamorig_RightShoulder,3,0.06248899921774864,-0.019686000421643257,0.9978510141372681,0,-0.9456629753112793,-0.3208189904689789,0.05289100110530853,0,0.31908801198005676,-0.9469360113143921,-0.03866399824619293,0,-7.576417922973633,10.594738960266113,-0.13206200301647186,1
B32,mixamorig_RightArm,31,0.922406017780304,-0.3291560113430023,0.20204700529575348,0,0.03856699913740158,0.5990239977836609,0.7998020052909851,0,-0.38429000973701477,-0.7299500107765198,0.5652379989624023,0,0,15.126083374023438,0,1
B33,mixamorig_RightForeArm,32,0.8595020174980164,-0.5108299851417542,-0.01758600026369095,0,0.5111039876937866,0.8593090176582336,0.018974000588059425,0,0.005419000051915646,-0.025296000763773918,0.9996650218963623,0,0,24.77214813232422,0,1
B34,mixamorig_RightHand,33,0.9109519720077515,0.4117110073566437,-0.025702999904751778,0,-0.4095749855041504,0.9101300239562988,0.06254000216722488,0,0.04914100095629692,-0.04644399881362915,0.9977110028266907,0,0,30.639760971069336,0,1
B35,mixamorig_RightHandThumb1,34,0.9087340235710144,-0.3522129952907562,0.2239370048046112,0,0.28957098722457886,0.9184409976005554,0.2694700062274933,0,-0.30058398842811584,-0.18003100156784058,0.9366099834442139,0,4.2555131912231445,3.028204917907715,1.4591660499572754,1
B36,mixamorig_RightHandThumb2,35,0.989001989364624,0.1453240066766739,0.02749899961054325,0,-0.14623099565505981,0.9886490106582642,0.03449299931526184,0,-0.02217400074005127,-0.038134001195430756,0.9990270137786865,0,0.3879750072956085,4.320991039276123,0,1
B37,mixamorig_RightHandThumb3,36,0.9994959831237793,-0.03170600160956383,0.0016720000421628356,0,0.031748998910188675,0.9976590275764465,-0.06056400015950203,0,0.0002519999979995191,0.06058700010180473,0.9981629848480225,0,-0.14501400291919708,5.1945319175720215,0,1
B38,mixamorig_RightHandThumb4,37,1,0,0,0,0,1,0,0,0,0,1,0,-0.24296100437641144,4.462309837341309,0,1
B39,mixamorig_RightHandIndex1,34,0.9997559785842896,-0.02192699909210205,-0.002616999903693795,0,0.022081000730395317,0.9942569732666016,0.10471499711275101,0,0.00030499999411404133,-0.10474800318479538,0.9944990277290344,0,4.589535236358643,10.470309257507324,-0.5960170030593872,1
B40,mixamorig_RightHandIndex2,39,0.993893027305603,0.10386200249195099,0.03728099912405014,0,-0.10383699834346771,0.7658860087394714,0.6345369815826416,0,0.03735100105404854,-0.6345329880714417,0.7719929814338684,0,-0.01643200032413006,5.131840229034424,0,1
B41,mixamorig_RightHandIndex3,40,0.9998379945755005,0.017955999821424484,0.001512999995611608,0,-0.017998000606894493,0.9909440279006958,0.13306500017642975,0,0.0008900000248104334,-0.13307000696659088,0.9911059737205505,0,0.01472300011664629,4.7961931228637695,0,1
B42,mixamorig_RightHandIndex4,41,1,0,0,0,0,1,0,0,0,0,1,0,0.0017089999746531248,4.077937126159668,0,1
B43,mixamorig_RightHandMiddle1,34,0.9994570016860962,-0.030316000804305077,-0.01293100044131279,0,0.032304998487234116,0.9788230061531067,0.20214299857616425,0,0.006529000122100115,-0.20245100557804108,0.9792709946632385,0,1.5205800533294678,10.235286712646484,-0.7404230237007141,1
B44,mixamorig_RightHandMiddle2,43,0.9948189854621887,0.09708400070667267,0.030150000005960464,0,-0.09727799892425537,0.8230119943618774,0.5596320033073425,0,0.029517000541090965,-0.5596650242805481,0.8281930088996887,0,0.0009510000236332417,5.356856822967529,0,1
B45,mixamorig_RightHandMiddle3,44,0.9997410178184509,0.020044000819325447,-0.010739999823272228,0,-0.01858000084757805,0.9923059940338135,0.1224059984087944,0,0.013110999949276447,-0.12217500060796738,0.9924219846725464,0,0.005714000202715397,5.1917829513549805,0,1
B46,mixamorig_RightHandMiddle4,45,1,0,0,0,0,1,0,0,0,0,1,0,-0.0066639999859035015,4.162746906280518,0,1
B47,mixamorig_RightHandRing1,34,0.9971219897270203,-0.06966699659824371,-0.029898999258875847,0,0.07553300261497498,0.9467499852180481,0.31298398971557617,0,0.0065020001493394375,-0.3143419921398163,0.949288010597229,0,-1.7055389881134033,9.981629371643066,-0.45947301387786865,1
B48,mixamorig_RightHandRing2,47,0.9965569972991943,0.08041699975728989,0.020163999870419502,0,-0.08012499660253525,0.871740996837616,0.4833720028400421,0,0.021292999386787415,-0.48332300782203674,0.8751829862594604,0,0.012504000216722488,5.180834770202637,0,1
B49,mixamorig_RightHandRing3,48,0.9992579817771912,0.03642899915575981,-0.012532000429928303,0,-0.03439899906516075,0.9901760220527649,0.13552699983119965,0,0.017347000539302826,-0.1349949985742569,0.990693986415863,0,-0.027216000482439995,4.740457057952881,0,1
B50,mixamorig_RightHandRing4,49,1,0,0,0,0,1,0,0,0,0,1,0,0.014712999574840069,4.0111188888549805,0,1
B51,mixamorig_RightHandPinky1,34,0.9964489936828613,-0.05488700047135353,-0.06385400146245956,0,0.07619299739599228,0.910548985004425,0.4063189923763275,0,0.035840000957250595,-0.40974199771881104,0.9114969968795776,0,-4.404575824737549,9.259000778198242,-0.6721029877662659,1
B52,mixamorig_RightHandPinky2,51,0.9977859854698181,0.06516800075769424,0.013256000354886055,0,-0.06459300220012665,0.9022660255432129,0.4263150095939636,0,0.015822000801563263,-0.42622700333595276,0.9044780135154724,0,0.04934199899435043,4.854663848876953,0,1
B53,mixamorig_RightHandPinky3,52,0.9982730150222778,0.058726999908685684,0.001765000051818788,0,-0.05852299928665161,0.9912639856338501,0.11819600313901901,0,0.005191999953240156,-0.11809500306844711,0.9929890036582947,0,-0.08262699842453003,3.855607032775879,0,1
B54,mixamorig_RightHandPinky4,53,1,0,0,0,0,1,0,0,0,0,1,0,0.033284999430179596,3.0161828994750977,0,1
B55,mixamorig_LeftUpLeg,0,-0.995186984539032,-0.06991200149059296,0.06866200268268585,0,0.07996100187301636,-0.9844179749488831,0.15661099553108215,0,0.05664300173521042,0.16134700179100037,0.9852709770202637,0,10.333610534667969,-4.771338939666748,0.2003220021724701,1
B56,mixamorig_LeftLeg,55,0.9856389760971069,0.07529699802398682,0.15115100145339966,0,0.011370000429451466,0.8634629845619202,-0.5042840242385864,0,-0.16848400235176086,0.49876099824905396,0.8502060174942017,0,0,40.083839416503906,0,1
B57,mixamorig_LeftFoot,56,0.997963011264801,0.048468999564647675,0.04148000106215477,0,-0.050227001309394836,0.1960729956626892,0.9793019890785217,0,0.039333000779151917,-0.9793909788131714,0.1981080025434494,0,0,39.304100036621094,0,1
B58,mixamorig_LeftToeBase,57,0.9863330125808716,-0.000029000000722589903,0.1647620052099228,0,-0.07960200309753418,0.8754640221595764,0.47668299078941345,0,-0.14425699412822723,-0.48328399658203125,0.8634970188140869,0,0,18.444286346435547,0,1
B59,mixamorig_LeftToe_End,58,1,0,0,0,0,1,0,0,0,0,1,0,0,8.118059158325195,0,1
B60,mixamorig_RightUpLeg,0,-0.9836649894714355,0.06877200305461884,-0.1663530021905899,0,-0.09212400019168854,-0.9862779974937439,0.13700300455093384,0,-0.15464800596237183,0.15008999407291412,0.976502001285553,0,-10.333610534667969,-4.771338939666748,0.7527629733085632,1
B61,mixamorig_RightLeg,60,0.9977949857711792,-0.03964700177311897,-0.05322600156068802,0,0.011498999781906605,0.8931090235710144,-0.4496929943561554,0,0.0653659999370575,0.44808900356292725,0.8915960192680359,0,0,40.13115310668945,0,1
B62,mixamorig_RightFoot,61,0.9992420077323914,-0.03850400075316429,0.0057379999198019505,0,0.0038530000019818544,0.24447600543498993,0.969648003578186,0,-0.03873800113797188,-0.9688910245895386,0.2444390058517456,0,0,39.2901496887207,0,1
B63,mixamorig_RightToeBase,62,0.9862959980964661,0.000003000000106112566,-0.16498300433158875,0,0.07946299761533737,0.8763589859008789,0.47505900263786316,0,0.1445859968662262,-0.4816589951515198,0.8643490076065063,0,0,18.3802490234375,0,1
B64,mixamorig_RightToe_End,63,1,0,0,0,0,1,0,0,0,0,1,0,0,8.078692436218262,0,1
@52,0,1,2,3,4,5,7,8,9,10,11,12,13,15,16,17,19,20,21,23,24,25,27,28,29,31,32,33,34,35,36,37,39,40,41,43,44,45,47,48,49,51,52,53,55,56,57,58,60,61,62,63
K0,0.9996029734611511,-0.021518895402550697,0.018184153363108635,0,0.02237110212445259,0.9985949993133545,-0.04803963750600815,0,-0.017124846577644348,0.048427365720272064,0.9986799955368042,0,-0.10409499704837799,90.63931274414062,-0.14146000146865845,1,0.9999790191650391,0.003430269192904234,0.0055352612398564816,0,-0.0033357308711856604,0.9998499155044556,-0.016998915001749992,0,-0.005592739209532738,0.016980087384581566,0.9998400211334229,0,0,8.600730895996094,-0.34072500467300415,1,0.9986149668693542,0.0030397430527955294,0.05252489075064659,0,-0.004404256585985422,0.99965500831604,0.025882257148623466,0,-0.052428100258111954,-0.026077745482325554,0.9982839822769165,0,0,10.042057991027832,0,1,0.9986160397529602,0.0042108651250600815,0.05242888256907463,0,-0.005559135694056749,0.9996570348739624,0.02559698559343815,0,-0.052303116768598557,-0.025853019207715988,0.9982969164848328,0,0,11.47664737701416,0,1,0.9992949962615967,-0.022197434678673744,-0.030264541506767273,0,0.023357564583420753,0.9989839792251587,0.03853411227464676,0,0.029378456994891167,-0.0392138808965683,0.9987989664077759,0,0,12.911211967468262,0,1,0.9980080127716064,0.06305505335330963,0.0020285898353904486,0,-0.0630679503083229,0.9963759183883667,0.05707436800003052,0,0.0015775897772982717,-0.05708862096071243,0.998367965221405,0,0,17.33026885986328,0.16984499990940094,1,-0.11008217930793762,-0.0014738159952685237,-0.9939210414886475,0,0.9430021047592163,-0.3161279559135437,-0.10397382825613022,0,-0.31405287981033325,-0.9487150311470032,0.03618979826569557,0,7.576417922973633,10.591551780700684,-0.05160300061106682,1,0.8959770202636719,0.36032286286354065,-0.2596012353897095,0,0.0036488582845777273,0.5785622596740723,0.8156298398971558,0,0.4440857470035553,-0.7317331433296204,0.5170639157295227,0,0,15.126083374023438,0,1,0.875097930431366,0.48364004492759705,0.017191126942634583,0,-0.4838869273662567,0.8749920725822449,0.01554715447127819,0,-0.007522874511778355,-0.021923847496509552,0.9997310042381287,0,0,24.772058486938477,0,1,0.9354168772697449,-0.3521483242511749,-0.03142639994621277,0,0.34913766384124756,0.9060959815979004,0.2389412820339203,0,-0.05566740036010742,-0.23448167741298676,0.9705250263214111,0,0,30.634607315063477,0,1,0.9236739873886108,0.37410101294517517,-0.08291378617286682,0,-0.3521380126476288,0.9140530824661255,0.20126284658908844,0,0.1510801911354065,-0.1567041128873825,0.976021945476532,0,-4.242733955383301,2.9392499923706055,1.3224060535430908,1,0.9865581393241882,-0.16083362698554993,-0.02892802655696869,0,0.16161537170410156,0.9864819645881653,0.027083922177553177,0,0.024180971086025238,-0.0313950777053833,0.9992150068283081,0,-0.3135850131511688,4.250936985015869,0,1,0.9954550266265869,-0.09520785510540009,0.002067193854600191,0,0.09521013498306274,0.9945629835128784,-0.04218294098973274,0,0.001960193971171975,0.04218806326389313,0.9991080164909363,0,0.2933099865913391,5.231313228607178,0,1,0.9975390434265137,0.06955117732286453,0.008915665559470654,0,-0.0681978315114975,0.932746946811676,0.3540232479572296,0,0.016306662932038307,-0.3537597954273224,0.9351940751075745,0,-4.594598770141602,10.352731704711914,-0.5541269779205322,1,0.9936850070953369,-0.10668200254440308,-0.034777894616127014,0,0.10606999695301056,0.7919720411300659,0.6012728810310364,0,-0.036601897329092026,-0.6011650562286377,0.7982869148254395,0,0.032016001641750336,4.927512168884277,0,1,0.999351978302002,-0.035712264478206635,-0.0044167498126626015,0,0.035851746797561646,0.9776120781898499,0.2073410153388977,0,-0.003086749231442809,-0.207365021109581,0.9782590270042419,0,-0.01346299983561039,4.928970813751221,0,1,0.9995779395103455,-0.020095178857445717,-0.02098999172449112,0,0.02728581801056862,0.8975128531455994,0.4401440918445587,0,0.00999400857836008,-0.440530925989151,0.8976821303367615,0,-1.2824360132217407,10.33613395690918,-0.8320260047912598,1,0.9970290064811707,-0.07499291002750397,-0.017599578946828842,0,0.07541607320308685,0.9037850499153137,0.4212908446788788,0,-0.01568758115172386,-0.4213661551475525,0.9067549109458923,0,-0.010781999677419662,5.230743885040283,0,1,0.9998289942741394,-0.01845559850335121,-0.0009438832639716566,0,0.018389401957392693,0.9886000156402588,0.14944012463092804,0,-0.0018248832784593105,-0.14943188428878784,0.9887700080871582,0,-0.013093000277876854,5.101086139678955,0,1,0.9980700016021729,-0.054229844361543655,-0.030243176966905594,0,0.06196315959095955,0.8383879065513611,0.5415410995483398,0,-0.004012176301330328,-0.5423699021339417,0.840130090713501,0,1.95107901096344,10.350570678710938,-0.46391600370407104,1,0.9990890026092529,-0.04239420220255852,-0.004845429677516222,0,0.0423767976462841,0.9725069403648376,0.22898508608341217,0,-0.004995429422706366,-0.22898191213607788,0.9734179973602295,0,-0.0030990000814199448,5.001862049102783,0,1,0.9998750686645508,-0.015832019969820976,-0.00044557920773513615,0,0.015828978270292282,0.9979280233383179,0.062356870621442795,0,-0.0005425792187452316,-0.062356136739254,0.998054027557373,0,0.00926200021058321,4.631412982940674,0,1,0.990106999874115,-0.12829680740833282,-0.056816019117832184,0,0.1342342048883438,0.7481722235679626,0.649783730506897,0,-0.040857017040252686,-0.6509823203086853,0.7579927444458008,0,3.9259560108184814,8.61627197265625,-0.7818700075149536,1,0.9999029636383057,0.00814200658351183,-0.011314152739942074,0,-0.0030969923827797174,0.9211530685424805,0.38918885588645935,0,0.013590846210718155,-0.389116108417511,0.9210889339447021,0,-0.036343999207019806,5.207526206970215,0,1,0.9995710253715515,-0.029258856549859047,0.0009735847124829888,0,0.0292691420763731,0.9994849562644958,-0.01314706914126873,0,-0.0005884153069928288,0.013169930316507816,0.9999129772186279,0,0.07968399673700333,4.089059829711914,0,1,0.06248893961310387,-0.019686341285705566,0.9978510141372681,0,-0.9456629753112793,-0.3208191692829132,0.05289141461253166,0,0.3190884590148926,-0.9469358921051025,-0.03866434097290039,0,-7.576417922973633,10.594738960266113,-0.13206200301647186,1,0.9224061369895935,-0.32915571331977844,0.20204676687717438,0,0.03856729716062546,0.5990238785743713,0.7998021245002747,0,-0.38429024815559387,-0.729949951171875,0.5652379393577576,0,0,15.126083374023438,0,1,0.8595018982887268,-0.5108301639556885,-0.01758577860891819,0,0.5111038088798523,0.8593091368675232,0.018973814323544502,0,0.005419221706688404,-0.02529618702828884,0.9996650218963623,0,0,24.77214813232422,0,1,0.9109519124031067,0.4117110073566437,-0.02570272609591484,0,-0.409574955701828,0.910129964351654,0.06254013627767563,0,0.04914127662777901,-0.04644386097788811,0.9977110028266907,0,0,30.639760971069336,0,1,0.9087339639663696,-0.35221320390701294,0.22393697500228882,0,0.28957077860832214,0.9184410572052002,0.2694699764251709,0,-0.30058401823043823,-0.18003104627132416,0.9366100430488586,0,4.2555131912231445,3.028204917907715,1.4591660499572754,1,0.9890020489692688,0.14532390236854553,0.027498865500092506,0,-0.14623108506202698,0.9886490702629089,0.034492574632167816,0,-0.022174136713147163,-0.03813442587852478,0.9990270137786865,0,0.3879750072956085,4.320991039276123,0,1,0.9994959831237793,-0.03170597553253174,0.0016720809508115053,0,0.031749021261930466,0.9976590275764465,-0.06056421250104904,0,0.00025208090664818883,0.06058678776025772,0.9981630444526672,0,-0.14501400291919708,5.1945319175720215,0,1,0.9997559785842896,-0.021927272900938988,-0.0026165745221078396,0,0.02208072878420353,0.9942569732666016,0.10471536219120026,0,0.00030542537569999695,-0.10474763810634613,0.9944990277290344,0,4.589535236358643,10.470309257507324,-0.5960170030593872,1,0.9938929677009583,0.10386205464601517,0.03728117793798447,0,-0.10383691638708115,0.7658859491348267,0.6345371007919312,0,0.03735118359327316,-0.6345329284667969,0.771993100643158,0,-0.01643200032413006,5.131840229034424,0,1,0.9998379945755005,0.01795618236064911,0.0015130178071558475,0,-0.01799781806766987,0.9909440279006958,0.13306471705436707,0,0.000890017778147012,-0.13307029008865356,0.9911059737205505,0,0.01472300011664629,4.7961931228637695,0,1,0.9994569420814514,-0.03031577169895172,-0.012930979020893574,0,0.03230522200465202,0.9788230061531067,0.20214299857616425,0,0.006529020611196756,-0.20245100557804108,0.9792709946632385,0,1.5205800533294678,10.235286712646484,-0.7404230237007141,1,0.9948189854621887,0.09708382934331894,0.03015020489692688,0,-0.0972781777381897,0.8230122327804565,0.5596316456794739,0,0.02951720543205738,-0.5596653819084167,0.8281927108764648,0,0.0009510000236332417,5.356856822967529,0,1,0.9997410178184509,0.020044030621647835,-0.010740057565271854,0,-0.01857997290790081,0.9923059940338135,0.12240608781576157,0,0.013110942207276821,-0.12217491120100021,0.9924219846725464,0,0.005714000202715397,5.1917829513549805,0,1,0.9971219897270203,-0.06966724991798401,-0.029898926615715027,0,0.07553274184465408,0.9467499852180481,0.31298407912254333,0,0.00650207232683897,-0.31434187293052673,0.9492881298065186,0,-1.7055389881134033,9.981629371643066,-0.45947301387786865,1,0.9965569972991943,0.080416738986969,0.020164212211966515,0,-0.08012525737285614,0.8717411160469055,0.48337188363075256,0,0.021293211728334427,-0.4833231568336487,0.8751828670501709,0,0.012504000216722488,5.180834770202637,0,1,0.9992579817771912,0.03642942011356354,-0.012532480992376804,0,-0.034398578107357025,0.9901760220527649,0.1355268508195877,0,0.017346519976854324,-0.13499513268470764,0.990693986415863,0,-0.027216000482439995,4.740457057952881,0,1,0.9964489936828613,-0.0548870712518692,-0.06385374069213867,0,0.0761929303407669,0.9105488657951355,0.40631935000419617,0,0.03584026172757149,-0.4097415804862976,0.911497175693512,0,-4.404575824737549,9.259000778198242,-0.6721029877662659,1,0.9977859854698181,0.06516797840595245,0.013255809433758259,0,-0.06459301710128784,0.9022660851478577,0.4263148307800293,0,0.015821808949112892,-0.4262272119522095,0.9044778943061829,0,0.04934199899435043,4.854663848876953,0,1,0.9982730150222778,0.05872668698430061,0.0017648363718762994,0,-0.05852331221103668,0.9912639856338501,0.11819592118263245,0,0.005191836040467024,-0.11809508502483368,0.9929889440536499,0,-0.08262699842453003,3.855607032775879,0,1,-0.9951869249343872,-0.06991216540336609,0.06866192072629929,0,0.07996083796024323,-0.9844179749488831,0.15661069750785828,0,0.056643079966306686,0.16134729981422424,0.9852709770202637,0,10.333610534667969,-4.771338939666748,0.2003220021724701,1,0.9856390357017517,0.07529705762863159,0.15115082263946533,0,0.011370065622031689,0.8634628057479858,-0.5042843222618103,0,-0.1684841811656952,0.4987606704235077,0.8502061367034912,0,0,40.083839416503906,0,1,0.997963011264801,0.04846901446580887,0.04147975891828537,0,-0.05022698640823364,0.1960730105638504,0.9793019890785217,0,0.039332758635282516,-0.9793909192085266,0.19810813665390015,0,0,39.304100036621094,0,1,0.9863330125808716,-0.000028881291655125096,0.1647619754076004,0,-0.07960189878940582,0.8754640221595764,0.4766831696033478,0,-0.14425700902938843,-0.4832839369773865,0.8634971380233765,0,0,18.444286346435547,0,1,-0.9836651086807251,0.06877200305461884,-0.16635291278362274,0,-0.09212400019168854,-0.9862780570983887,0.13700297474861145,0,-0.15464812517166138,0.1500900238752365,0.9765019416809082,0,-10.333610534667969,-4.771338939666748,0.7527629733085632,1,0.9977949857711792,-0.039646994322538376,-0.053226202726364136,0,0.011499008163809776,0.893109142780304,-0.4496927559375763,0,0.06536578387022018,0.44808924198150635,0.8915959000587463,0,0,40.13115310668945,0,1,0.9992419481277466,-0.038504257798194885,0.005737691652029753,0,0.003852744121104479,0.24447593092918396,0.9696481227874756,0,-0.03873831033706665,-0.9688910841941833,0.2444389909505844,0,0,39.2901496887207,0,1,0.9862959384918213,0.0000030346943731274223,-0.1649831086397171,0,0.07946303486824036,0.8763589859008789,0.47505906224250793,0,0.14458587765693665,-0.481658935546875,0.8643490672111511,0,0,18.3802490234375,0,1
K0.033,0.999578058719635,-0.022710591554641724,0.01809696853160858,0,0.023562423884868622,0.9985529184341431,-0.04833699390292168,0,-0.016973024234175682,0.04874301701784134,0.9986670017242432,0,0.0011608883505687118,90.61624908447266,-0.14457756280899048,1,0.9999799728393555,0.0033205829095095396,0.005343098193407059,0,-0.003232412738725543,0.9998599886894226,-0.016426794230937958,0,-0.005396898370236158,0.016409199684858322,0.9998510479927063,0,0,8.600730895996094,-0.34072500467300415,1,0.99863201379776,0.0028779052663594484,0.05219988897442818,0,-0.004287089221179485,0.9996290802955627,0.026904014870524406,0,-0.05210310220718384,-0.027090998366475105,0.998274028301239,0,0,10.042057991027832,0,1,0.9986339211463928,0.004057868383824825,0.05210114270448685,0,-0.005451124627143145,0.9996309280395508,0.02662719413638115,0,-0.05197383835911751,-0.026874816045165062,0.9982870221138,0,0,11.47664737701416,0,1,0.9993169903755188,-0.021513743326067924,-0.030049975961446762,0,0.02269124798476696,0.9989650249481201,0.03941004350781441,0,0.029171021655201912,-0.04006499797105789,0.9987710118293762,0,0,12.911211967468262,0,1,0.997967004776001,0.06371009349822998,0.0019076209282502532,0,-0.06371790915727615,0.9964330196380615,0.05531994253396988,0,0.0016236226074397564,-0.05532903969287872,0.998466968536377,0,0,17.33026885986328,0.16984499990940094,1,-0.10945677757263184,-0.0013581298990175128,-0.9939910173416138,0,0.9428919553756714,-0.3166431188583374,-0.10339716076850891,0,-0.3146000802516937,-0.9485439658164978,0.0359392873942852,0,7.576417922973633,10.591551780700684,-0.05160300061106682,1,0.8951429128646851,0.3623620569705963,-0.2596389651298523,0,0.0023080650717020035,0.5786640644073486,0.8155629634857178,0,0.44577303528785706,-0.7306450605392456,0.5171509385108948,0,0,15.126083374023438,0,1,0.8753757476806641,0.4831382930278778,0.017166106030344963,0,-0.4833846688270569,0.8752702474594116,0.015534041449427605,0,-0.007519891019910574,-0.021895956248044968,0.9997319579124451,0,0,24.772058486938477,0,1,0.9354250431060791,-0.35210105776786804,-0.031711265444755554,0,0.34909194707870483,0.9058060646057129,0.24010591208934784,0,-0.05581726133823395,-0.23567113280296326,0.9702289700508118,0,0,30.634607315063477,0,1,0.9237711429595947,0.37371477484703064,-0.08356982469558716,0,-0.3516552150249481,0.9142439365386963,0.2012389749288559,0,0.15160918235778809,-0.15651099383831024,0.9759709239006042,0,-4.242733955383301,2.9392499923706055,1.3224060535430908,1,0.9867560267448425,-0.15978503227233887,-0.027950171381235123,0,0.16053394973278046,0.986661970615387,0.02697717398405075,0,0.023266809061169624,-0.031106822192668915,0.9992449879646301,0,-0.3135850131511688,4.250936985015869,0,1,0.99549800157547,-0.09476491063833237,0.0020616098772734404,0,0.09476707130670547,0.9946010112762451,-0.04227397218346596,0,0.001955609768629074,0.04227903112769127,0.9991040229797363,0,0.2933099865913391,5.231313228607178,0,1,0.9975579977035522,0.06927688419818878,0.008846626617014408,0,-0.06789512932300568,0.9322929382324219,0.35527393221855164,0,0.016364622861146927,-0.35500702261924744,0.9347199201583862,0,-4.594598770141602,10.352731704711914,-0.5541269779205322,1,0.99372798204422,-0.10636188834905624,-0.034526992589235306,0,0.10575512051582336,0.7935208678245544,0.5992831587791443,0,-0.03634298965334892,-0.599175751209259,0.7997921109199524,0,0.032016001641750336,4.927512168884277,0,1,0.9993600249290466,-0.035491809248924255,-0.004363000858575106,0,0.03562918305397034,0.9779069423675537,0.20598013699054718,0,-0.0030440008267760277,-0.20600385963916779,0.9785460829734802,0,-0.01346299983561039,4.928970813751221,0,1,0.9995779991149902,-0.02005000039935112,-0.021012097597122192,0,0.0272699985653162,0.8968521952629089,0.4414885938167572,0,0.009992904029786587,-0.4418754279613495,0.8970207571983337,0,-1.2824360132217407,10.33613395690918,-0.8320260047912598,1,0.9970510005950928,-0.07472293823957443,-0.017469851300120354,0,0.07514306902885437,0.9045192003250122,0.4197595417499542,0,-0.015563851222395897,-0.4198344349861145,0.9074668288230896,0,-0.010781999677419662,5.230743885040283,0,1,0.9998319745063782,-0.01828431338071823,-0.0009231313015334308,0,0.018218688666820526,0.9887470006942749,0.14848098158836365,0,-0.001802131300792098,-0.14847300946712494,0.9889150857925415,0,-0.013093000277876854,5.101086139678955,0,1,0.9981020092964172,-0.05378885194659233,-0.029996627941727638,0,0.061454154551029205,0.8377740979194641,0.542547881603241,0,-0.004052627831697464,-0.5433611273765564,0.8394889235496521,0,1.95107901096344,10.350570678710938,-0.46391600370407104,1,0.9990950226783752,-0.04225911945104599,-0.004815170541405678,0,0.04224188253283501,0.9726740121841431,0.228300079703331,0,-0.004964170511811972,-0.2282969057559967,0.9735790491104126,0,-0.0030990000814199448,5.001862049102783,0,1,0.9998760223388672,-0.015746986493468285,-0.0004399909230414778,0,0.015744013711810112,0.9979570508003235,0.06192188337445259,0,-0.0005359909264370799,-0.06192111596465111,0.9980810284614563,0,0.00926200021058321,4.631412982940674,0,1,0.9901990294456482,-0.12773509323596954,-0.05648064613342285,0,0.13351093232631683,0.7469932436943054,0.6512877941131592,0,-0.04100164398550987,-0.6524452567100525,0.7567259073257446,0,3.9259560108184814,8.61627197265625,-0.7818700075149536,1,0.9999029636383057,0.008142009377479553,-0.011314158327877522,0,-0.0030969898216426373,0.9211529493331909,0.3891890347003937,0,0.013590839691460133,-0.38911592960357666,0.9210880398750305,0,-0.036343999207019806,5.207526206970215,0,1,0.9995710253715515,-0.029263366013765335,0.0009733216720633209,0,0.029273629188537598,0.9994850158691406,-0.013127068057656288,0,-0.0005886782892048359,0.013149931095540524,0.9999129772186279,0,0.07968399673700333,4.089059829711914,0,1,0.06432095915079117,-0.0199513491243124,0.997730016708374,0,-0.9451588988304138,-0.3220345675945282,0.054492201656103134,0,0.32021623849868774,-0.9465179443359375,-0.039570752531290054,0,-7.576417922973633,10.594738960266113,-0.13206200301647186,1,0.9214129447937012,-0.33159205317497253,0.20259419083595276,0,0.039634957909584045,0.5988441705703735,0.7998839616775513,0,-0.38655784726142883,-0.7289941906929016,0.5649258494377136,0,0,15.126083374023438,0,1,0.859396755695343,-0.5110064744949341,-0.017595918849110603,0,0.5112805962562561,0.8592042922973633,0.018979031592607498,0,0.0054200817830860615,-0.02530696988105774,0.9996650218963623,0,0,24.77214813232422,0,1,0.9113379120826721,0.4107351303100586,-0.02757517620921135,0,-0.40855687856674194,0.9106461405754089,0.06168611720204353,0,0.05044788494706154,-0.04495086520910263,0.9977149367332458,0,0,30.639760971069336,0,1,0.9087939262390137,-0.3521629869937897,0.22377309203147888,0,0.2899229824542999,0.9186690449714661,0.26831182837486267,0,-0.3000629246234894,-0.17896319925785065,0.9369810819625854,0,4.2555131912231445,3.028204917907715,1.4591660499572754,1,0.9890229105949402,0.14520621299743652,0.027377011254429817,0,-0.14611081779003143,0.9886640906333923,0.03458278253674507,0,-0.022045018151402473,-0.038203220814466476,0.9990270137786865,0,0.3879750072956085,4.320991039276123,0,1,0.9995089769363403,-0.031283143907785416,0.0016527795232832432,0,0.03132582828402519,0.9976779818534851,-0.06047092750668526,0,0.0002427793515380472,0.060493066906929016,0.9981689453125,0,-0.14501400291919708,5.1945319175720215,0,1,0.9997550249099731,-0.02201071009039879,-0.0024859535042196512,0,0.022150255739688873,0.9940850734710693,0.1063215360045433,0,0.00013103664969094098,-0.10635053366422653,0.9943289160728455,0,4.589535236358643,10.470309257507324,-0.5960170030593872,1,0.9939109683036804,0.10372975468635559,0.0371662974357605,0,-0.10370425134897232,0.766624927520752,0.6336650848388672,0,0.03723730146884918,-0.6336609125137329,0.7727140188217163,0,-0.01643200032413006,5.131840229034424,0,1,0.9998409748077393,0.017751047387719154,0.001484843553043902,0,-0.017791947349905968,0.9911249876022339,0.13173924386501312,0,0.000866843736730516,-0.13174469769001007,0.9912830591201782,0,0.01472300011664629,4.7961931228637695,0,1,0.9994510412216187,-0.03054514154791832,-0.012869012542068958,0,0.03252984955906868,0.9784160852432251,0.2040667086839676,0,0.00635799765586853,-0.20437318086624146,0.9788719415664673,0,1.5205800533294678,10.235286712646484,-0.7404230237007141,1,0.9948379993438721,0.09692667424678802,0.030042080208659172,0,-0.09712034463882446,0.8236541152000427,0.5587148070335388,0,0.02941008098423481,-0.5587483048439026,0.8288158178329468,0,0.0009510000236332417,5.356856822967529,0,1,0.9997460842132568,0.01975957304239273,-0.01086502242833376,0,-0.01830342411994934,0.9925060868263245,0.12082081288099289,0,0.013170959427952766,-0.1205911785364151,0.9926149845123291,0,0.005714000202715397,5.1917829513549805,0,1,0.997078001499176,-0.07018860429525375,-0.030133526772260666,0,0.07611139118671417,0.9462279677391052,0.31442007422447205,0,0.006444480270147324,-0.31579479575157166,0.948805034160614,0,-1.7055389881134033,9.981629371643066,-0.45947301387786865,1,0.9965710043907166,0.08026209473609924,0.020084962248802185,0,-0.07997192442417145,0.8722171187400818,0.48253679275512695,0,0.021210961043834686,-0.4824882745742798,0.8756448030471802,0,0.012504000216722488,5.180834770202637,0,1,0.9992660284042358,0.03617996349930763,-0.012582046911120415,0,-0.03416703641414642,0.9903579354286194,0.13425122201442719,0,0.017317932099103928,-0.13372276723384857,0.990867018699646,0,-0.027216000482439995,4.740457057952881,0,1,0.9964009523391724,-0.055357158184051514,-0.0641859769821167,0,0.07684386521577835,0.9095290899276733,0.40847474336624146,0,0.035767026245594025,-0.4119371473789215,0.9105099439620972,0,-4.404575824737549,9.259000778198242,-0.6721029877662659,1,0.9977980852127075,0.06500601768493652,0.013198034837841988,0,-0.0644340068101883,0.9026060104370117,0.425616979598999,0,0.015755033120512962,-0.4255300760269165,0.904806911945343,0,0.04934199899435043,4.854663848876953,0,1,0.9982950687408447,0.058350708335638046,0.0017011063173413277,0,-0.05815128982067108,0.9914870262145996,0.11649790406227112,0,0.00511110620573163,-0.11639811098575592,0.9931889176368713,0,-0.08262699842453003,3.855607032775879,0,1,-0.9951829314231873,-0.07019922137260437,0.06842976063489914,0,0.08029276877641678,-0.9841518998146057,0.15810807049274445,0,0.056246232241392136,0.16284091770648956,0.9850480556488037,0,10.333610534667969,-4.771338939666748,0.2003220021724701,1,0.9857800602912903,0.07478900253772736,0.1504809558391571,0,0.01210102066397667,0.8615798950195312,-0.5074771046638489,0,-0.16760505735874176,0.5020817518234253,0.848423182964325,0,0,40.083839416503906,0,1,0.9978500008583069,0.04958897456526756,0.04284421354532242,0,-0.051698047667741776,0.19387298822402954,0.9796640276908875,0,0.040274206548929214,-0.9797730445861816,0.19601988792419434,0,0,39.304100036621094,0,1,0.9863330125808716,-0.00002904738903453108,0.1647617071866989,0,-0.07959704101085663,0.8754790425300598,0.47665584087371826,0,-0.14425931870937347,-0.48325613141059875,0.863511860370636,0,0,18.444286346435547,0,1,-0.983543872833252,0.06867410987615585,-0.16710631549358368,0,-0.09211789071559906,-0.9862989783287048,0.1368517279624939,0,-0.15541870892047882,0.14999324083328247,0.9763950705528259,0,-10.333610534667969,-4.771338939666748,0.7527629733085632,1,0.997734010219574,-0.040525082498788834,-0.05371672287583351,0,0.012047930620610714,0.8929910063743591,-0.44991400837898254,0,0.06620129197835922,0.44824695587158203,0.8914549350738525,0,0,40.13115310668945,0,1,0.999284029006958,-0.03712707385420799,0.007248898968100548,0,0.00205789553001523,0.24469834566116333,0.9695968627929688,0,-0.037772100418806076,-0.9688880443572998,0.2445996254682541,0,0,39.2901496887207,0,1,0.9862960577011108,0.000004209469807392452,-0.16498588025569916,0,0.07948822528123856,0.8762760162353516,0.47520801424980164,0,0.1445751190185547,-0.4818100333213806,0.8642669916152954,0,0,18.3802490234375,0,1
