8.300,30,248,67
B0,mixamorig_Hips,-1,0.9939789772033691,-0.05510282889008522,0.09470585733652115,0,0.06093019247055054,0.9963499307632446,-0.05978121608495712,0,-0.09106612950563431,0.06519176065921783,0.9937090873718262,0,0.26166799664497375,98.9962387084961,-0.12636099755764008,1
B1,mixamorig_Spine,0,0.9987050890922546,0.04474886879324913,-0.024221699684858322,0,-0.043263114988803864,0.9973359107971191,0.05873098224401474,0,0.02678530476987362,-0.05760699510574341,0.9979799389839172,0,9.999999974752427e-7,9.92345905303955,-1.227334976196289,1
B2,mixamorig_Spine1,1,0.9996150135993958,0.027212023735046387,-0.0053764283657073975,0,-0.02709798514842987,0.9994280338287354,0.02025625668466091,0,0.005924563389271498,-0.02010275423526764,0.999779999256134,0,-0.00013899999612476677,11.645440101623535,-1.422340989112854,1
B3,mixamorig_Spine2,2,0.9996110796928406,0.027270620688796043,-0.005772944074124098,0,-0.027151383459568024,0.9994350671768188,0.019815221428871155,0,0.006310057360678911,-0.01965077593922615,0.9997869729995728,0,0.00009100000170292333,13.360203742980957,-1.6264599561691284,1
B4,mixamorig_Neck,3,0.9999680519104004,0.007762343157082796,0.002149182604625821,0,-0.007935640402138233,0.9951519966125488,0.09802602976560593,0,-0.0013778521679341793,-0.09803996980190277,0.9951819777488708,0,0.00002499999936844688,15.032490730285645,0.7929049730300903,1
B5,mixamorig_Head,4,0.9997109770774841,-0.004554147366434336,-0.023614997044205666,0,0.0014058613451197743,0.9912949800491333,-0.13165567815303802,0,0.024008985608816147,0.1315843164920807,0.9910139441490173,0,0.0000019999999949504854,10.321830749511719,3.1424291133880615,1
B6,mixamorig_HeadTop_End,5,1,0,0,0,0,1,0,0,0,0,1,0,0.0001539999939268455,18.474672317504883,6.636398792266846,1
B7,mixamorig_LeftEye,5,1,0,0,0,0,1,0,0,0,0,1,0,2.9479150772094727,7.681746006011963,9.120731353759766,1
B8,mixamorig_RightEye,5,1,0,0,0,0,1,0,0,0,0,1,0,-2.9444808959960938,7.681746006011963,9.120495796203613,1
B9,mixamorig_LeftShoulder,3,0.9320529699325562,-0.21868896484375,0.28888213634490967,0,0.2035510390996933,0.9756379723548889,0.08183591067790985,0,-0.29974082112312317,-0.0174731332808733,0.9538599848747253,0,6.105823993682861,9.110424041748047,0.705551028251648,1
B10,mixamorig_LeftArm,9,0.3250311017036438,-0.944167971611023,0.05387311056256294,0,0.8817579746246338,0.32315292954444885,0.3436199426651001,0,-0.3418440520763397,-0.06418408453464508,0.9375619888305664,0,12.655036926269531,-0.2659339904785156,-2.600922107696533,1
B11,mixamorig_LeftForeArm,10,0.999675989151001,0,0.025467999279499054,0,0,1,0,0,-0.025467999279499054,0,0.999675989151001,0,27.40468406677246,0.00003899999865097925,0.000007000000096013537,1
B12,mixamorig_LeftHand,11,0.9938939809799194,-0.07716812938451767,0.07886501401662827,0,0.10773588716983795,0.8330368995666504,-0.5426252484321594,0,-0.023824090138077736,0.5478087067604065,0.8362641930580139,0,27.614463806152344,0.000029000000722589903,0.000019999999494757503,1
B13,mixamorig_LeftHandMiddle1,12,0.9616649746894836,-0.2706090807914734,-0.04440108314156532,0,0.270256906747818,0.9626880288124084,-0.013863081112504005,0,0.04649589583277702,0.0013319404097273946,0.9989179372787476,0,12.77552318572998,0.000012999999853491317,0.000019999999494757503,1
B14,mixamorig_LeftHandMiddle2,13,0.9537639617919922,-0.2989940047264099,-0.03062407486140728,0,0.2989940047264099,0.9542440176010132,-0.004686550237238407,0,0.030624059960246086,-0.004686547908931971,0.9995200037956238,0,3.613970994949341,0.000003000000106112566,0.0000019999999949504854,1
B15,mixamorig_LeftHandMiddle3,14,0.9483060240745544,-0.3157059848308563,-0.0323360450565815,0,0.3157060742378235,0.9488429427146912,-0.005239774473011494,0,0.0323360301554203,-0.005239770747721195,0.9994630217552185,0,3.4597599506378174,9.999999974752427e-7,-0.000025999999706982635,1
B16,mixamorig_LeftHandMiddle4,15,1,0,0,0,0,1,0,0,0,0,1,0,3.680191993713379,0,0.00003300000025774352,1
B17,mixamorig_LeftHandThumb1,12,0.9957360029220581,0.08381995558738708,-0.03852156922221184,0,-0.08420103043317795,0.9964139461517334,-0.008375094272196293,0,0.03768143430352211,0.011582938954234123,0.9992230534553528,0,3.7888100147247314,-2.166996955871582,3.0030879974365234,1
B18,mixamorig_LeftHandThumb2,17,0.8634437322616577,0.37136635184288025,-0.3413970470428467,0,-0.264907568693161,0.9097581505775452,0.3196300268173218,0,0.4292888045310974,-0.185543954372406,0.8839032053947449,0,3.675442934036255,-2.1220080852508545,2.12201189994812,1
B19,mixamorig_LeftHandThumb3,18,0.985709011554718,0.13796497881412506,-0.09665898978710175,0,-0.1567550152540207,0.9613369107246399,-0.22640426456928253,0,0.06168605759739876,0.2383207529783249,0.9692261219024658,0,3.3943591117858887,-1.9597439765930176,1.959792971611023,1
B20,mixamorig_LeftHandThumb4,19,1,0,0,0,0,1,0,0,0,0,1,0,2.6794040203094482,-1.5469449758529663,1.5469199419021606,1
B21,mixamorig_LeftHandIndex1,12,0.9910880327224731,-0.1321498155593872,0.01673390343785286,0,0.13212518393993378,0.9912300705909729,0.0025799765717238188,0,-0.01692809909582138,-0.0003460136940702796,0.9998570084571838,0,12.26661491394043,-0.23166899383068085,2.8220579624176025,1
B22,mixamorig_LeftHandIndex2,21,0.9539200067520142,-0.29849791526794434,-0.03057304583489895,0,0.2984980642795563,0.9543989300727844,-0.004670608788728714,0,0.03057307004928589,-0.004670610651373863,0.9995219707489014,0,3.8919670581817627,0.0000019999999949504854,0.00003899999865097925,1
B23,mixamorig_LeftHandIndex3,22,0.9900739192962646,-0.13981600105762482,-0.01432098913937807,0,0.13981600105762482,0.9901769757270813,-0.0010061452630907297,0,0.01432099100202322,-0.0010061453795060515,0.9998970627784729,0,3.415160894393921,9.999999974752427e-7,-0.000009000000318337698,1
B24,mixamorig_LeftHandIndex4,23,1,0,0,0,0,1,0,0,0,0,1,0,3.077986001968384,0,-0.000009000000318337698,1
B25,mixamorig_LeftHandRing1,12,0.9308590292930603,-0.36040303111076355,-0.060088593512773514,0,0.3598179519176483,0.9327939748764038,-0.020668936893343925,0,0.06349940598011017,-0.002381089376285672,0.9979789853096008,0,12.147005081176758,0.00989499967545271,-2.2166290283203125,1
B26,mixamorig_LeftHandRing2,25,0.9335060119628906,-0.3566960394382477,-0.03653402253985405,0,0.3566959500312805,0.9341959953308105,-0.006739848293364048,0,0.036534033715724945,-0.006739851552993059,0.9993100166320801,0,3.6011910438537598,0.0000019999999949504854,0.000035000000934815034,1
B27,mixamorig_LeftHandRing3,26,0.9513120651245117,-0.3066260516643524,-0.0314059816300869,0,0.3066259026527405,0.951816976070404,-0.004935082513839006,0,0.031405989080667496,-0.004935086239129305,0.9994950294494629,0,3.307317018508911,0.000004999999873689376,-0.00002099999983329326,1
B28,mixamorig_LeftHandRing4,27,1,0,0,0,0,1,0,0,0,0,1,0,3.6601150035858154,0.000003000000106112566,0,1
B29,mixamorig_LeftHandPinky1,12,0.8858090043067932,-0.4545299708843231,-0.09351438283920288,0,0.45384305715560913,0.8905860185623169,-0.029725702479481697,0,0.09679379314184189,-0.01610955409705639,0.995173990726471,0,10.908194541931152,-0.22636500000953674,-4.725818157196045,1
B30,mixamorig_LeftHandPinky2,29,0.9537619352340698,-0.29899999499320984,-0.030625035986304283,0,0.29899999499320984,0.9542419910430908,-0.004686796106398106,0,0.030625024810433388,-0.004686794243752956,0.999519944190979,0,4.136651992797852,0.0000019999999949504854,0.00002700000004551839,1
B31,mixamorig_LeftHandPinky3,30,0.9583839774131775,-0.28399500250816345,-0.029087964445352554,0,0.28399497270584106,0.9588159918785095,-0.004218191374093294,0,0.0290879774838686,-0.004218193236738443,0.9995679259300232,0,2.5948359966278076,0,-0.00003600000127335079,1
B32,mixamorig_LeftHandPinky4,31,1,0,0,0,0,1,0,0,0,0,1,0,2.9238688945770264,9.999999974752427e-7,0.000018999999156221747,1
B33,mixamorig_RightShoulder,3,0.932765007019043,0.2591767907142639,-0.25055304169654846,0,-0.24481020867824554,0.9656179547309875,0.08746796101331711,0,0.2646079659461975,-0.020249096676707268,0.964142918586731,0,-6.105696201324463,9.110508918762207,0.7055630087852478,1
B34,mixamorig_RightArm,33,0.4594619572162628,0.8873519897460938,-0.03875329717993736,0,-0.758217990398407,0.41457486152648926,0.5032230615615845,0,0.46260181069374084,-0.2018282562494278,0.8632870316505432,0,-12.655040740966797,-0.2660210132598877,-2.600895881652832,1
B35,mixamorig_RightForeArm,34,0.9931830167770386,0,-0.11656199395656586,0,0,1,0,0,0.11656199395656586,0,0.9931830167770386,0,-27.40468406677246,0.00003300000025774352,0.000004999999873689376,1
B36,mixamorig_RightHand,35,0.9929609894752502,0.11393005400896072,-0.03237901255488396,0,-0.11810193955898285,0.9317018389701843,-0.34348735213279724,0,-0.008965945802628994,0.34489360451698303,0.9385991096496582,0,-27.614463806152344,0.00002300000051036477,0.000018000000636675395,1
B37,mixamorig_RightHandMiddle1,36,0.9652159810066223,0.2588901221752167,0.036536805331707,0,-0.2586108446121216,0.9659039974212646,-0.012252984568476677,0,-0.03846319392323494,0.002377959666773677,0.9992570281028748,0,-12.77552318572998,0.000009000000318337698,0.000018000000636675395,1
B38,mixamorig_RightHandMiddle2,37,0.953764021396637,0.2995670735836029,0.024387944489717484,0,-0.29956695437431335,0.9540680646896362,-0.0037393567617982626,0,-0.024387944489717484,-0.0037393581587821245,0.9996960759162903,0,-3.613970994949341,0.000003000000106112566,0.000003000000106112566,1
B39,mixamorig_RightHandMiddle3,38,0.9483060240745544,0.3163120448589325,0.025751041248440742,0,-0.31631192564964294,0.9486460089683533,-0.004180739168077707,0,-0.025751041248440742,-0.0041807410307228565,0.9996600151062012,0,-3.4597599506378174,0,-0.000025999999706982635,1
B40,mixamorig_RightHandMiddle4,39,1,0,0,0,0,1,0,0,0,0,1,0,-3.680191993713379,-9.999999974752427e-7,0.00003300000025774352,1
B41,mixamorig_RightHandThumb1,36,0.997283935546875,-0.07346915453672409,0.005161192733794451,0,0.0735878199338913,0.9968730211257935,-0.028777657076716423,0,-0.0030307872220873833,0.02907932735979557,0.9995729923248291,0,-3.788809061050415,-2.1669979095458984,3.003087043762207,1
B42,mixamorig_RightHandThumb2,41,0.8333932161331177,-0.3761277198791504,0.4049486517906189,0,0.24099625647068024,0.906686007976532,0.34617993235588074,0,-0.4973694086074829,-0.19091300666332245,0.8462717533111572,0,-3.675442934036255,-2.122009038925171,2.12201189994812,1
B43,mixamorig_RightHandThumb3,42,0.9736259579658508,-0.195683091878891,0.117304228246212,0,0.21954283118247986,0.9434630870819092,-0.24835285544395447,0,-0.06207375228404999,0.2675561010837555,0.9615409970283508,0,-3.394357919692993,-1.95974600315094,1.959792971611023,1
B44,mixamorig_RightHandThumb4,43,1,0,0,0,0,1,0,0,0,0,1,0,-2.6794040203094482,-1.5469460487365723,1.5469199419021606,1
B45,mixamorig_RightHandIndex1,36,0.9926749467849731,0.11882820725440979,-0.02179901860654354,0,-0.11878478527069092,0.9929149746894836,0.003285727696493268,0,0.022035012021660805,-0.0006722679827362299,0.9997569918632507,0,-12.266615867614746,-0.231673002243042,2.8220560550689697,1
B46,mixamorig_RightHandIndex2,45,0.9539200067520142,0.29907092452049255,0.024347051978111267,0,-0.2990711033344269,0.9542239308357239,-0.0037266111467033625,0,-0.02434706501662731,-0.003726610681042075,0.9996969699859619,0,-3.8919670581817627,0,0.000037999998312443495,1
B47,mixamorig_RightHandIndex3,46,0.9900739192962646,0.14008501172065735,0.011404016055166721,0,-0.14008498191833496,0.9901390671730042,-0.0008027497096918523,0,-0.011404018849134445,-0.0008027501171454787,0.9999350309371948,0,-3.415160894393921,0,-0.000009000000318337698,1
B48,mixamorig_RightHandIndex4,47,1,0,0,0,0,1,0,0,0,0,1,0,-3.077986001968384,-9.999999974752427e-7,-0.000009000000318337698,1
B49,mixamorig_RightHandRing1,36,0.9356219172477722,0.3493821918964386,0.05044284462928772,0,-0.3489057719707489,0.9369800686836243,-0.01824413239955902,0,-0.05363808944821358,-0.0005301884957589209,0.9985600113868713,0,-12.147004127502441,0.009890999644994736,-2.2166309356689453,1
B50,mixamorig_RightHandRing2,49,0.9335060119628906,0.3573789596557617,0.029094073921442032,0,-0.3573790192604065,0.9339439868927002,-0.005377595312893391,0,-0.029094073921442032,-0.005377594381570816,0.9995620250701904,0,-3.6011910438537598,0,0.000035000000934815034,1
B51,mixamorig_RightHandRing3,50,0.9513120055198669,0.3072129487991333,0.02501007355749607,0,-0.30721309781074524,0.9516329765319824,-0.003937567118555307,0,-0.025010064244270325,-0.003937563858926296,0.9996790289878845,0,-3.307317018508911,0.000003999999989900971,-0.00002099999983329326,1
B52,mixamorig_RightHandRing4,51,1,0,0,0,0,1,0,0,0,0,1,0,-3.6601150035858154,0.0000019999999949504854,9.999999974752427e-7,1
B53,mixamorig_RightHandPinky1,36,0.8918870091438293,0.4447580575942993,0.082026906311512,0,-0.4441729187965393,0.8955559730529785,-0.026255827397108078,0,-0.08513715118169785,-0.013016893528401852,0.9962839484214783,0,-10.908193588256836,-0.2263689935207367,-4.725820064544678,1
B54,mixamorig_RightHandPinky2,53,0.9537619948387146,0.29957306385040283,0.024388082325458527,0,-0.2995729446411133,0.9540659785270691,-0.0037389565259218216,0,-0.024387935176491737,-0.0037399358116090298,0.9996960759162903,0,-4.136651992797852,0,0.000025999999706982635,1
B55,mixamorig_RightHandPinky3,54,0.9583839774131775,0.28453999757766724,0.0231640562415123,0,-0.28453999757766724,0.9586579203605652,-0.003365582088008523,0,-0.023164063692092896,-0.0033655832521617413,0.9997259974479675,0,-2.5948359966278076,-9.999999974752427e-7,-0.000037000001611886546,1
B56,mixamorig_RightHandPinky4,55,1,0,0,0,0,1,0,0,0,0,1,0,-2.9238688945770264,9.999999974752427e-7,0.000018999999156221747,1
B57,mixamorig_RightUpLeg,0,0.9819120168685913,0.05654529482126236,0.18069909512996674,0,-0.060225751250982285,0.9980729222297668,0.014942293055355549,0,-0.17950591444969177,-0.025554750114679337,0.9834250211715698,0,-9.1244535446167,-6.656397819519043,-0.05537800118327141,1
B58,mixamorig_RightLeg,57,0.9839620590209961,-0.07499770820140839,0.161843940615654,0,0.0563463419675827,0.9915430545806885,0.11690763384103775,0,-0.16924309730529785,-0.10591340065002441,0.9798669219017029,0,-0.2446800023317337,-40.595436096191406,-0.5145279765129089,1
B59,mixamorig_RightFoot,58,0.9981769919395447,0.054863132536411285,0.025147011503577232,0,-0.05325786769390106,0.996740996837616,-0.06058585271239281,0,-0.028388990089297295,0.05913613736629486,0.9978460073471069,0,0.24466900527477264,-42.04787063598633,-2.0602309703826904,1
B60,mixamorig_RightToeBase,59,1,0,0,0,0,0.9919319748878479,-0.12676799297332764,0,0,0.12676799297332764,0.9919319748878479,0,-0.3733600080013275,-10.492194175720215,12.640663146972656,1
B61,mixamorig_RightToe_End,60,1,0,0,0,0,1,0,0,0,0,1,0,0,0,9.992521286010742,1
B62,mixamorig_LeftUpLeg,0,0.9517890214920044,0.12710826098918915,-0.27917876839637756,0,-0.17311479151248932,0.9739030003547668,-0.14677919447422028,0,0.2532362937927246,0.18803289532661438,0.9489549398422241,0,9.124452590942383,-6.656398773193359,-0.05537800118327141,1
B63,mixamorig_LeftLeg,62,0.9966769218444824,0.07944706082344055,-0.017952166497707367,0,-0.07326698303222656,0.9707810878753662,0.22850671410560608,0,0.03558184579014778,-0.22643227875232697,0.9733769297599792,0,0.2446800023317337,-40.59540557861328,-0.517041027545929,1
B64,mixamorig_LeftFoot,63,0.9919120073318481,-0.12641626596450806,-0.011390060186386108,0,0.12656272947788239,0.9918699860572815,0.013222184963524342,0,0.009625967592000961,-0.01455681212246418,0.9998480677604675,0,-0.24467000365257263,-42.04800033569336,-2.05764102935791,1
B65,mixamorig_LeftToeBase,64,1,0,0,0,0,0.9963030219078064,-0.08591300249099731,0,0,0.08591300249099731,0.9963030219078064,0,0.3733600080013275,-10.492193222045898,12.640664100646973,1
B66,mixamorig_LeftToe_End,65,1,0,0,0,0,1,0,0,0,0,1,0,0,9.999999974752427e-7,9.992521286010742,1
@52,0,1,2,3,4,5,9,10,11,12,13,14,15,17,18,19,21,22,23,25,26,27,29,30,31,33,34,35,36,37,38,39,41,42,43,45,46,47,49,50,51,53,54,55,57,58,59,60,62,63,64,65
K0,0.9939789772033691,-0.055102817714214325,0.09470586478710175,0,0.06093018129467964,0.9963499307632446,-0.05978122353553772,0,-0.0910661369562149,0.06519176810979843,0.9937090873718262,0,0.26166799664497375,98.9962387084961,-0.12636099755764008,1,0.9987050890922546,0.04474887624382973,-0.024221695959568024,0,-0.04326312243938446,0.9973359107971191,0.058730993419885635,0,0.02678530104458332,-0.057607006281614304,0.9979799389839172,0,0,9.92345905303955,-1.227334976196289,1,0.9996150135993958,0.027212020009756088,-0.005376432556658983,0,-0.027097981423139572,0.9994280338287354,0.020256251096725464,0,0.005924567114561796,-0.02010274864733219,0.999779999256134,0,-0.00013899999612476677,11.645440101623535,-1.422340989112854,1,0.9996110796928406,0.027270620688796043,-0.0057729436084628105,0,-0.027151383459568024,0.9994350671768188,0.019815221428871155,0,0.006310056895017624,-0.01965077593922615,0.9997869729995728,0,0.00009100000170292333,13.360203742980957,-1.6264599561691284,1,0.9999680519104004,0.007762352470308542,0.002149165840819478,0,-0.00793564785271883,0.9951519966125488,0.09802602976560593,0,-0.0013778344728052616,-0.09803996980190277,0.9951819777488708,0,0.00002499999936844688,15.032490730285645,0.7929049730300903,1,0.9997109770774841,-0.0045541441068053246,-0.02361500822007656,0,0.001405856222845614,0.9912949800491333,-0.13165569305419922,0,0.024008994922041893,0.13158433139324188,0.9910139441490173,0,0.0000019999999949504854,10.321830749511719,3.1424291133880615,1,0.9320529699325562,-0.21868896484375,0.28888213634490967,0,0.2035510390996933,0.9756379723548889,0.08183588832616806,0,-0.29974082112312317,-0.017473112791776657,0.9538599848747253,0,6.105823993682861,9.110424041748047,0.705551028251648,1,0.3250311315059662,-0.944167971611023,0.05387303978204727,0,0.8817579746246338,0.32315292954444885,0.3436198830604553,0,-0.34184396266937256,-0.06418412923812866,0.9375619888305664,0,12.655036926269531,-0.2659339904785156,-2.600922107696533,1,0.999675989151001,0,0.025467999279499054,0,0,1,0,0,-0.025467999279499054,0,0.999675989151001,0,27.40468406677246,0.00003899999865097925,0.000007000000096013537,1,0.9938939809799194,-0.07716813683509827,0.07886496186256409,0,0.10773586481809616,0.8330368399620056,-0.5426253080368042,0,-0.023824036121368408,0.5478087067604065,0.8362641334533691,0,27.614463806152344,0.000029000000722589903,0.000019999999494757503,1,0.9616649746894836,-0.2706090807914734,-0.04440109431743622,0,0.270256906747818,0.9626880288124084,-0.01386307179927826,0,0.04649590328335762,0.0013319281861186028,0.9989179372787476,0,12.77552318572998,0.000012999999853491317,0.000019999999494757503,1,0.953764021396637,-0.2989940047264099,-0.03062400594353676,0,0.2989940047264099,0.9542440176010132,-0.004686538130044937,0,0.030623991042375565,-0.004686538130044937,0.9995200037956238,0,3.613970994949341,0.000003000000106112566,0.0000019999999949504854,1,0.9483060240745544,-0.3157059848308563,-0.03233600780367851,0,0.3157060742378235,0.9488429427146912,-0.0052397665567696095,0,0.03233599290251732,-0.0052397665567696095,0.9994630217552185,0,3.4597599506378174,0,-0.000025999999706982635,1,0.9957360029220581,0.08381995558738708,-0.03852156549692154,0,-0.08420103043317795,0.9964139461517334,-0.00837507750838995,0,0.03768143430352211,0.01158292219042778,0.9992230534553528,0,3.7888100147247314,-2.166996955871582,3.0030879974365234,1,0.8634436726570129,0.37136638164520264,-0.34139710664749146,0,-0.264907568693161,0.9097580909729004,0.31963005661964417,0,0.4292888641357422,-0.185543954372406,0.8839031457901001,0,3.675442934036255,-2.1220080852508545,2.12201189994812,1,0.985709011554718,0.13796499371528625,-0.09665897488594055,0,-0.1567550152540207,0.9613369107246399,-0.22640426456928253,0,0.06168603524565697,0.2383207529783249,0.9692261219024658,0,3.3943591117858887,-1.9597439765930176,1.959792971611023,1,0.9910880327224731,-0.1321498155593872,0.01673390157520771,0,0.13212518393993378,0.9912300705909729,0.0025799814611673355,0,-0.01692809723317623,-0.0003460187872406095,0.9998570084571838,0,12.26661491394043,-0.23166899383068085,2.8220579624176025,1,0.9539200067520142,-0.29849791526794434,-0.030572986230254173,0,0.2984980642795563,0.9543989300727844,-0.0046706004068255424,0,0.030573010444641113,-0.004670601338148117,0.9995219707489014,0,3.8919670581817627,0.0000019999999949504854,0.00003899999865097925,1,0.9900739192962646,-0.13981600105762482,-0.014320999383926392,0,0.13981600105762482,0.9901769757270813,-0.0010061460779979825,0,0.01432100124657154,-0.0010061460779979825,0.9998970627784729,0,3.415160894393921,0,-0.000009000000318337698,1,0.9308590292930603,-0.36040303111076355,-0.06008857861161232,0,0.3598179519176483,0.9327939748764038,-0.020669013261795044,0,0.06349942088127136,-0.0023810132406651974,0.9979789853096008,0,12.147005081176758,0.00989499967545271,-2.2166290283203125,1,0.9335060119628906,-0.3566960394382477,-0.03653399646282196,0,0.3566959500312805,0.9341959953308105,-0.0067398445680737495,0,0.036534007638692856,-0.0067398445680737495,0.9993100166320801,0,3.6011910438537598,0.0000019999999949504854,0.000035000000934815034,1,0.9513120651245117,-0.3066260516643524,-0.03140599653124809,0,0.3066259026527405,0.951816976070404,-0.0049350871704518795,0,0.03140600770711899,-0.0049350871704518795,0.9994950294494629,0,3.307317018508911,0.000004999999873689376,-0.00002099999983329326,1,0.8858090043067932,-0.45452994108200073,-0.09351431578397751,0,0.45384302735328674,0.8905860185623169,-0.029725605621933937,0,0.09679368883371353,-0.016109604388475418,0.9951740503311157,0,10.908194541931152,-0.22636500000953674,-4.725818157196045,1,0.9537619352340698,-0.29899999499320984,-0.030625006183981895,0,0.29899999499320984,0.9542419910430908,-0.004686790518462658,0,0.03062499314546585,-0.004686790518462658,0.999519944190979,0,4.136651992797852,0.0000019999999949504854,0.00002700000004551839,1,0.9583839774131775,-0.28399500250816345,-0.029087992385029793,0,0.28399497270584106,0.9588159918785095,-0.004218196030706167,0,0.029088005423545837,-0.004218196030706167,0.9995679259300232,0,2.5948359966278076,0,-0.00003600000127335079,1,0.932765007019043,0.2591768205165863,-0.25055304169654846,0,-0.24481023848056793,0.9656179547309875,0.08746793866157532,0,0.2646079659461975,-0.02024906687438488,0.964142918586731,0,-6.105696201324463,9.110508918762207,0.7055630087852478,1,0.4594620168209076,0.8873519897460938,-0.03875337913632393,0,-0.7582180500030518,0.4145750105381012,0.5032228827476501,0,0.4626016616821289,-0.20182813704013824,0.8632871508598328,0,-12.655040740966797,-0.2660210132598877,-2.600895881652832,1,0.9931830167770386,0,-0.11656199395656586,0,0,1,0,0,0.11656199395656586,0,0.9931830167770386,0,-27.40468406677246,0.00003300000025774352,0.000004999999873689376,1,0.9929609894752502,0.11393006145954132,-0.03237898275256157,0,-0.11810194700956345,0.9317018389701843,-0.34348738193511963,0,-0.008965980261564255,0.34489360451698303,0.9385991096496582,0,-27.614463806152344,0.00002300000051036477,0.000018000000636675395,1,0.9652159810066223,0.2588901221752167,0.036536805331707,0,-0.2586108446121216,0.9659039974212646,-0.01225301343947649,0,-0.038463201373815536,0.0023779873736202717,0.9992570281028748,0,-12.77552318572998,0.000009000000318337698,0.000018000000636675395,1,0.953764021396637,0.2995670735836029,0.02438800036907196,0,-0.29956695437431335,0.9540680646896362,-0.0037393663078546524,0,-0.02438800036907196,-0.0037393663078546524,0.9996960759162903,0,-3.613970994949341,0.000003000000106112566,0.000003000000106112566,1,0.9483060240745544,0.3163120448589325,0.02575100027024746,0,-0.31631192564964294,0.9486460089683533,-0.00418073358014226,0,-0.02575100027024746,-0.00418073358014226,0.9996600151062012,0,-3.4597599506378174,0,-0.000025999999706982635,1,0.997283935546875,-0.07346916198730469,0.0051612029783427715,0,0.0735878273844719,0.9968730211257935,-0.02877766452729702,0,-0.0030307965353131294,0.029079334810376167,0.9995729923248291,0,-3.788809061050415,-2.1669979095458984,3.003087043762207,1,0.8333932161331177,-0.3761277198791504,0.4049486219882965,0,0.24099621176719666,0.9066859483718872,0.3461799621582031,0,-0.4973693788051605,-0.19091303646564484,0.8462717533111572,0,-3.675442934036255,-2.122009038925171,2.12201189994812,1,0.9736259579658508,-0.19568312168121338,0.1173042356967926,0,0.21954286098480225,0.9434630274772644,-0.24835288524627686,0,-0.06207374483346939,0.2675561308860779,0.9615409970283508,0,-3.394357919692993,-1.95974600315094,1.959792971611023,1,0.9926749467849731,0.1188281998038292,-0.021799001842737198,0,-0.11878477782011032,0.9929149746894836,0.0032857288606464863,0,0.02203499525785446,-0.0006722711841575801,0.9997569918632507,0,-12.266615867614746,-0.231673002243042,2.8220560550689697,1,0.9539200067520142,0.29907092452049255,0.02434699237346649,0,-0.2990711033344269,0.9542239308357239,-0.00372660206630826,0,-0.024347005411982536,-0.0037266018334776163,0.9996969699859619,0,-3.8919670581817627,0,0.000037999998312443495,1,0.9900739192962646,0.14008501172065735,0.011403998360037804,0,-0.14008498191833496,0.9901390671730042,-0.0008027486619539559,0,-0.011404001154005527,-0.0008027487201616168,0.9999350309371948,0,-3.415160894393921,0,-0.000009000000318337698,1,0.9356219172477722,0.349382221698761,0.05044287443161011,0,-0.3489058017730713,0.9369800686836243,-0.018244167789816856,0,-0.05363812670111656,-0.0005301667843014002,0.9985600113868713,0,-12.147004127502441,0.009890999644994736,-2.2166309356689453,1,0.9335060119628906,0.3573789596557617,0.029093999415636063,0,-0.3573790192604065,0.9339439868927002,-0.005377580877393484,0,-0.029093999415636063,-0.005377580877393484,0.9995620250701904,0,-3.6011910438537598,0,0.000035000000934815034,1,0.9513120055198669,0.3072129487991333,0.02501000463962555,0,-0.30721309781074524,0.9516329765319824,-0.00393755454570055,0,-0.025009995326399803,-0.00393755454570055,0.9996790289878845,0,-3.307317018508911,0.000003999999989900971,-0.00002099999983329326,1,0.8918870091438293,0.4447580873966217,0.08202686905860901,0,-0.4441729485988617,0.8955559730529785,-0.026255855336785316,0,-0.08513712882995605,-0.013016854412853718,0.9962839484214783,0,-10.908193588256836,-0.2263689935207367,-4.725820064544678,1,0.9537619948387146,0.29957306385040283,0.02438807673752308,0,-0.2995729446411133,0.9540659785270691,-0.003738944884389639,0,-0.02438792586326599,-0.003739945124834776,0.9996960759162903,0,-4.136651992797852,0,0.000025999999706982635,1,0.9583839774131775,0.28453999757766724,0.023163996636867523,0,-0.28453999757766724,0.9586579203605652,-0.003365573938935995,0,-0.02316400408744812,-0.003365573938935995,0.9997259974479675,0,-2.5948359966278076,0,-0.000037000001611886546,1,0.9819120168685913,0.05654527246952057,0.18069909512996674,0,-0.060225725173950195,0.9980729222297668,0.014942272566258907,0,-0.17950591444969177,-0.025554725900292397,0.9834250211715698,0,-9.1244535446167,-6.656397819519043,-0.05537800118327141,1,0.9839620590209961,-0.074997678399086,0.1618439108133316,0,0.05634631589055061,0.9915430545806885,0.11690761148929596,0,-0.16924305260181427,-0.10591337829828262,0.9798669219017029,0,-0.2446800023317337,-40.595436096191406,-0.5145279765129089,1,0.9981769919395447,0.05486312881112099,0.025147011503577232,0,-0.053257863968610764,0.996740996837616,-0.06058585271239281,0,-0.028388990089297295,0.05913613736629486,0.9978460073471069,0,0.24466900527477264,-42.04787063598633,-2.0602309703826904,1,1,0,0,0,0,0.9919319748878479,-0.12676799297332764,0,0,0.12676799297332764,0.9919319748878479,0,-0.3733600080013275,-10.492194175720215,12.640663146972656,1,0.9517890214920044,0.12710823118686676,-0.2791787087917328,0,-0.17311473190784454,0.9739030003547668,-0.1467791497707367,0,0.2532362639904022,0.1880328357219696,0.9489549994468689,0,9.124452590942383,-6.656398773193359,-0.05537800118327141,1,0.9966769218444824,0.07944703102111816,-0.01795216277241707,0,-0.07326695322990417,0.9707810878753662,0.22850671410560608,0,0.035581834614276886,-0.22643227875232697,0.9733769297599792,0,0.2446800023317337,-40.59540557861328,-0.517041027545929,1,0.9919120073318481,-0.12641626596450806,-0.011390047147870064,0,0.12656272947788239,0.9918699860572815,0.013222187757492065,0,0.009625954553484917,-0.014556813053786755,0.9998480677604675,0,-0.24467000365257263,-42.04800033569336,-2.05764102935791,1,1,0,0,0,0,0.9963030219078064,-0.08591300249099731,0,0,0.08591300249099731,0.9963030219078064,0,0.3733600080013275,-10.492193222045898,12.640664100646973,1
