4.933,30,148,67
B0,mixamorig_Hips,-1,0.8393439650535583,0.008705141954123974,0.5435320138931274,0,0.0024882606230676174,0.9998000264167786,-0.01985514536499977,0,-0.5435959100723267,0.018017735332250595,0.839154064655304,0,0.034929998219013214,97.98294067382812,-0.2039009928703308,1
B1,mixamorig_Spine,0,0.9966099262237549,-0.007428972516208887,-0.08193100243806839,0,0.010580038651823997,0.9992179870605469,0.03809313103556633,0,0.08158400654792786,-0.03883085772395134,0.9959099888801575,0,9.999999974752427e-7,9.92345905303955,-1.227334976196289,1
B2,mixamorig_Spine1,1,0.9863949418067932,-0.01315412949770689,-0.16386717557907104,0,0.02576388791203499,0.9968459606170654,0.0750652328133583,0,0.16236279904842377,-0.07826576381921768,0.9836220145225525,0,-0.00013899999612476677,11.645440101623535,-1.422340989112854,1
B3,mixamorig_Spine2,2,0.9863949418067932,-0.01315412949770689,-0.16386717557907104,0,0.02576388791203499,0.9968459606170654,0.0750652328133583,0,0.16236279904842377,-0.07826576381921768,0.9836220145225525,0,0.00009100000170292333,13.360203742980957,-1.6264599561691284,1
B4,mixamorig_Neck,3,0.9937240481376648,0.018230751156806946,0.11036378890275955,0,0.0008488301536999643,0.9853719472885132,-0.17041435837745667,0,-0.11185625195503235,0.1694386601448059,0.9791730642318726,0,0.00002499999936844688,15.032490730285645,0.7929049730300903,1
B5,mixamorig_Head,4,0.9643409252166748,0.0656774565577507,-0.25638511776924133,0,-0.0388495959341526,0.9933540225028992,0.10833979398012161,0,0.26179683208465576,-0.0945160984992981,0.9604840278625488,0,0.0000019999999949504854,10.321830749511719,3.1424291133880615,1
B6,mixamorig_HeadTop_End,5,1,0,0,0,0,1,0,0,0,0,1,0,0.0001539999939268455,18.474672317504883,6.636398792266846,1
B7,mixamorig_LeftEye,5,1,0,0,0,0,1,0,0,0,0,1,0,2.9479150772094727,7.681746006011963,9.120731353759766,1
B8,mixamorig_RightEye,5,1,0,0,0,0,1,0,0,0,0,1,0,-2.9444808959960938,7.681746006011963,9.120495796203613,1
B9,mixamorig_LeftShoulder,3,0.9640899896621704,-0.2653212547302246,0.011655992828309536,0,0.2652007043361664,0.9641310572624207,0.010907935909926891,0,-0.014132018201053143,-0.007425057236105204,0.9998729228973389,0,6.105823993682861,9.110424041748047,0.705551028251648,1
B10,mixamorig_LeftArm,9,0.4635191559791565,-0.8850629329681396,0.04259807616472244,0,0.8858960270881653,0.4618840217590332,-0.04303911328315735,0,0.018416935577988625,0.057686880230903625,0.9981650710105896,0,12.655036926269531,-0.2659339904785156,-2.600922107696533,1
B11,mixamorig_LeftForeArm,10,0.8556101322174072,-0.10411778092384338,0.5070419311523438,0,-0.016279779374599457,0.9736639857292175,0.22740700840950012,0,-0.5173650979995728,-0.20282606780529022,0.8313809633255005,0,27.40468406677246,0.00003899999865097925,0.000007000000096013537,1
B12,mixamorig_LeftHand,11,0.9900779724121094,0.04067099094390869,-0.1345018744468689,0,-0.024573972448706627,0.9925609827041626,0.11924213171005249,0,0.13835109770298004,-0.114753857254982,0.9837129712104797,0,27.614463806152344,0.000029000000722589903,0.000019999999494757503,1
B13,mixamorig_LeftHandMiddle1,12,0.954197108745575,-0.24535979330539703,-0.17119204998016357,0,0.2474592924118042,0.9688540101051331,-0.009304642677307129,0,0.16814306378364563,-0.03348459303379059,0.9851939678192139,0,12.77552318572998,0.000012999999853491317,0.000019999999494757503,1
B14,mixamorig_LeftHandMiddle2,13,0.9276208877563477,-0.3724423348903656,0.02840212732553482,0,0.37251967191696167,0.9280201196670532,0.0027092499658465385,0,-0.02736678719520569,0.008067194372415543,0.9995930194854736,0,3.613970994949341,0.000003000000106112566,0.0000019999999949504854,1
B15,mixamorig_LeftHandMiddle3,14,1,0,0,0,0,1,0,0,0,0,1,0,3.4597599506378174,9.999999974752427e-7,-0.000025999999706982635,1
B16,mixamorig_LeftHandMiddle4,15,1,0,0,0,0,1,0,0,0,0,1,0,3.680191993713379,0,0.00003300000025774352,1
B17,mixamorig_LeftHandThumb1,12,0.9918930530548096,-0.08127909898757935,-0.09768401086330414,0,0.09545988589525223,0.9839779734611511,0.15057890117168427,0,0.08388000726699829,-0.15868310630321503,0.9837599992752075,0,3.7888100147247314,-2.166996955871582,3.0030879974365234,1
B18,mixamorig_LeftHandThumb2,17,0.9999060034751892,0.013684223406016827,-0.0006479647126980126,0,-0.01368777360767126,0.999889075756073,-0.005835837684571743,0,0.0005680342437699437,0.0058441623114049435,0.999983012676239,0,3.675442934036255,-2.1220080852508545,2.12201189994812,1
B19,mixamorig_LeftHandThumb3,18,1,-0.000001999803316721227,0.000018999042367795482,0,0.0000019999934011138976,1,-0.000009999472240451723,0,-0.000018999024177901447,0.000009999510439229198,1,0,3.3943591117858887,-1.9597439765930176,1.959792971611023,1
B20,mixamorig_LeftHandThumb4,19,1,0,0,0,0,1,0,0,0,0,1,0,2.6794040203094482,-1.5469449758529663,1.5469199419021606,1
B21,mixamorig_LeftHandIndex1,12,0.9903920292854309,-0.06449061632156372,0.12232623994350433,0,0.0659203752875328,0.9977949857711792,-0.007672928739339113,0,-0.12156174331903458,0.015663009136915207,0.9924600124359131,0,12.26661491394043,-0.23166899383068085,2.8220579624176025,1
B22,mixamorig_LeftHandIndex2,21,0.9591310024261475,-0.28263604640960693,-0.01356083620339632,0,0.2826139032840729,0.9592270255088806,-0.00356711121276021,0,0.014016125351190567,-0.00041115423664450645,0.999902069568634,0,3.8919670581817627,0.0000019999999949504854,0.00003899999865097925,1
B23,mixamorig_LeftHandIndex3,22,1,0,0,0,0,1,0,0,0,0,1,0,3.415160894393921,9.999999974752427e-7,-0.000009000000318337698,1
B24,mixamorig_LeftHandIndex4,23,1,0,0,0,0,1,0,0,0,0,1,0,3.077986001968384,0,-0.000009000000318337698,1
B25,mixamorig_LeftHandRing1,12,0.8253589868545532,-0.5096741318702698,-0.2429286390542984,0,0.5027098655700684,0.8592461347579956,-0.094758041203022,0,0.25703126192092896,-0.04391324147582054,0.9654048681259155,0,12.147005081176758,0.00989499967545271,-2.2166290283203125,1
B26,mixamorig_LeftHandRing2,25,0.8469918966293335,-0.5296661853790283,0.04537314549088478,0,0.5294998288154602,0.8481481075286865,0.016602223739027977,0,-0.04727675020694733,0.009963118471205235,0.9988320469856262,0,3.6011910438537598,0.0000019999999949504854,0.000035000000934815034,1
B27,mixamorig_LeftHandRing3,26,1,0,0,0,0,1,0,0,0,0,1,0,3.307317018508911,0.000004999999873689376,-0.00002099999983329326,1
B28,mixamorig_LeftHandRing4,27,1,0,0,0,0,1,0,0,0,0,1,0,3.6601150035858154,0.000003000000106112566,0,1
B29,mixamorig_LeftHandPinky1,12,0.7769781947135925,-0.5529859066009521,-0.30085286498069763,0,0.5437901616096497,0.83033287525177,-0.12181785702705383,0,0.31717124581336975,-0.06895093619823456,0.9458578824996948,0,10.908194541931152,-0.22636500000953674,-4.725818157196045,1
B30,mixamorig_LeftHandPinky2,29,0.7690860629081726,-0.6333509087562561,0.08586926013231277,0,0.6311219930648804,0.7737669944763184,0.05448927730321884,0,-0.10095363110303879,0.012287041172385216,0.9948149919509888,0,4.136651992797852,0.0000019999999949504854,0.00002700000004551839,1
B31,mixamorig_LeftHandPinky3,30,1,0,0,0,0,1,0,0,0,0,1,0,2.5948359966278076,0,-0.00003600000127335079,1
B32,mixamorig_LeftHandPinky4,31,1,0,0,0,0,1,0,0,0,0,1,0,2.9238688945770264,9.999999974752427e-7,0.000018999999156221747,1
B33,mixamorig_RightShoulder,3,0.9510980844497681,0.2778669595718384,-0.13491785526275635,0,-0.2733369767665863,0.960545003414154,0.051390040665864944,0,0.1438741385936737,-0.01199891697615385,0.9895229339599609,0,-6.105696201324463,9.110508918762207,0.7055630087852478,1
B34,mixamorig_RightArm,33,0.48746904730796814,0.8676239848136902,0.09799770265817642,0,-0.8094320297241211,0.49113112688064575,-0.3218858540058136,0,-0.32740527391433716,0.0775868371129036,0.9416929483413696,0,-12.655040740966797,-0.2660210132598877,-2.600895881652832,1
B35,mixamorig_RightForeArm,34,0.9217379689216614,0.09181269258260727,-0.37678807973861694,0,-0.12198629230260849,0.9908959269523621,-0.05696193501353264,0,0.36812788248062134,0.09846694022417068,0.9245460033416748,0,-27.40468406677246,0.00003300000025774352,0.000004999999873689376,1
B36,mixamorig_RightHand,35,0.9763730764389038,0.2156708538532257,0.01345300953835249,0,-0.2154211848974228,0.9665680527687073,0.13906985521316528,0,0.016990061849355698,-0.13868211209774017,0.9901909828186035,0,-27.614463806152344,0.00002300000051036477,0.000018000000636675395,1
B37,mixamorig_RightHandMiddle1,36,0.9741570353507996,0.22096368670463562,0.04682799428701401,0,-0.22011831402778625,0.9752119183540344,-0.022563911974430084,0,-0.05065303295850754,0.011673097498714924,0.9986479878425598,0,-12.77552318572998,0.000009000000318337698,0.000018000000636675395,1
B38,mixamorig_RightHandMiddle2,37,0.8604899644851685,0.5084021687507629,-0.03293471783399582,0,-0.5084899067878723,0.8610450625419617,0.006276225205510855,0,0.031549122184515,0.011346342973411083,0.9994380474090576,0,-3.613970994949341,0.000003000000106112566,0.000003000000106112566,1
B39,mixamorig_RightHandMiddle3,38,1,0,0,0,0,1,0,0,0,0,1,0,-3.4597599506378174,0,-0.000025999999706982635,1
B40,mixamorig_RightHandMiddle4,39,1,0,0,0,0,1,0,0,0,0,1,0,-3.680191993713379,-9.999999974752427e-7,0.00003300000025774352,1
B41,mixamorig_RightHandThumb1,36,0.9963209629058838,0.006597800645977259,0.08544228225946426,0,0.0066697499714791775,0.9880369901657104,-0.1540699005126953,0,-0.08543674647808075,0.15407311916351318,0.984359085559845,0,-3.788809061050415,-2.1669979095458984,3.003087043762207,1
B42,mixamorig_RightHandThumb2,41,0.9432809352874756,-0.09443074464797974,0.3182821273803711,0,0.046983178704977036,0.987015962600708,0.15359428524971008,0,-0.32865390181541443,-0.12992878258228302,0.9354709982872009,0,-3.675442934036255,-2.122009038925171,2.12201189994812,1
B43,mixamorig_RightHandThumb3,42,1,9.998541372624459e-7,-0.000018999038729816675,0,-0.0000010000442216551164,1,-0.000009999482244893443,0,0.000018999027815880254,0.000009999500434787478,1,0,-3.394357919692993,-1.95974600315094,1.959792971611023,1
B44,mixamorig_RightHandThumb4,43,1,0,0,0,0,1,0,0,0,0,1,0,-2.6794040203094482,-1.5469460487365723,1.5469199419021606,1
B45,mixamorig_RightHandIndex1,36,0.9966570138931274,0.07931128144264221,0.019634226337075233,0,-0.07890372723340988,0.9966670870780945,-0.02072877250611782,0,-0.021212788298726082,0.019110240042209625,0.9995920062065125,0,-12.266615867614746,-0.231673002243042,2.8220560550689697,1
B46,mixamorig_RightHandIndex2,45,0.9564090371131897,0.29139164090156555,0.019291099160909653,0,-0.2913843095302582,0.9566009044647217,-0.0032601389102637768,0,-0.019403865560889244,-0.0025030977558344603,0.9998090863227844,0,-3.8919670581817627,0,0.000037999998312443495,1
B47,mixamorig_RightHandIndex3,46,1,0,0,0,0,1,0,0,0,0,1,0,-3.415160894393921,0,-0.000009000000318337698,1
B48,mixamorig_RightHandIndex4,47,1,0,0,0,0,1,0,0,0,0,1,0,-3.077986001968384,-9.999999974752427e-7,-0.000009000000318337698,1
B49,mixamorig_RightHandRing1,36,0.9209789037704468,0.36539527773857117,0.13522210717201233,0,-0.3676877021789551,0.9299101233482361,-0.008520417846739292,0,-0.12885773181915283,-0.041872382164001465,0.9907790422439575,0,-12.147004127502441,0.009890999644994736,-2.2166309356689453,1
B50,mixamorig_RightHandRing2,49,0.7923703193664551,0.6068006157875061,-0.06278503686189651,0,-0.6064803600311279,0.7946657538414001,0.02622777223587036,0,0.06580813974142075,0.017295781522989273,0.9976819753646851,0,-3.6011910438537598,0,0.000035000000934815034,1
B51,mixamorig_RightHandRing3,50,1,0,0,0,0,1,0,0,0,0,1,0,-3.307317018508911,0.000003999999989900971,-0.00002099999983329326,1
B52,mixamorig_RightHandRing4,51,1,0,0,0,0,1,0,0,0,0,1,0,-3.6601150035858154,0.0000019999999949504854,9.999999974752427e-7,1
B53,mixamorig_RightHandPinky1,36,0.897261917591095,0.4014579951763153,0.18372103571891785,0,-0.4055609405040741,0.9139219522476196,-0.016366740688681602,0,-0.17447707056999207,-0.05982475355267525,0.9828420877456665,0,-10.908193588256836,-0.2263689935207367,-4.725820064544678,1
B54,mixamorig_RightHandPinky2,53,0.7465519309043884,0.6544191241264343,-0.1199822872877121,0,-0.6510788202285767,0.7557080984115601,0.0707239955663681,0,0.13695475459098816,0.025318806990981102,0.9902540445327759,0,-4.136651992797852,0,0.000025999999706982635,1
B55,mixamorig_RightHandPinky3,54,1,0,0,0,0,1,0,0,0,0,1,0,-2.5948359966278076,-9.999999974752427e-7,-0.000037000001611886546,1
B56,mixamorig_RightHandPinky4,55,1,0,0,0,0,1,0,0,0,0,1,0,-2.9238688945770264,9.999999974752427e-7,0.000018999999156221747,1
B57,mixamorig_RightUpLeg,0,0.9530389904975891,-0.10181308537721634,0.2852218747138977,0,0.12302703410387039,0.9907400012016296,-0.057426389306783676,0,-0.2767340838909149,0.08981962502002716,0.9567400217056274,0,-9.1244535446167,-6.656397819519043,-0.05537800118327141,1
B58,mixamorig_RightLeg,57,0.9930919408798218,-0.044150251895189285,0.10871584713459015,0,0.007771744392812252,0.9492270946502686,0.31449469923973083,0,-0.11708104610443115,-0.3114772439002991,0.9430128931999207,0,-0.2446800023317337,-40.595436096191406,-0.5145279765129089,1
B59,mixamorig_RightFoot,58,0.9925950169563293,0.1213163211941719,-0.006198319140821695,0,-0.12010662257671356,0.9725030660629272,-0.19952908158302307,0,-0.018178237602114677,0.19879591464996338,0.9798719882965088,0,0.24466900527477264,-42.04787063598633,-2.0602309703826904,1
B60,mixamorig_RightToeBase,59,0.9998790621757507,-0.014145936816930771,0.006482953205704689,0,0.014256062917411327,0.9997490048408508,-0.01726883091032505,0,-0.006237043533474207,0.017359167337417603,0.9998300075531006,0,-0.3733600080013275,-10.492194175720215,12.640663146972656,1
B61,mixamorig_RightToe_End,60,1,0,0,0,0,1,0,0,0,0,1,0,0,0,9.992521286010742,1
B62,mixamorig_LeftUpLeg,0,0.977340042591095,0.0656517967581749,-0.20123820006847382,0,-0.11589812487363815,0.9614930152893066,-0.24919787049293518,0,0.17712874710559845,0.2668740451335907,0.9473140239715576,0,9.124452590942383,-6.656398773193359,-0.05537800118327141,1
B63,mixamorig_LeftLeg,62,0.9994760155677795,-0.009723908267915249,0.030860817059874535,0,0.0009290461894124746,0.962005078792572,0.27302873134613037,0,-0.03234320133924484,-0.2728572487831116,0.961510956287384,0,0.2446800023317337,-40.59540557861328,-0.517041027545929,1
B64,mixamorig_LeftFoot,63,0.9975429773330688,-0.06995933502912521,-0.0037378324195742607,0,0.06999766081571579,0.9974820017814636,0.011367152445018291,0,0.0029331815894693136,-0.011600860394537449,0.9999279975891113,0,-0.24467000365257263,-42.04800033569336,-2.05764102935791,1
B65,mixamorig_LeftToeBase,64,0.9983260035514832,0.016281109303236008,0.05550472438335419,0,-0.013996876776218414,0.9990490078926086,-0.04129701480269432,0,-0.05612427368760109,0.04045097157359123,0.9976040124893188,0,0.3733600080013275,-10.492193222045898,12.640664100646973,1
B66,mixamorig_LeftToe_End,65,1,0,0,0,0,1,0,0,0,0,1,0,0,9.999999974752427e-7,9.992521286010742,1
@52,0,1,2,3,4,5,9,10,11,12,13,14,15,17,18,19,21,22,23,25,26,27,29,30,31,33,34,35,36,37,38,39,41,42,43,45,46,47,49,50,51,53,54,55,57,58,59,60,62,63,64,65
K0,0.8393439054489136,0.008705219253897667,0.5435320734977722,0,0.002488219179213047,0.9998000264167786,-0.01985522173345089,0,-0.5435959696769714,0.018017776310443878,0.8391540050506592,0,0.034929998219013214,97.98294067382812,-0.2039009928703308,1,0.9966099858283997,-0.007428966928273439,-0.08193099498748779,0,0.01058003306388855,0.9992179870605469,0.03809313476085663,0,0.08158399909734726,-0.03883086144924164,0.9959099888801575,0,0,9.92345905303955,-1.227334976196289,1,0.9863949418067932,-0.013154120184481144,-0.16386717557907104,0,0.025763878598809242,0.9968459606170654,0.0750652328133583,0,0.16236279904842377,-0.07826576381921768,0.9836220145225525,0,-0.00013899999612476677,11.645440101623535,-1.422340989112854,1,0.9863949418067932,-0.013154120184481144,-0.16386717557907104,0,0.025763878598809242,0.9968459606170654,0.0750652328133583,0,0.16236279904842377,-0.07826576381921768,0.9836220145225525,0,0.00009100000170292333,13.360203742980957,-1.6264599561691284,1,0.9937240481376648,0.01823079027235508,0.11036377400159836,0,0.0008487890008836985,0.9853719472885132,-0.17041437327861786,0,-0.11185624450445175,0.1694386601448059,0.9791730642318726,0,0.00002499999936844688,15.032490730285645,0.7929049730300903,1,0.9643409252166748,0.06567744165658951,-0.2563851475715637,0,-0.03884956240653992,0.9933540225028992,0.10833985358476639,0,0.26179686188697815,-0.09451615810394287,0.9604840278625488,0,0.0000019999999949504854,10.321830749511719,3.1424291133880615,1,0.9640899896621704,-0.2653212547302246,0.011655987240374088,0,0.2652007043361664,0.9641310572624207,0.010907938703894615,0,-0.01413201354444027,-0.007425061427056789,0.9998729228973389,0,6.105823993682861,9.110424041748047,0.705551028251648,1,0.46351903676986694,-0.8850629329681396,0.04259801656007767,0,0.8858960866928101,0.46188387274742126,-0.04303916171193123,0,0.01841701567173004,0.05768684670329094,0.9981650710105896,0,12.655036926269531,-0.2659339904785156,-2.600922107696533,1,0.8556101322174072,-0.10411777347326279,0.5070419311523438,0,-0.01627977006137371,0.9736639857292175,0.22740697860717773,0,-0.5173650979995728,-0.20282603800296783,0.8313809633255005,0,27.40468406677246,0.00003899999865097925,0.000007000000096013537,1,0.9900779724121094,0.040671009570360184,-0.1345018744468689,0,-0.02457399107515812,0.9925609827041626,0.11924213916063309,0,0.13835111260414124,-0.11475386470556259,0.9837129712104797,0,27.614463806152344,0.000029000000722589903,0.000019999999494757503,1,0.954197108745575,-0.24535976350307465,-0.1711919903755188,0,0.2474592626094818,0.9688540101051331,-0.009304611943662167,0,0.16814298927783966,-0.033484604209661484,0.9851939678192139,0,12.77552318572998,0.000012999999853491317,0.000019999999494757503,1,0.9276208877563477,-0.3724423348903656,0.02840217761695385,0,0.37251967191696167,0.9280201196670532,0.0027092306409031153,0,-0.027366826310753822,0.008067230693995953,0.9995930194854736,0,3.613970994949341,0.000003000000106112566,0.0000019999999949504854,1,1,0,0,0,0,1,0,0,0,0,1,0,3.4597599506378174,0,-0.000025999999706982635,1,0.9918930530548096,-0.08127909898757935,-0.09768401086330414,0,0.09545988589525223,0.9839779734611511,0.15057890117168427,0,0.08388000726699829,-0.15868310630321503,0.9837599992752075,0,3.7888100147247314,-2.166996955871582,3.0030879974365234,1,0.9999060034751892,0.013684224337339401,-0.0006479652365669608,0,-0.013687774538993835,0.999889075756073,-0.005835837684571743,0,0.0005680347676388919,0.0058441623114049435,0.999983012676239,0,3.675442934036255,-2.1220080852508545,2.12201189994812,1,1,-0.00000199990495275415,0.000019000008251168765,0,0.0000020000950371468207,1,-0.000009999980647990014,0,-0.00001899999006127473,0.000010000018846767489,1,0,3.3943591117858887,-1.9597439765930176,1.959792971611023,1,0.9903920292854309,-0.06449061632156372,0.12232624739408493,0,0.0659203752875328,0.9977949857711792,-0.007672959938645363,0,-0.12156175076961517,0.015663040801882744,0.9924600124359131,0,12.26661491394043,-0.23166899383068085,2.8220579624176025,1,0.9591310024261475,-0.28263604640960693,-0.013560851104557514,0,0.2826139032840729,0.9592270255088806,-0.00356713542714715,0,0.014016146771609783,-0.00041113546467386186,0.999902069568634,0,3.8919670581817627,0.0000019999999949504854,0.00003899999865097925,1,1,0,0,0,0,1,0,0,0,0,1,0,3.415160894393921,0,-0.000009000000318337698,1,0.8253589868545532,-0.5096741914749146,-0.2429286390542984,0,0.5027098655700684,0.8592461347579956,-0.09475815296173096,0,0.25703132152557373,-0.04391314461827278,0.9654048681259155,0,12.147005081176758,0.00989499967545271,-2.2166290283203125,1,0.8469918966293335,-0.5296661257743835,0.04537321254611015,0,0.5294998288154602,0.8481481075286865,0.016602184623479843,0,-0.04727678745985031,0.009963186457753181,0.9988320469856262,0,3.6011910438537598,0.0000019999999949504854,0.000035000000934815034,1,1,0,0,0,0,1,0,0,0,0,1,0,3.307317018508911,0.000004999999873689376,-0.00002099999983329326,1,0.7769781947135925,-0.5529859066009521,-0.30085280537605286,0,0.5437901616096497,0.83033287525177,-0.12181788682937622,0,0.31717124581336975,-0.06895088404417038,0.9458578824996948,0,10.908194541931152,-0.22636500000953674,-4.725818157196045,1,0.7690860033035278,-0.6333509683609009,0.08586934953927994,0,0.6311220526695251,0.7737669348716736,0.05448918044567108,0,-0.10095363855361938,0.012287178076803684,0.9948149919509888,0,4.136651992797852,0.0000019999999949504854,0.00002700000004551839,1,1,0,0,0,0,1,0,0,0,0,1,0,2.5948359966278076,0,-0.00003600000127335079,1,0.9510980844497681,0.27786698937416077,-0.13491785526275635,0,-0.2733370065689087,0.960545003414154,0.051390063017606735,0,0.1438741385936737,-0.011998937465250492,0.9895229339599609,0,-6.105696201324463,9.110508918762207,0.7055630087852478,1,0.48746904730796814,0.8676239252090454,0.09799761325120926,0,-0.8094319701194763,0.49113109707832336,-0.32188600301742554,0,-0.3274053633213043,0.07758697122335434,0.9416928887367249,0,-12.655040740966797,-0.2660210132598877,-2.600895881652832,1,0.9217379689216614,0.09181268513202667,-0.37678810954093933,0,-0.12198629975318909,0.9908958673477173,-0.056961994618177414,0,0.36812788248062134,0.09846699237823486,0.9245460033416748,0,-27.40468406677246,0.00003300000025774352,0.000004999999873689376,1,0.9763730764389038,0.2156708538532257,0.013453038409352303,0,-0.21542119979858398,0.9665680527687073,0.13906987011432648,0,0.016990037634968758,-0.13868212699890137,0.9901909828186035,0,-27.614463806152344,0.00002300000051036477,0.000018000000636675395,1,0.9741570353507996,0.22096368670463562,0.046827979385852814,0,-0.22011831402778625,0.9752119183540344,-0.022563904523849487,0,-0.050653018057346344,0.011673093773424625,0.9986479878425598,0,-12.77552318572998,0.000009000000318337698,0.000018000000636675395,1,0.8604899644851685,0.5084021687507629,-0.03293478116393089,0,-0.5084899067878723,0.8610450625419617,0.006276304833590984,0,0.03154921904206276,0.011346306651830673,0.9994380474090576,0,-3.613970994949341,0.000003000000106112566,0.000003000000106112566,1,1,0,0,0,0,1,0,0,0,0,1,0,-3.4597599506378174,0,-0.000025999999706982635,1,0.9963209629058838,0.006597774103283882,0.08544226735830307,0,0.0066697741858661175,0.9880369901657104,-0.1540699005126953,0,-0.08543673157691956,0.15407311916351318,0.984359085559845,0,-3.788809061050415,-2.1669979095458984,3.003087043762207,1,0.9432809352874756,-0.09443077445030212,0.3182820975780487,0,0.04698322340846062,0.987015962600708,0.1535942554473877,0,-0.32865390181541443,-0.12992875277996063,0.9354709982872009,0,-3.675442934036255,-2.122009038925171,2.12201189994812,1,1,0,-0.000019000004613189958,0,-0.000001000095039671578,1,-0.000009999990652431734,0,0.000018999993699253537,0.00001000000884232577,1,0,-3.394357919692993,-1.95974600315094,1.959792971611023,1,0.9966570138931274,0.07931128144264221,0.019634218886494637,0,-0.07890372723340988,0.9966670870780945,-0.020728765055537224,0,-0.021212780848145485,0.01911023259162903,0.9995920062065125,0,-12.266615867614746,-0.231673002243042,2.8220560550689697,1,0.9564090371131897,0.29139167070388794,0.019291119650006294,0,-0.29138433933258057,0.9566009044647217,-0.003260121215134859,0,-0.019403880462050438,-0.002503121504560113,0.9998090863227844,0,-3.8919670581817627,0,0.000037999998312443495,1,1,0,0,0,0,1,0,0,0,0,1,0,-3.415160894393921,0,-0.000009000000318337698,1,0.9209789037704468,0.36539530754089355,0.1352221816778183,0,-0.36768773198127747,0.9299100637435913,-0.008520415984094143,0,-0.1288578063249588,-0.04187241569161415,0.9907790422439575,0,-12.147004127502441,0.009890999644994736,-2.2166309356689453,1,0.7923703193664551,0.6068006157875061,-0.06278495490550995,0,-0.6064803600311279,0.7946657538414001,0.02622774802148342,0,0.06580805033445358,0.017295747995376587,0.9976819753646851,0,-3.6011910438537598,0,0.000035000000934815034,1,1,0,0,0,0,1,0,0,0,0,1,0,-3.307317018508911,0.000003999999989900971,-0.00002099999983329326,1,0.897261917591095,0.4014579951763153,0.18372099101543427,0,-0.4055609405040741,0.9139219522476196,-0.016366736963391304,0,-0.17447702586650848,-0.05982473865151405,0.9828420877456665,0,-10.908193588256836,-0.2263689935207367,-4.725820064544678,1,0.7465518712997437,0.6544191241264343,-0.1199822872877121,0,-0.6510788798332214,0.7557080388069153,0.07072389125823975,0,0.13695469498634338,0.025318894535303116,0.9902540445327759,0,-4.136651992797852,0,0.000025999999706982635,1,1,0,0,0,0,1,0,0,0,0,1,0,-2.5948359966278076,0,-0.000037000001611886546,1,0.9530389904975891,-0.10181302577257156,0.2852218747138977,0,0.12302696704864502,0.9907400012016296,-0.05742638185620308,0,-0.2767340838909149,0.08981960266828537,0.9567400217056274,0,-9.1244535446167,-6.656397819519043,-0.05537800118327141,1,0.9930919408798218,-0.04415025934576988,0.10871589183807373,0,0.007771735545247793,0.9492270946502686,0.3144947290420532,0,-0.11708109080791473,-0.31147727370262146,0.9430128931999207,0,-0.2446800023317337,-40.595436096191406,-0.5145279765129089,1,0.9925950169563293,0.12131635844707489,-0.00619828375056386,0,-0.12010665237903595,0.9725030660629272,-0.19952909648418427,0,-0.01817828230559826,0.19879592955112457,0.9798719882965088,0,0.24466900527477264,-42.04787063598633,-2.0602309703826904,1,0.9998790621757507,-0.014145936816930771,0.006482955068349838,0,0.014256062917411327,0.9997490048408508,-0.01726883091032505,0,-0.006237045396119356,0.017359167337417603,0.9998300075531006,0,-0.3733600080013275,-10.492194175720215,12.640663146972656,1,0.9773399829864502,0.06565182656049728,-0.2012382298707962,0,-0.11589816957712173,0.9614930152893066,-0.24919788539409637,0,0.17712876200675964,0.2668740749359131,0.9473140239715576,0,9.124452590942383,-6.656398773193359,-0.05537800118327141,1,0.9994760155677795,-0.009723929688334465,0.03086080774664879,0,0.0009290698217228055,0.962005078792572,0.27302873134613037,0,-0.032343193888664246,-0.2728572487831116,0.961510956287384,0,0.2446800023317337,-40.59540557861328,-0.517041027545929,1,0.9975429773330688,-0.06995934247970581,-0.0037378252018243074,0,0.06999766826629639,0.9974820017814636,0.011367146857082844,0,0.0029331748373806477,-0.011600853875279427,0.9999279975891113,0,-0.24467000365257263,-42.04800033569336,-2.05764102935791,1,0.9983260035514832,0.016281116753816605,0.055504728108644485,0,-0.013996883295476437,0.9990490078926086,-0.04129701852798462,0,-0.05612427741289139,0.04045097529888153,0.9976040124893188,0,0.3733600080013275,-10.492193222045898,12.640664100646973,1
K0.033,0.838252067565918,0.008610150776803493,0.5452148914337158,0,0.0020991445053368807,0.9998169541358948,-0.019016696140170097,0,-0.5452790856361389,0.017085278406739235,0.8380810022354126,0,0.03296579420566559,97.98404693603516,-0.19615502655506134,1,0.9965960383415222,-0.007625919301062822,-0.08208367228507996,0,0.010780084878206253,0.9992179870605469,0.03805182874202728,0,0.08172932267189026,-0.03880717232823372,0.995898962020874,0,0,9.92345905303955,-1.227334976196289,1,0.9863379597663879,-0.01354200765490532,-0.1641741842031479,0,0.02616400085389614,0.9968429803848267,0.07496482878923416,0,0.16264081001281738,-0.0782361626625061,0.9835789799690247,0,-0.00013899999612476677,11.645440101623535,-1.422340989112854,1,0.9863379597663879,-0.013542048633098602,-0.1641741842031479,0,0.02616395615041256,0.9968429207801819,0.07496432960033417,0,0.16264082491397858,-0.07823566347360611,0.9835789799690247,0,0.00009100000170292333,13.360203742980957,-1.6264599561691284,1,0.9937840104103088,0.019811008125543594,0.1095508337020874,0,-0.0013790191151201725,0.9861540198326111,-0.16582490503787994,0,-0.11131910979747772,0.16464298963546753,0.9800509810447693,0,0.00002499999936844688,15.032490730285645,0.7929049730300903,1,0.9633038640022278,0.0748169794678688,-0.25777432322502136,0,-0.045911215245723724,0.9921420216560364,0.11639100313186646,0,0.26445668935775757,-0.10028515756130219,0.9591689705848694,0,0.0000019999999949504854,10.321830749511719,3.1424291133880615,1,0.9640430212020874,-0.26549622416496277,0.011546933092176914,0,0.2653767466545105,0.9640830755233765,0.010896037332713604,0,-0.014025057666003704,-0.007439959794282913,0.9998739361763,0,6.105823993682861,9.110424041748047,0.705551028251648,1,0.46401599049568176,-0.8850029110908508,0.03820321708917618,0,0.8855639696121216,0.4623960554599762,-0.044341444969177246,0,0.021577296778559685,0.0544065423309803,0.9982860684394836,0,12.655036926269531,-0.2659339904785156,-2.600922107696533,1,0.85518479347229,-0.10425323992967606,0.50773024559021,0,-0.016271241009235382,0.9736810326576233,0.22733396291732788,0,-0.5180677771568298,-0.2026740163564682,0.8309811949729919,0,27.40468406677246,0.00003899999865097925,0.000007000000096013537,1,0.9900789856910706,0.04066377878189087,-0.13450010120868683,0,-0.024558255448937416,0.9925540089607239,0.1193038821220398,0,0.13834989070892334,-0.11481712013483047,0.9837049841880798,0,27.614463806152344,0.000029000000722589903,0.000019999999494757503,1,0.9529399871826172,-0.25052696466445923,-0.17070986330509186,0,0.2525341510772705,0.9675339460372925,-0.01021284144371748,0,0.16772611439228058,-0.03337783366441727,0.9852679967880249,0,12.77552318572998,0.000012999999853491317,0.000019999999494757503,1,0.9257089495658875,-0.37712907791137695,0.028936907649040222,0,0.37720802426338196,0.9261239171028137,0.0028821751475334167,0,-0.027886103838682175,0.008247175253927708,0.999576985836029,0,3.613970994949341,0.000003000000106112566,0.0000019999999949504854,1,1,0,0,0,0,1,0,0,0,0,1,0,3.4597599506378174,0,-0.000025999999706982635,1,0.9915140271186829,-0.07976187765598297,-0.10265106707811356,0,0.09502208977937698,0.9835559725761414,0.1535830944776535,0,0.08871302008628845,-0.16203396022319794,0.9827889800071716,0,3.7888100147247314,-2.166996955871582,3.0030879974365234,1,0.9998750686645508,0.014660234563052654,-0.005971429403871298,0,-0.014680787920951843,0.9998859763145447,-0.003414855571463704,0,0.005920683965086937,0.003502093255519867,0.9999759793281555,0,3.675442934036255,-2.1220080852508545,2.12201189994812,1,1,0,0.000019000004613189958,0,0.000001000095039671578,1,-0.000009999990652431734,0,-0.000018999993699253537,0.00001000000884232577,1,0,3.3943591117858887,-1.9597439765930176,1.959792971611023,1,0.9900659322738647,-0.06936504691839218,0.12230145186185837,0,0.07073105126619339,0.9974719882011414,-0.006857805419713259,0,-0.12151654809713364,0.015440186485648155,0.992469072341919,0,12.26661491394043,-0.23166899383068085,2.8220579624176025,1,0.9575849771499634,-0.28786298632621765,-0.012882535345852375,0,0.2878400981426239,0.9576719403266907,-0.003644854761660099,0,0.01338645163923502,-0.00021785212447866797,0.9999099969863892,0,3.8919670581817627,0.0000019999999949504854,0.00003899999865097925,1,1,0,0,0,0,1,0,0,0,0,1,0,3.415160894393921,0,-0.000009000000318337698,1,0.8229870200157166,-0.5139068365097046,-0.24205739796161652,0,0.5067582726478577,0.8567318916320801,-0.09594781696796417,0,0.25668662786483765,-0.043700795620679855,0.9655061364173889,0,12.147005081176758,0.00989499967545271,-2.2166290283203125,1,0.8440249562263489,-0.534349262714386,0.04575030878186226,0,0.5341808795928955,0.8452020883560181,0.016854945570230484,0,-0.04767470061779022,0.01021294854581356,0.9988110661506653,0,3.6011910438537598,0.0000019999999949504854,0.000035000000934815034,1,1,0,0,0,0,1,0,0,0,0,1,0,3.307317018508911,0.000004999999873689376,-0.00002099999983329326,1,0.774276852607727,-0.5572531819343567,-0.2999398708343506,0,0.5477278828620911,0.827497124671936,-0.12346577644348145,0,0.317001074552536,-0.06868875026702881,0.945935070514679,0,10.908194541931152,-0.22636500000953674,-4.725818157196045,1,0.7658360004425049,-0.6373000144958496,0.0856979489326477,0,0.635049045085907,0.7705169320106506,0.05492605268955231,0,-0.10103605687618256,0.012358047999441624,0.9948059916496277,0,4.136651992797852,0.0000019999999949504854,0.00002700000004551839,1,1,0,0,0,0,1,0,0,0,0,1,0,2.5948359966278076,0,-0.00003600000127335079,1,0.9508899450302124,0.2781032621860504,-0.1358957290649414,0,-0.2735567092895508,0.9604800939559937,0.05143867805600166,0,0.14483027160167694,-0.011737318709492683,0.9893869161605835,0,-6.105696201324463,9.110508918762207,0.7055630087852478,1,0.48946672677993774,0.8660791516304016,0.10163412988185883,0,-0.8074347972869873,0.4941442608833313,-0.3222891390323639,0,-0.32934996485710144,0.07568690925836563,0.9411700963973999,0,-12.655040740966797,-0.2660210132598877,-2.600895881652832,1,0.922352135181427,0.09242893755435944,-0.3751307427883148,0,-0.12211005389690399,0.9909310340881348,-0.05608116835355759,0,0.3665452003479004,0.09753382951021194,0.9252738952636719,0,-27.40468406677246,0.00003300000025774352,0.000004999999873689376,1,0.976917028427124,0.21317602694034576,0.013736947439610958,0,-0.21299895644187927,0.967176079750061,0.1385708451271057,0,0.016253935173153877,-0.1382981687784195,0.9902570247650146,0,-27.614463806152344,0.00002300000051036477,0.000018000000636675395,1,0.9747630953788757,0.21816486120224,0.04734991490840912,0,-0.2173171043395996,0.9758430123329163,-0.02242797613143921,0,-0.05109909921884537,0.011572019197046757,0.9986270070075989,0,-12.77552318572998,0.000009000000318337698,0.000018000000636675395,1,0.861937940120697,0.5059520602226257,-0.03277607262134552,0,-0.5060399174690247,0.8624880909919739,0.006182273384183645,0,0.031396929174661636,0.011257272213697433,0.9994439482688904,0,-3.613970994949341,0.000003000000106112566,0.000003000000106112566,1,1,0,0,0,0,1,0,0,0,0,1,0,-3.4597599506378174,0,-0.000025999999706982635,1,0.9963409304618835,0.009879079647362232,0.0848989263176918,0,0.002944018691778183,0.9887420535087585,-0.14960268139839172,0,-0.08542106300592422,0.14930520951747894,0.9850950241088867,0,-3.788809061050415,-2.1669979095458984,3.003087043762207,1,0.9431749582290649,-0.09514196217060089,0.3183861970901489,0,0.04781404882669449,0.9870219826698303,0.15330497920513153,0,-0.3288397490978241,-0.12937001883983612,0.9354830980300903,0,-3.675442934036255,-2.122009038925171,2.12201189994812,1,1,0,-0.000019000004613189958,0,-0.0000010001051578001352,1,-0.000009999990652431734,0,0.000018999993699253537,0.00001000000884232577,1,0,-3.394357919692993,-1.95974600315094,1.959792971611023,1,0.9968709349632263,0.07650100439786911,0.01990356296300888,0,-0.07608991861343384,0.9968870282173157,-0.020651035010814667,0,-0.021421436220407486,0.01907196268439293,0.9995889663696289,0,-12.266615867614746,-0.231673002243042,2.8220560550689697,1,0.9567630887031555,0.29021990299224854,0.019417021423578262,0,-0.2902129888534546,0.9569569826126099,-0.0032380358316004276,0,-0.01952098309993744,-0.002537036780267954,0.9998059868812561,0,-3.8919670581817627,0,0.000037999998312443495,1,1,0,0,0,0,1,0,0,0,0,1,0,-3.415160894393921,0,-0.000009000000318337698,1,0.9217811226844788,0.36318472027778625,0.13570696115493774,0,-0.3655162453651428,0.9307689666748047,-0.008216900750994682,0,-0.12929606437683105,-0.04202890768647194,0.9907150864601135,0,-12.147004127502441,0.009890999644994736,-2.2166309356689453,1,0.794297993183136,0.604301929473877,-0.06252909451723099,0,-0.6039829254150391,0.7965720891952515,0.026029963046312332,0,0.0655389055609703,0.01709096133708954,0.9977039694786072,0,-3.6011910438537598,0,0.000035000000934815034,1,1,0,0,0,0,1,0,0,0,0,1,0,-3.307317018508911,0.000003999999989900971,-0.00002099999983329326,1,0.8983250260353088,0.3988530933856964,0.18419665098190308,0,-0.4030308723449707,0.9150490164756775,-0.01583866961300373,0,-0.17486633360385895,-0.06000867858529091,0.9827619194984436,0,-10.908193588256836,-0.2263689935207367,-4.725820064544678,1,0.7484490275382996,0.6522559523582458,-0.11994002759456635,0,-0.6489248871803284,0.7575831413269043,0.07045906782150269,0,0.1368219554424286,0.025097070261836052,0.9902780652046204,0,-4.136651992797852,0,0.000025999999706982635,1,1,0,0,0,0,1,0,0,0,0,1,0,-2.5948359966278076,0,-0.000037000001611886546,1,0.9531161189079285,-0.100913867354393,0.2852828800678253,0,0.12252312153577805,0.9907169938087463,-0.05889478698372841,0,-0.27669110894203186,0.09108725190162659,0.9566318988800049,0,-9.1244535446167,-6.656397819519043,-0.05537800118327141,1,0.9932870268821716,-0.04470880702137947,0.10669010877609253,0,0.008943210355937481,0.9492120742797852,0.31450867652893066,0,-0.11533284932374954,-0.3114432394504547,0.9432398676872253,0,-0.2446800023317337,-40.595436096191406,-0.5145279765129089,1,0.9925699830055237,0.12151633203029633,-0.0061980183236300945,0,-0.12030667066574097,0.9725231528282166,-0.19931267201900482,0,-0.018192017450928688,0.19857732951641083,0.9799158573150635,0,0.24466900527477264,-42.04787063598633,-2.0602309703826904,1,0.999875009059906,-0.014450793154537678,0.0063919806852936745,0,0.014559214934706688,0.9997450113296509,-0.017254043370485306,0,-0.006141019985079765,0.01734495908021927,0.9998310804367065,0,-0.3733600080013275,-10.492194175720215,12.640663146972656,1,0.9774819612503052,0.06519007682800293,-0.20069803297519684,0,-0.11544591933488846,0.9613360166549683,-0.25001105666160583,0,0.17663992941379547,0.26755091547966003,0.9472140669822693,0,9.124452590942383,-6.656398773193359,-0.05537800118327141,1,0.9995560050010681,-0.007614016532897949,0.028804857283830643,0,-0.0005510479095391929,0.9619049429893494,0.2733832001686096,0,-0.029789090156555176,-0.27327778935432434,0.9614740610122681,0,0.2446800023317337,-40.59540557861328,-0.517041027545929,1,0.9974669218063354,-0.07103429734706879,-0.003782636020332575,0,0.07107174396514893,0.9974120855331421,0.010902898386120796,0,0.0029983639251440763,-0.011144106276333332,0.9999330043792725,0,-0.24467000365257263,-42.04800033569336,-2.05764102935791,1,0.9983260035514832,0.016281116753816605,0.055504728108644485,0,-0.013996883295476437,0.9990490078926086,-0.04129701852798462,0,-0.05612427741289139,0.04045097529888153,0.9976040124893188,0,0.3733600080013275,-10.492193222045898,12.640664100646973,1
