10.533,30,315,67
B0,mixamorig_Hips,-1,0.9995179772377014,-0.027677999809384346,0.014063999988138676,0,0.02801400050520897,0.9993119835853577,-0.024292999878525734,0,-0.013381999917328358,0.024675000458955765,0.9996060132980347,0,-0.07013600319623947,95.36295318603516,0.21290400624275208,1
B1,mixamorig_Spine,0,0.9999859929084778,0.0017719999887049198,0.005061000119894743,0,-0.001905999961309135,0.9996449947357178,0.026559000834822655,0,-0.0050119999796152115,-0.026568999513983727,0.9996340274810791,0,9.999999974752427e-7,9.92345905303955,-1.227334976196289,1
B2,mixamorig_Spine1,1,0.9997090101242065,0.0036170000676065683,0.023857999593019485,0,-0.004379000049084425,0.9994779825210571,0.03199800103902817,0,-0.023730000481009483,-0.032092999666929245,0.9992030262947083,0,-0.00013899999612476677,11.645440101623535,-1.422340989112854,1
B3,mixamorig_Spine2,2,0.9997090101242065,0.004133999813348055,0.02376599982380867,0,-0.004891000222414732,0.9994789958000183,0.031911998987197876,0,-0.023621000349521637,-0.0320190005004406,0.9992079734802246,0,0.00009100000170292333,13.360203742980957,-1.6264599561691284,1
B4,mixamorig_Neck,3,0.9999279975891113,-0.010852999985218048,0.0050860000774264336,0,0.010885000228881836,0.9999210238456726,-0.006300000008195639,0,-0.005016999784857035,0.00635500019416213,0.9999669790267944,0,0.00002499999936844688,15.032490730285645,0.7929049730300903,1
B5,mixamorig_Head,4,0.9953870177268982,0.07352100312709808,0.06164700165390968,0,-0.08011800050735474,0.9904230237007141,0.11243999749422073,0,-0.05279000103473663,-0.11686000227928162,0.9917439818382263,0,0.0000019999999949504854,10.321830749511719,3.1424291133880615,1
B6,mixamorig_HeadTop_End,5,1,0,0,0,0,1,0,0,0,0,1,0,0.0001539999939268455,18.474672317504883,6.636398792266846,1
B7,mixamorig_LeftEye,5,1,0,0,0,0,1,0,0,0,0,1,0,2.9479150772094727,7.681746006011963,9.120731353759766,1
B8,mixamorig_RightEye,5,1,0,0,0,0,1,0,0,0,0,1,0,-2.9444808959960938,7.681746006011963,9.120495796203613,1
B9,mixamorig_LeftShoulder,3,0.9924100041389465,-0.12130600214004517,-0.02019600011408329,0,0.1214430034160614,0.9925820231437683,0.005671999882906675,0,0.01935799978673458,-0.008081999607384205,0.999779999256134,0,6.105823993682861,9.110424041748047,0.705551028251648,1
B10,mixamorig_LeftArm,9,0.514506995677948,-0.8574209809303284,0.010545000433921814,0,0.8003749847412109,0.4846149981021881,0.3529140055179596,0,-0.30770599842071533,-0.17313699424266815,0.9355959892272949,0,12.655036926269531,-0.2659339904785156,-2.600922107696533,1
B11,mixamorig_LeftForeArm,10,0.8647900223731995,0,0.5021330118179321,0,0,1,0,0,-0.5021330118179321,0,0.8647900223731995,0,27.40468406677246,0.00003899999865097925,0.000007000000096013537,1
B12,mixamorig_LeftHand,11,0.9963369965553284,-0.05986599996685982,-0.06105700135231018,0,0.07271099835634232,0.9689080119132996,0.2364960014820099,0,0.04500100016593933,-0.24006900191307068,0.9697120189666748,0,27.614463806152344,0.000029000000722589903,0.000019999999494757503,1
B13,mixamorig_LeftHandMiddle1,12,0.9223499894142151,-0.382097989320755,-0.05720299854874611,0,0.3822009861469269,0.9240300059318542,-0.00955399964004755,0,0.05650800094008446,-0.01305100042372942,0.9983170032501221,0,12.77552318572998,0.000012999999853491317,0.000019999999494757503,1
B14,mixamorig_LeftHandMiddle2,13,0.8697980046272278,-0.4898569881916046,-0.05908999964594841,0,0.4898569881916046,0.8716660141944885,-0.01548099983483553,0,0.05908999964594841,-0.01548099983483553,0.9981330037117004,0,3.613970994949341,0.000003000000106112566,0.0000019999999949504854,1
B15,mixamorig_LeftHandMiddle3,14,0.9734830260276794,-0.22711199522018433,-0.027396000921726227,0,0.22711199522018433,0.9738640189170837,-0.0031530000269412994,0,0.027396000921726227,-0.0031530000269412994,0.9996200203895569,0,3.4597599506378174,9.999999974752427e-7,-0.000025999999706982635,1
B16,mixamorig_LeftHandMiddle4,15,1,0,0,0,0,1,0,0,0,0,1,0,3.680191993713379,0,0.00003300000025774352,1
B17,mixamorig_LeftHandThumb1,12,0.9528869986534119,0.2780250012874603,-0.12127599865198135,0,-0.292807012796402,0.9474989771842957,-0.12848900258541107,0,0.07918599992990494,0.15794600546360016,0.9842680096626282,0,3.7888100147247314,-2.166996955871582,3.0030879974365234,1
B18,mixamorig_LeftHandThumb2,17,0.9423009753227234,0.054030001163482666,-0.3303770124912262,0,-0.02292099967598915,0.9949859976768494,0.09734699875116348,0,0.333979994058609,-0.08415800333023071,0.9388149976730347,0,3.675442934036255,-2.1220080852508545,2.12201189994812,1
B19,mixamorig_LeftHandThumb3,18,0.9983530044555664,0.045531999319791794,-0.03488700091838837,0,-0.04575299844145775,0.9989370107650757,-0.005553000140935183,0,0.03459800034761429,0.007139999885112047,0.9993759989738464,0,3.3943591117858887,-1.9597439765930176,1.959792971611023,1
B20,mixamorig_LeftHandThumb4,19,1,0,0,0,0,1,0,0,0,0,1,0,2.6794040203094482,-1.5469449758529663,1.5469199419021606,1
B21,mixamorig_LeftHandIndex1,12,0.9743769764900208,-0.2249010056257248,0.0029090000316500664,0,0.22491200268268585,0.974370002746582,-0.0042039998807013035,0,-0.0018889999482780695,0.004749999847263098,0.999987006187439,0,12.26661491394043,-0.23166899383068085,2.8220579624176025,1
B22,mixamorig_LeftHandIndex2,21,0.7826420068740845,-0.6179919838905334,-0.07454700022935867,0,0.6179919838905334,0.7857599854469299,-0.025843000039458275,0,0.07454700022935867,-0.025843000039458275,0.996882975101471,0,3.8919670581817627,0.0000019999999949504854,0.00003899999865097925,1
B23,mixamorig_LeftHandIndex3,22,0.9694470167160034,-0.24353499710559845,-0.029377000406384468,0,0.24353499710559845,0.969884991645813,-0.0036329999566078186,0,0.029377000406384468,-0.0036329999566078186,0.9995620250701904,0,3.415160894393921,9.999999974752427e-7,-0.000009000000318337698,1
B24,mixamorig_LeftHandIndex4,23,1,0,0,0,0,1,0,0,0,0,1,0,3.077986001968384,0,-0.000009000000318337698,1
B25,mixamorig_LeftHandRing1,12,0.8188120126724243,-0.5712829828262329,-0.05640900135040283,0,0.5710539817810059,0.8206260204315186,-0.02169400081038475,0,0.05868399888277054,-0.014449999667704105,0.9981719851493835,0,12.147005081176758,0.00989499967545271,-2.2166290283203125,1
B26,mixamorig_LeftHandRing2,25,0.9445000290870667,-0.3261469900608063,-0.039342001080513,0,0.3261469900608063,0.9452959895133972,-0.006599000189453363,0,0.039342001080513,-0.006599000189453363,0.9992039799690247,0,3.6011910438537598,0.0000019999999949504854,0.000035000000934815034,1
B27,mixamorig_LeftHandRing3,26,0.9796919822692871,-0.19906499981880188,-0.02401299960911274,0,0.19906499981880188,0.9799829721450806,-0.0024139999877661467,0,0.02401299960911274,-0.00241499999538064,0.9997090101242065,0,3.307317018508911,0.000004999999873689376,-0.00002099999983329326,1
B28,mixamorig_LeftHandRing4,27,1,0,0,0,0,1,0,0,0,0,1,0,3.6601150035858154,0.000003000000106112566,0,1
B29,mixamorig_LeftHandPinky1,12,0.7355570197105408,-0.6613339781761169,-0.1469459980726242,0,0.6649489998817444,0.7462790012359619,-0.030162999406456947,0,0.12961100041866302,-0.07552400231361389,0.9886850118637085,0,10.908194541931152,-0.22636500000953674,-4.725818157196045,1
B30,mixamorig_LeftHandPinky2,29,0.9470360279083252,-0.3197619915008545,0.02957800030708313,0,0.31940099596977234,0.9474790096282959,0.016327999532222748,0,-0.033245999366045,-0.006016000173985958,0.9994289875030518,0,4.136651992797852,0.0000019999999949504854,0.00002700000004551839,1
B31,mixamorig_LeftHandPinky3,30,0.9861389994621277,-0.16472800076007843,-0.019871000200510025,0,0.16472800076007843,0.9863380193710327,-0.0016479999758303165,0,0.019871000200510025,-0.0016479999758303165,0.999800980091095,0,2.5948359966278076,0,-0.00003600000127335079,1
B32,mixamorig_LeftHandPinky4,31,1,0,0,0,0,1,0,0,0,0,1,0,2.9238688945770264,9.999999974752427e-7,0.000018999999156221747,1
B33,mixamorig_RightShoulder,3,0.9917190074920654,0.10034599900245667,-0.08015300333499908,0,-0.09912600368261337,0.9948920011520386,0.019071999937295914,0,0.08165699988603592,-0.010968999937176704,0.9965999722480774,0,-6.105696201324463,9.110508918762207,0.7055630087852478,1
B34,mixamorig_RightArm,33,0.4600920081138611,0.8871110081672668,-0.036722999066114426,0,-0.8604990243911743,0.455716997385025,0.22773399949073792,0,0.21876099705696106,-0.0731780007481575,0.9730309844017029,0,-12.655040740966797,-0.2660210132598877,-2.600895881652832,1
B35,mixamorig_RightForeArm,34,0.831699013710022,0,-0.5552260279655457,0,0,1,0,0,0.5552260279655457,0,0.831699013710022,0,-27.40468406677246,0.00003300000025774352,0.000004999999873689376,1
B36,mixamorig_RightHand,35,0.9942259788513184,0.018844999372959137,0.10564299672842026,0,-0.03496599942445755,0.9876239895820618,0.1528950035572052,0,-0.101453997194767,-0.1557060033082962,0.9825800061225891,0,-27.614463806152344,0.00002300000051036477,0.000018000000636675395,1
B37,mixamorig_RightHandMiddle1,36,0.8871080279350281,0.45360198616981506,0.08534900099039078,0,-0.45428401231765747,0.8907709717750549,-0.012374999932944775,0,-0.08163999766111374,-0.02779500000178814,0.9962739944458008,0,-12.77552318572998,0.000009000000318337698,0.000018000000636675395,1
B38,mixamorig_RightHandMiddle2,37,0.8972880244255066,0.4382059872150421,0.053380001336336136,0,-0.4382059872150421,0.8987900018692017,-0.012329000048339367,0,-0.053380001336336136,-0.012329000048339367,0.9984980225563049,0,-3.613970994949341,0.000003000000106112566,0.000003000000106112566,1
B39,mixamorig_RightHandMiddle3,38,0.9773190021514893,0.2100210040807724,0.02716900035738945,0,-0.20939500629901886,0.9775329828262329,-0.02415500022470951,0,-0.031631000339984894,0.01791900023818016,0.9993389844894409,0,-3.4597599506378174,0,-0.000025999999706982635,1
B40,mixamorig_RightHandMiddle4,39,1,0,0,0,0,1,0,0,0,0,1,0,-3.680191993713379,-9.999999974752427e-7,0.00003300000025774352,1
B41,mixamorig_RightHandThumb1,36,0.9890069961547852,-0.020251000300049782,0.14647899568080902,0,0.018678000196814537,0.9997519850730896,0.012103999964892864,0,-0.14668799936771393,-0.009235000237822533,0.989139974117279,0,-3.788809061050415,-2.1669979095458984,3.003087043762207,1
B42,mixamorig_RightHandThumb2,41,0.9445080161094666,-0.05248500034213066,0.32426899671554565,0,0.012721999548375607,0.9922569990158081,0.12354700267314911,0,-0.3282420039176941,-0.11256500333547592,0.937861979007721,0,-3.675442934036255,-2.122009038925171,2.12201189994812,1
B43,mixamorig_RightHandThumb3,42,0.998835027217865,-0.04520399868488312,0.016909999772906303,0,0.04545700177550316,0.9988549947738647,-0.0148930000141263,0,-0.016217000782489777,0.015644000843167305,0.9997460246086121,0,-3.394357919692993,-1.95974600315094,1.959792971611023,1
B44,mixamorig_RightHandThumb4,43,1,0,0,0,0,1,0,0,0,0,1,0,-2.6794040203094482,-1.5469460487365723,1.5469199419021606,1
B45,mixamorig_RightHandIndex1,36,0.9461650252342224,0.32293400168418884,0.022043999284505844,0,-0.3228670060634613,0.9464210271835327,-0.006616999860852957,0,-0.023000000044703484,-0.0008559999987483025,0.9997349977493286,0,-12.266615867614746,-0.231673002243042,2.8220560550689697,1
B46,mixamorig_RightHandIndex2,45,0.8463460206985474,0.5287250280380249,0.06440699845552444,0,-0.5287250280380249,0.84859299659729,-0.01844399981200695,0,-0.06440699845552444,-0.01844399981200695,0.9977530241012573,0,-3.8919670581817627,0,0.000037999998312443495,1
B47,mixamorig_RightHandIndex3,46,0.9887470006942749,0.14850200712680817,0.01809000037610531,0,-0.14850200712680817,0.988910973072052,-0.0013510000426322222,0,-0.01809000037610531,-0.0013510000426322222,0.9998350143432617,0,-3.415160894393921,0,-0.000009000000318337698,1
B48,mixamorig_RightHandIndex4,47,1,0,0,0,0,1,0,0,0,0,1,0,-3.077986001968384,-9.999999974752427e-7,-0.000009000000318337698,1
B49,mixamorig_RightHandRing1,36,0.782010018825531,0.6121460199356079,0.11720599979162216,0,-0.6141570210456848,0.7888659834861755,-0.022393999621272087,0,-0.10616900026798248,-0.0544699989259243,0.9928550124168396,0,-12.147004127502441,0.009890999644994736,-2.2166309356689453,1
B50,mixamorig_RightHandRing2,49,0.969074010848999,0.2449599951505661,0.029839999973773956,0,-0.2449599951505661,0.9695259928703308,-0.0037120000924915075,0,-0.029839999973773956,-0.0037120000924915075,0.9995480179786682,0,-3.6011910438537598,0,0.000035000000934815034,1
B51,mixamorig_RightHandRing3,50,0.9907270073890686,0.1347540020942688,0.01734600029885769,0,-0.1343120038509369,0.9906349778175354,-0.02453099936246872,0,-0.020488999783992767,0.021973999217152596,0.9995489716529846,0,-3.307317018508911,0.000003999999989900971,-0.00002099999983329326,1
B52,mixamorig_RightHandRing4,51,1,0,0,0,0,1,0,0,0,0,1,0,-3.6601150035858154,0.0000019999999949504854,9.999999974752427e-7,1
B53,mixamorig_RightHandPinky1,36,0.6965739727020264,0.6976580023765564,0.16750599443912506,0,-0.7031980156898499,0.710195004940033,-0.03369399905204773,0,-0.14246900379657745,-0.09431900084018707,0.9852949976921082,0,-10.908193588256836,-0.2263689935207367,-4.725820064544678,1
B54,mixamorig_RightHandPinky2,53,0.9954609870910645,0.09447299689054489,0.011508000083267689,0,-0.09447299689054489,0.9955270290374756,-0.0005450000171549618,0,-0.011508000083267689,-0.0005450000171549618,0.9999340176582336,0,-4.136651992797852,0,0.000025999999706982635,1
B55,mixamorig_RightHandPinky3,54,0.993274986743927,0.11493200063705444,0.014000999741256237,0,-0.11493200063705444,0.9933729767799377,-0.0008069999748840928,0,-0.014000999741256237,-0.0008069999748840928,0.9999020099639893,0,-2.5948359966278076,-9.999999974752427e-7,-0.000037000001611886546,1
B56,mixamorig_RightHandPinky4,55,1,0,0,0,0,1,0,0,0,0,1,0,-2.9238688945770264,9.999999974752427e-7,0.000018999999156221747,1
B57,mixamorig_RightUpLeg,0,0.9757429957389832,-0.04372899979352951,0.2145089954137802,0,0.10901399701833725,0.9467769861221313,-0.3028680086135864,0,-0.18984900414943695,0.3189060091972351,0.9285780191421509,0,-9.1244535446167,-6.656397819519043,-0.05537800118327141,1
B58,mixamorig_RightLeg,57,0.9938499927520752,-0.07546000182628632,0.08104799687862396,0,0.0177800003439188,0.8311240077018738,0.5558030009269714,0,-0.10930199921131134,-0.5509439706802368,0.8273540139198303,0,-0.2446800023317337,-40.595436096191406,-0.5145279765129089,1
B59,mixamorig_RightFoot,58,0.9924569725990295,0.1178160011768341,0.033893000334501266,0,-0.10750100016593933,0.9692479968070984,-0.22136199474334717,0,-0.05893100053071976,0.21604900062084198,0.974602997303009,0,0.24466900527477264,-42.04787063598633,-2.0602309703826904,1
B60,mixamorig_RightToeBase,59,1,0,0,0,0,1,-9.999999974752427e-7,0,0,9.999999974752427e-7,1,0,-0.3733600080013275,-10.492194175720215,12.640663146972656,1
B61,mixamorig_RightToe_End,60,1,0,0,0,0,1,0,0,0,0,1,0,0,0,9.992521286010742,1
B62,mixamorig_LeftUpLeg,0,0.993278980255127,0.07381899654865265,-0.08914999663829803,0,-0.09712699800729752,0.9505209922790527,-0.29508599638938904,0,0.06295599788427353,0.3017610013484955,0.9513030052185059,0,9.124452590942383,-6.656398773193359,-0.05537800118327141,1
B63,mixamorig_LeftLeg,62,0.985945999622345,0.11760500073432922,-0.11865600198507309,0,-0.02449899911880493,0.8043460249900818,0.5936560034751892,0,0.1652580052614212,-0.5824059844017029,0.7959229946136475,0,0.2446800023317337,-40.59540557861328,-0.517041027545929,1
B64,mixamorig_LeftFoot,63,0.9856839776039124,-0.14589199423789978,-0.08451099693775177,0,0.11626700311899185,0.9511680006980896,-0.2859399914741516,0,0.12210000306367874,0.27202099561691284,0.9545140266418457,0,-0.24467000365257263,-42.04800033569336,-2.05764102935791,1
B65,mixamorig_LeftToeBase,64,1,0,0,0,0,0.9999480247497559,-0.010150999762117863,0,0,0.010150999762117863,0.9999480247497559,0,0.3733600080013275,-10.492193222045898,12.640664100646973,1
B66,mixamorig_LeftToe_End,65,1,0,0,0,0,1,0,0,0,0,1,0,0,9.999999974752427e-7,9.992521286010742,1
@52,0,1,2,3,4,5,9,10,11,12,13,14,15,17,18,19,21,22,23,25,26,27,29,30,31,33,34,35,36,37,38,39,41,42,43,45,46,47,49,50,51,53,54,55,57,58,59,60,62,63,64,65
K0,0.9995179772377014,-0.02767794206738472,0.014064024202525616,0,0.028014060109853745,0.9993119835853577,-0.024292854592204094,0,-0.013381975702941418,0.024675142019987106,0.9996059536933899,0,-0.07013600319623947,95.36295318603516,0.21290400624275208,1,0.9999859929084778,0.0017720935866236687,0.005060932133346796,0,-0.001905906479805708,0.9996449947357178,0.026559369638562202,0,-0.005012068431824446,-0.026568634435534477,0.9996340274810791,0,0,9.92345905303955,-1.227334976196289,1,0.9997090697288513,0.003616602625697851,0.02385808899998665,0,-0.004379398189485073,0.9994779825210571,0.0319979153573513,0,-0.02372991107404232,-0.03209308907389641,0.9992030262947083,0,-0.00013899999612476677,11.645440101623535,-1.422340989112854,1,0.9997090101242065,0.00413365988060832,0.023765653371810913,0,-0.004891339689493179,0.9994789361953735,0.031912025064229965,0,-0.023621346801519394,-0.03201897442340851,0.9992079734802246,0,0.00009100000170292333,13.360203742980957,-1.6264599561691284,1,0.9999279975891113,-0.010853015817701817,0.005085888784378767,0,0.010884983465075493,0.9999210238456726,-0.006300047971308231,0,-0.0050171115435659885,0.006354952696710825,0.9999669790267944,0,0.00002499999936844688,15.032490730285645,0.7929049730300903,1,0.9953870177268982,0.0735209733247757,0.06164705753326416,0,-0.08011803776025772,0.9904230237007141,0.11243986338376999,0,-0.052789945155382156,-0.11686014384031296,0.9917439818382263,0,0.0000019999999949504854,10.321830749511719,3.1424291133880615,1,0.9924100041389465,-0.12130627781152725,-0.020195946097373962,0,0.12144273519515991,0.9925820231437683,0.00567220151424408,0,0.019358055666089058,-0.008081798441708088,0.9997799396514893,0,6.105823993682861,9.110424041748047,0.705551028251648,1,0.5145065784454346,-0.8574212193489075,0.01054478995501995,0,0.8003746867179871,0.4846153259277344,0.35291412472724915,0,-0.30770620703697205,-0.1731368601322174,0.9355959296226501,0,12.655036926269531,-0.2659339904785156,-2.600922107696533,1,0.8647900819778442,0,0.5021330118179321,0,0,1,0,0,-0.5021330118179321,0,0.8647900819778442,0,27.40468406677246,0.00003899999865097925,0.000007000000096013537,1,0.9963369369506836,-0.05986611545085907,-0.061057236045598984,0,0.07271088659763336,0.9689080715179443,0.23649585247039795,0,0.045000769197940826,-0.24006913602352142,0.9697120189666748,0,27.614463806152344,0.000029000000722589903,0.000019999999494757503,1,0.9223500490188599,-0.3820977807044983,-0.05720309913158417,0,0.3822011947631836,0.9240298867225647,-0.00955397542566061,0,0.05650791525840759,-0.013050977140665054,0.9983169436454773,0,12.77552318572998,0.000012999999853491317,0.000019999999494757503,1,0.8697980642318726,-0.4898568391799927,-0.059089988470077515,0,0.48985713720321655,0.8716659545898438,-0.015480628237128258,0,0.059090010821819305,-0.015480627305805683,0.9981330037117004,0,3.613970994949341,0.000003000000106112566,0.0000019999999949504854,1,0.9734830856323242,-0.22711193561553955,-0.02739599347114563,0,0.2271120846271515,0.9738640189170837,-0.003152781631797552,0,0.027396008372306824,-0.003152781631797552,0.9996200203895569,0,3.4597599506378174,0,-0.000025999999706982635,1,0.9528868198394775,0.27802544832229614,-0.1212761178612709,0,-0.29280656576156616,0.9474990963935852,-0.1284889578819275,0,0.07918588072061539,0.15794603526592255,0.984268069267273,0,3.7888100147247314,-2.166996955871582,3.0030879974365234,1,0.9423009753227234,0.05403032526373863,-0.33037686347961426,0,-0.022920671850442886,0.9949859976768494,0.09734713286161423,0,0.33398014307022095,-0.08415786176919937,0.9388149976730347,0,3.675442934036255,-2.1220080852508545,2.12201189994812,1,0.9983530044555664,0.04553215578198433,-0.03488744795322418,0,-0.04575284197926521,0.9989370107650757,-0.00555296940729022,0,0.03459755703806877,0.007140031084418297,0.9993760585784912,0,3.3943591117858887,-1.9597439765930176,1.959792971611023,1,0.9743769764900208,-0.224901020526886,0.0029089890886098146,0,0.22491195797920227,0.974370002746582,-0.004203721880912781,0,-0.0018890111241489649,0.004750278312712908,0.9999870657920837,0,12.26661491394043,-0.23166899383068085,2.8220579624176025,1,0.782642126083374,-0.6179918050765991,-0.07454697787761688,0,0.617992103099823,0.7857598662376404,-0.02584335394203663,0,0.07454701513051987,-0.02584335394203663,0.9968829154968262,0,3.8919670581817627,0.0000019999999949504854,0.00003899999865097925,1,0.9694470167160034,-0.24353502690792084,-0.02937699668109417,0,0.24353496730327606,0.969884991645813,-0.0036326581612229347,0,0.029377005994319916,-0.0036326581612229347,0.9995620250701904,0,3.415160894393921,0,-0.000009000000318337698,1,0.8188120126724243,-0.5712829232215881,-0.05640904977917671,0,0.5710539817810059,0.8206259608268738,-0.021693618968129158,0,0.058683935552835464,-0.014449619688093662,0.9981719851493835,0,12.147005081176758,0.00989499967545271,-2.2166290283203125,1,0.9445000290870667,-0.3261469900608063,-0.039342001080513,0,0.3261469602584839,0.9452959895133972,-0.006598752457648516,0,0.039342001080513,-0.006598751991987228,0.9992039799690247,0,3.6011910438537598,0.0000019999999949504854,0.000035000000934815034,1,0.9796919822692871,-0.19906501471996307,-0.02401304431259632,0,0.1990649700164795,0.9799829721450806,-0.0024140914902091026,0,0.02401295118033886,-0.002415091497823596,0.9997089505195618,0,3.307317018508911,0.000004999999873689376,-0.00002099999983329326,1,0.7355567812919617,-0.661334216594696,-0.14694596827030182,0,0.6649487018585205,0.746279239654541,-0.03016357682645321,0,0.1296110451221466,-0.07552458345890045,0.9886849522590637,0,10.908194541931152,-0.22636500000953674,-4.725818157196045,1,0.9470361471176147,-0.319761723279953,0.029578199610114098,0,0.31940126419067383,0.9474788904190063,0.016328055411577225,0,-0.03324580565094948,-0.006015943828970194,0.9994289875030518,0,4.136651992797852,0.0000019999999949504854,0.00002700000004551839,1,0.9861389994621277,-0.16472797095775604,-0.019871000200510025,0,0.16472801566123962,0.9863380193710327,-0.0016480768099427223,0,0.019870992749929428,-0.0016480768099427223,0.999800980091095,0,2.5948359966278076,0,-0.00003600000127335079,1,0.9917190074920654,0.10034619271755219,-0.08015282452106476,0,-0.09912580251693726,0.9948920011520386,0.019072076305747032,0,0.08165718615055084,-0.01096892450004816,0.9965999126434326,0,-6.105696201324463,9.110508918762207,0.7055630087852478,1,0.46009188890457153,0.8871110081672668,-0.036723218858242035,0,-0.8604989647865295,0.45571717619895935,0.22773374617099762,0,0.21876077353954315,-0.0731782391667366,0.9730310440063477,0,-12.655040740966797,-0.2660210132598877,-2.600895881652832,1,0.831699013710022,0,-0.5552260279655457,0,0,1,0,0,0.5552260279655457,0,0.831699013710022,0,-27.40468406677246,0.00003300000025774352,0.000004999999873689376,1,0.9942260384559631,0.018845032900571823,0.1056428998708725,0,-0.034965965896844864,0.9876240491867065,0.152894988656044,0,-0.10145410150289536,-0.1557060182094574,0.9825800061225891,0,-27.614463806152344,0.00002300000051036477,0.000018000000636675395,1,0.8871080875396729,0.4536018669605255,0.0853491723537445,0,-0.4542841613292694,0.8907709121704102,-0.012374898418784142,0,-0.08163981884717941,-0.02779489941895008,0.9962739944458008,0,-12.77552318572998,0.000009000000318337698,0.000018000000636675395,1,0.8972880244255066,0.4382059574127197,0.053380001336336136,0,-0.4382060170173645,0.8987900018692017,-0.012328880839049816,0,-0.053380001336336136,-0.012328880839049816,0.9984980225563049,0,-3.613970994949341,0.000003000000106112566,0.000003000000106112566,1,0.977319061756134,0.2100207805633545,0.027168629691004753,0,-0.20939524471759796,0.9775329232215881,-0.024155424907803535,0,-0.03163137286901474,0.017918577417731285,0.9993389844894409,0,-3.4597599506378174,0,-0.000025999999706982635,1,0.9890069365501404,-0.0202508382499218,0.14647909998893738,0,0.01867816224694252,0.9997519850730896,0.012104010209441185,0,-0.14668789505958557,-0.009234989993274212,0.989139974117279,0,-3.788809061050415,-2.1669979095458984,3.003087043762207,1,0.9445080757141113,-0.052484869956970215,0.3242688775062561,0,0.012722127139568329,0.9922569990158081,0.12354665994644165,0,-0.32824215292930603,-0.11256535351276398,0.9378619194030762,0,-3.675442934036255,-2.122009038925171,2.12201189994812,1,0.998835027217865,-0.045203980058431625,0.01690979115664959,0,0.045457012951374054,0.9988549947738647,-0.014892841689288616,0,-0.01621720939874649,0.01564415730535984,0.9997460246086121,0,-3.394357919692993,-1.95974600315094,1.959792971611023,1,0.9461650252342224,0.3229339122772217,0.02204407937824726,0,-0.32286709547042847,0.9464209675788879,-0.006617273669689894,0,-0.022999918088316917,-0.0008562745642848313,0.9997349977493286,0,-12.266615867614746,-0.231673002243042,2.8220560550689697,1,0.8463460803031921,0.5287249684333801,0.06440700590610504,0,-0.5287250876426697,0.84859299659729,-0.018443776294589043,0,-0.06440699100494385,-0.018443776294589043,0.9977530241012573,0,-3.8919670581817627,0,0.000037999998312443495,1,0.9887470006942749,0.14850205183029175,0.018090005964040756,0,-0.14850196242332458,0.9889110326766968,-0.0013508006231859326,0,-0.01808999292552471,-0.0013508006231859326,0.9998350143432617,0,-3.415160894393921,0,-0.000009000000318337698,1,0.7820098400115967,0.6121461987495422,0.11720627546310425,0,-0.6141567826271057,0.7888661026954651,-0.02239440195262432,0,-0.1061687245965004,-0.054470401257276535,0.9928550124168396,0,-12.147004127502441,0.009890999644994736,-2.2166309356689453,1,0.969074010848999,0.2449600100517273,0.029839998111128807,0,-0.2449599653482437,0.9695260524749756,-0.0037122047506272793,0,-0.029840001836419106,-0.0037122047506272793,0.9995480179786682,0,-3.6011910438537598,0,0.000035000000934815034,1,0.9907270073890686,0.13475401699543,0.01734587922692299,0,-0.1343119889497757,0.9906349778175354,-0.024531107395887375,0,-0.020489118993282318,0.02197389118373394,0.9995489120483398,0,-3.307317018508911,0.000003999999989900971,-0.00002099999983329326,1,0.6965738534927368,0.6976580619812012,0.16750597953796387,0,-0.7031979560852051,0.7101950645446777,-0.03369428589940071,0,-0.14246900379657745,-0.09431929141283035,0.9852949976921082,0,-10.908193588256836,-0.2263689935207367,-4.725820064544678,1,0.9954610466957092,0.09447301924228668,0.01150799822062254,0,-0.0944729819893837,0.9955270290374756,-0.0005448341253213584,0,-0.011508001014590263,-0.0005448340671136975,0.9999340176582336,0,-4.136651992797852,0,0.000025999999706982635,1,0.9932749271392822,0.11493201553821564,0.014000999741256237,0,-0.11493197828531265,0.9933729767799377,-0.0008072959026321769,0,-0.014001000672578812,-0.0008072959026321769,0.9999020099639893,0,-2.5948359966278076,0,-0.000037000001611886546,1,0.9757428765296936,-0.04372898116707802,0.21450947225093842,0,0.10901401937007904,0.9467769861221313,-0.3028680682182312,0,-0.18984854221343994,0.31890591979026794,0.9285781383514404,0,-9.1244535446167,-6.656397819519043,-0.05537800118327141,1,0.9938499331474304,-0.07546041160821915,0.08104795962572098,0,0.01777958683669567,0.831123948097229,0.555803120136261,0,-0.10930203646421432,-0.5509438514709473,0.8273541331291199,0,-0.2446800023317337,-40.595436096191406,-0.5145279765129089,1,0.9924570322036743,0.11781593412160873,0.03389313071966171,0,-0.1075010821223259,0.9692479968070984,-0.22136205434799194,0,-0.05893087014555931,0.216048926115036,0.974602997303009,0,0.24466900527477264,-42.04787063598633,-2.0602309703826904,1,1,0,0,0,0,1,0,0,0,0,1,0,-0.3733600080013275,-10.492194175720215,12.640663146972656,1,0.9932789206504822,0.07381939888000488,-0.08915002644062042,0,-0.09712658822536469,0.9505211114883423,-0.2950856387615204,0,0.06295596808195114,0.30176129937171936,0.9513028860092163,0,9.124452590942383,-6.656398773193359,-0.05537800118327141,1,0.9859458804130554,0.1176052987575531,-0.1186562106013298,0,-0.024498695507645607,0.8043460845947266,0.5936560034751892,0,0.1652577817440033,-0.5824058651924133,0.7959230542182922,0,0.2446800023317337,-40.59540557861328,-0.517041027545929,1,0.9856840372085571,-0.14589186012744904,-0.08451071381568909,0,0.1162671372294426,0.9511679410934448,-0.2859400808811188,0,0.12210028618574142,0.2720209062099457,0.9545140862464905,0,-0.24467000365257263,-42.04800033569336,-2.05764102935791,1,1,0,0,0,0,0.9999480247497559,-0.010150999762117863,0,0,0.010150999762117863,0.9999480247497559,0,0.3733600080013275,-10.492193222045898,12.640664100646973,1
