10.467,30,314,67
B0,mixamorig_Hips,-1,0.9985400438308716,-0.05372665822505951,0.005631890147924423,0,0.05397135391831398,0.987716019153595,-0.14664310216903687,0,0.002315934980288148,0.1467328816652298,0.9891729950904846,0,2.0001769065856934,98.25640869140625,-2.3351540565490723,1
B1,mixamorig_Spine,0,0.9913199543952942,0.12887634336948395,-0.02598760463297367,0,-0.12373559921979904,0.9813889861106873,0.1468491107225418,0,0.044429320842027664,-0.14235883951187134,0.9888169765472412,0,9.999999974752427e-7,9.92345905303955,-1.227334976196289,1
B2,mixamorig_Spine1,1,0.999455988407135,-0.03246086463332176,-0.005748748313635588,0,0.03245813027024269,0.9994729161262512,-0.0005709483521059155,0,0.005764252971857786,0.00038404419319704175,0.999983012676239,0,-0.00013899999612476677,11.645440101623535,-1.422340989112854,1
B3,mixamorig_Spine2,2,0.999455988407135,-0.0325496606528759,-0.005246857181191444,0,0.03254833444952965,0.9994699954986572,-0.00033997921855188906,0,0.005255144089460373,0.00016901784692890942,0.9999859929084778,0,0.00009100000170292333,13.360203742980957,-1.6264599561691284,1
B4,mixamorig_Neck,3,0.9988750219345093,0.009970840997993946,0.04637107253074646,0,-0.011942155659198761,0.9990280270576477,0.04243098199367523,0,-0.04590291902422905,-0.042937006801366806,0.9980229735374451,0,0.00002499999936844688,15.032490730285645,0.7929049730300903,1
B5,mixamorig_Head,4,0.9779220223426819,-0.04418898746371269,0.2042429894208908,0,0.07801906764507294,0.9839178919792175,-0.16068227589130402,0,-0.19385802745819092,0.17306967079639435,0.965643048286438,0,0.0000019999999949504854,10.321830749511719,3.1424291133880615,1
B6,mixamorig_HeadTop_End,5,1,0,0,0,0,1,0,0,0,0,1,0,0.0001539999939268455,18.474672317504883,6.636398792266846,1
B7,mixamorig_LeftEye,5,1,0,0,0,0,1,0,0,0,0,1,0,2.9479150772094727,7.681746006011963,9.120731353759766,1
B8,mixamorig_RightEye,5,1,0,0,0,0,1,0,0,0,0,1,0,-2.9444808959960938,7.681746006011963,9.120495796203613,1
B9,mixamorig_LeftShoulder,3,0.9576421976089478,-0.18355053663253784,0.2218809872865677,0,0.17653553187847137,0.9829609394073486,0.0512218102812767,0,-0.22750209271907806,-0.009882290847599506,0.9737279415130615,0,6.105823993682861,9.110424041748047,0.705551028251648,1
B10,mixamorig_LeftArm,9,0.38652899861335754,-0.9207299947738647,0.05340278521180153,0,0.8705799579620361,0.38336417078971863,0.30841997265815735,0,-0.3044441044330597,-0.07272183150053024,0.9497500061988831,0,12.655036926269531,-0.2659339904785156,-2.600922107696533,1
B11,mixamorig_LeftForeArm,10,0.9893209934234619,9.946603540811338e-7,0.14575199782848358,0,-9.946605814548093e-7,1,-7.287601277994327e-8,0,-0.14575199782848358,-7.28759914636612e-8,0.9893209934234619,0,27.40468406677246,0.00003899999865097925,0.000007000000096013537,1
B12,mixamorig_LeftHand,11,0.9992790818214417,0.004912877455353737,0.03764915093779564,0,-0.02204803377389908,0.8823609948158264,0.4700559377670288,0,-0.030910808593034744,-0.47054705023765564,0.881833016872406,0,27.614463806152344,0.000029000000722589903,0.000019999999494757503,1
B13,mixamorig_LeftHandMiddle1,12,0.9891699552536011,-0.13655902445316315,0.05380165949463844,0,0.13680295646190643,0.9905980229377747,-0.0008600703440606594,0,-0.0531783401966095,0.008210976608097553,0.9985509514808655,0,12.77552318572998,0.000012999999853491317,0.000019999999494757503,1
B14,mixamorig_LeftHandMiddle2,13,0.9418739676475525,-0.3335501253604889,-0.0402350090444088,0,0.3335498869419098,0.9427070617675781,-0.00691104494035244,0,0.040234971791505814,-0.006911043077707291,0.9991660118103027,0,3.613970994949341,0.000003000000106112566,0.0000019999999949504854,1
B15,mixamorig_LeftHandMiddle3,14,0.9447230696678162,-0.3255099654197693,-0.039265941828489304,0,0.32551002502441406,0.9455159902572632,-0.006572379264980555,0,0.03926593065261841,-0.006572376005351543,0.9992070198059082,0,3.4597599506378174,9.999999974752427e-7,-0.000025999999706982635,1
B16,mixamorig_LeftHandMiddle4,15,1,0,0,0,0,1,0,0,0,0,1,0,3.680191993713379,0,0.00003300000025774352,1
B17,mixamorig_LeftHandThumb1,12,0.9776510000228882,0.1432582288980484,-0.1538689285516739,0,-0.14388282597064972,0.9895690679550171,0.007127676624804735,0,0.15328510105609894,0.015170722268521786,0.9880660176277161,0,3.7888100147247314,-2.166996955871582,3.0030879974365234,1
B18,mixamorig_LeftHandThumb2,17,0.9998250007629395,-0.018426045775413513,0.0032657417468726635,0,0.018352948129177094,0.9996079802513123,0.021154817193746567,0,-0.0036542601883411407,-0.021091174334287643,0.999770998954773,0,3.675442934036255,-2.1220080852508545,2.12201189994812,1
B19,mixamorig_LeftHandThumb3,18,0.9958709478378296,0.06265440583229065,0.06568402051925659,0,-0.0580856055021286,0.9959030747413635,-0.06930068880319595,0,-0.06975696235895157,0.06519929319620132,0.9954310059547424,0,3.3943591117858887,-1.9597439765930176,1.959792971611023,1
B20,mixamorig_LeftHandThumb4,19,1,0,0,0,0,1,0,0,0,0,1,0,2.6794040203094482,-1.5469449758529663,1.5469199419021606,1
B21,mixamorig_LeftHandIndex1,12,0.9890990257263184,-0.0964767262339592,0.11124803870916367,0,0.09704231470823288,0.9952800273895264,0.0003317098307888955,0,-0.11075497418642044,0.01046767458319664,0.9937929511070251,0,12.26661491394043,-0.23166899383068085,2.8220579624176025,1
B22,mixamorig_LeftHandIndex2,21,0.9813669919967651,-0.19075903296470642,-0.023010455071926117,0,0.19075897336006165,0.9816340208053589,-0.002215913264080882,0,0.02301057055592537,-0.0022148285061120987,0.999733030796051,0,3.8919670581817627,0.0000019999999949504854,0.00003899999865097925,1
B23,mixamorig_LeftHandIndex3,22,0.9952319860458374,-0.09683401882648468,-0.011681001633405685,0,0.0968339815735817,0.9952999949455261,-0.0005669104284606874,0,0.011681005358695984,-0.0005669108359143138,0.9999319911003113,0,3.415160894393921,9.999999974752427e-7,-0.000009000000318337698,1
B24,mixamorig_LeftHandIndex4,23,1,0,0,0,0,1,0,0,0,0,1,0,3.077986001968384,0,-0.000009000000318337698,1
B25,mixamorig_LeftHandRing1,12,0.9778689742088318,-0.20906907320022583,0.007863849401473999,0,0.20909492671489716,0.9778920412063599,-0.002601654501631856,0,-0.007146073970943689,0.0041883704252541065,0.999966025352478,0,12.147005081176758,0.00989499967545271,-2.2166290283203125,1
B26,mixamorig_LeftHandRing2,25,0.8480431437492371,-0.5261128544807434,-0.06346389651298523,0,0.5261130928993225,0.8502229452133179,-0.018067320808768272,0,0.06346393376588821,-0.01806732267141342,0.9978209137916565,0,3.6011910438537598,0.0000019999999949504854,0.000035000000934815034,1
B27,mixamorig_LeftHandRing3,26,0.8185039758682251,-0.5703660249710083,-0.06880185753107071,0,0.5703660249710083,0.8211069703102112,-0.021579410880804062,0,0.0688018724322319,-0.02157941460609436,0.9973970651626587,0,3.307317018508911,0.000004999999873689376,-0.00002099999983329326,1
B28,mixamorig_LeftHandRing4,27,1,0,0,0,0,1,0,0,0,0,1,0,3.6601150035858154,0.000003000000106112566,0,1
B29,mixamorig_LeftHandPinky1,12,0.94297194480896,-0.3156380355358124,-0.10571599751710892,0,0.3168129622936249,0.9484689831733704,-0.005932272877544165,0,0.10214091092348099,-0.027898261323571205,0.9943790435791016,0,10.908194541931152,-0.22636500000953674,-4.725818157196045,1
B30,mixamorig_LeftHandPinky2,29,0.6669279336929321,-0.7439520955085754,-0.04174087196588516,0,0.7449029684066772,0.6670441627502441,0.013121346943080425,0,0.018081342801451683,-0.03984386846423149,0.9990419745445251,0,4.136651992797852,0.0000019999999949504854,0.00002700000004551839,1
B31,mixamorig_LeftHandPinky3,30,0.6537660360336304,-0.7512509226799011,-0.09062179923057556,0,0.7512509822845459,0.6587319374084473,-0.04116646945476532,0,0.09062177687883377,-0.041166454553604126,0.9950339794158936,0,2.5948359966278076,0,-0.00003600000127335079,1
B32,mixamorig_LeftHandPinky4,31,1,0,0,0,0,1,0,0,0,0,1,0,2.9238688945770264,9.999999974752427e-7,0.000018999999156221747,1
B33,mixamorig_RightShoulder,3,0.9544609785079956,0.2975272238254547,-0.02197222225368023,0,-0.29709479212760925,0.9546191096305847,0.020924897864460945,0,0.027200814336538315,-0.013444160111248493,0.9995399117469788,0,-6.105696201324463,9.110508918762207,0.7055630087852478,1
B34,mixamorig_RightArm,33,0.4898151457309723,0.8616308569908142,-0.13294221460819244,0,-0.7157570719718933,0.4844908118247986,0.502951979637146,0,0.49776801466941833,-0.1511991173028946,0.8540289402008057,0,-12.655040740966797,-0.2660210132598877,-2.600895881652832,1
B35,mixamorig_RightForeArm,34,0.989234983921051,0,-0.14633500576019287,0,0,1,0,0,0.14633500576019287,0,0.989234983921051,0,-27.40468406677246,0.00003300000025774352,0.000004999999873689376,1
B36,mixamorig_RightHand,35,0.9739779829978943,0.15329191088676453,-0.16694004833698273,0,-0.10718812793493271,0.9605430364608765,0.2566467225551605,0,0.19969499111175537,-0.2320743054151535,0.9519789814949036,0,-27.614463806152344,0.00002300000051036477,0.000018000000636675395,1
B37,mixamorig_RightHandMiddle1,36,0.9913139939308167,0.13125205039978027,-0.008283179253339767,0,-0.13126493990421295,0.9913470149040222,-0.0010187660809606314,0,0.008077790029346943,0.002097208285704255,0.9999650120735168,0,-12.77552318572998,0.000009000000318337698,0.000018000000636675395,1
B38,mixamorig_RightHandMiddle2,37,0.8849769830703735,0.46221795678138733,0.056305088102817535,0,-0.4622180163860321,0.8866589665412903,-0.013806655071675777,0,-0.05630508065223694,-0.013806651346385479,0.9983180165290833,0,-3.613970994949341,0.000003000000106112566,0.000003000000106112566,1
B39,mixamorig_RightHandMiddle3,38,0.9434360861778259,0.32912304997444153,0.04009191319346428,0,-0.3288429081439972,0.9442870020866394,-0.013577966019511223,0,-0.04232708737254143,-0.0003739982785191387,0.9991039633750916,0,-3.4597599506378174,0,-0.000025999999706982635,1
B40,mixamorig_RightHandMiddle4,39,1,0,0,0,0,1,0,0,0,0,1,0,-3.680191993713379,-9.999999974752427e-7,0.00003300000025774352,1
B41,mixamorig_RightHandThumb1,36,0.9782350063323975,-0.11762981116771698,0.17093494534492493,0,0.11498215049505234,0.9930439591407776,0.025343040004372597,0,-0.1727270781993866,-0.005136983003467321,0.9849560260772705,0,-3.788809061050415,-2.1669979095458984,3.003087043762207,1
B42,mixamorig_RightHandThumb2,41,0.9959049820899963,0.0033000889234244823,0.09034104645252228,0,-0.008655882440507412,0.9982230067253113,0.05895671993494034,0,-0.08998595178127289,-0.05949728190898895,0.994163990020752,0,-3.675442934036255,-2.122009038925171,2.12201189994812,1
B43,mixamorig_RightHandThumb3,42,0.9993259906768799,-0.03653283417224884,-0.003455383237451315,0,0.03644217923283577,0.9990609884262085,-0.023416848853230476,0,0.004307626746594906,0.023275164887309074,0.9997199177742004,0,-3.394357919692993,-1.95974600315094,1.959792971611023,1
B44,mixamorig_RightHandThumb4,43,1,0,0,0,0,1,0,0,0,0,1,0,-2.6794040203094482,-1.5469460487365723,1.5469199419021606,1
B45,mixamorig_RightHandIndex1,36,0.9900090098381042,0.12853692471981049,-0.05796818435192108,0,-0.12879306077957153,0.9916710257530212,-0.0006889770156703889,0,0.05739681422710419,0.008147994056344032,0.9983180165290833,0,-12.266615867614746,-0.231673002243042,2.8220560550689697,1
B46,mixamorig_RightHandIndex2,45,0.8553460836410522,0.5142549872398376,0.06264390051364899,0,-0.5142549276351929,0.8574610352516174,-0.017363304272294044,0,-0.06264393031597137,-0.01736331358551979,0.99788498878479,0,-3.8919670581817627,0,0.000037999998312443495,1
B47,mixamorig_RightHandIndex3,46,0.9971550107002258,0.07482802122831345,0.00911498349159956,0,-0.07482796907424927,0.9971960186958313,-0.00034201363450847566,0,-0.009115015156567097,-0.00034101505298167467,0.9999579787254333,0,-3.415160894393921,0,-0.000009000000318337698,1
B48,mixamorig_RightHandIndex4,47,1,0,0,0,0,1,0,0,0,0,1,0,-3.077986001968384,-9.999999974752427e-7,-0.000009000000318337698,1
B49,mixamorig_RightHandRing1,36,0.985605001449585,0.16420798003673553,0.04022788256406784,0,-0.16427601873874664,0.9864130020141602,-0.0016309674829244614,0,-0.039949122816324234,-0.0050009870901703835,0.999189019203186,0,-12.147004127502441,0.009890999644994736,-2.2166309356689453,1
B50,mixamorig_RightHandRing2,49,0.8705018758773804,0.48855412006378174,0.059512991458177567,0,-0.488553911447525,0.8723950386047363,-0.015544116497039795,0,-0.059512946754693985,-0.015544111840426922,0.9981060028076172,0,-3.6011910438537598,0,0.000035000000934815034,1
B51,mixamorig_RightHandRing3,50,0.8390778303146362,0.540019154548645,0.06578217446804047,0,-0.5390887260437012,0.8416141271591187,-0.032688938081264496,0,-0.07301586866378784,-0.008033865131437778,0.997298002243042,0,-3.307317018508911,0.000003999999989900971,-0.00002099999983329326,1
B52,mixamorig_RightHandRing4,51,1,0,0,0,0,1,0,0,0,0,1,0,-3.6601150035858154,0.0000019999999949504854,9.999999974752427e-7,1
B53,mixamorig_RightHandPinky1,36,0.967629075050354,0.23297682404518127,0.09703600406646729,0,-0.2337871789932251,0.9722830057144165,-0.003092952072620392,0,-0.09506700187921524,-0.019692935049533844,0.9952759742736816,0,-10.908193588256836,-0.2263689935207367,-4.725820064544678,1
B54,mixamorig_RightHandPinky2,53,0.8150489330291748,0.5751410126686096,0.0700608491897583,0,-0.5751408934593201,0.8177530765533447,-0.02220042422413826,0,-0.0700608566403389,-0.022200429812073708,0.9972960352897644,0,-4.136651992797852,0,0.000025999999706982635,1
B55,mixamorig_RightHandPinky3,54,0.6842279434204102,0.7239170670509338,0.08818385750055313,0,-0.7239169478416443,0.6888450384140015,-0.03790329024195671,0,-0.08818387240171432,-0.037903301417827606,0.9953830242156982,0,-2.5948359966278076,-9.999999974752427e-7,-0.000037000001611886546,1
B56,mixamorig_RightHandPinky4,55,1,0,0,0,0,1,0,0,0,0,1,0,-2.9238688945770264,9.999999974752427e-7,0.000018999999156221747,1
B57,mixamorig_RightUpLeg,0,0.9894729256629944,-0.003129041288048029,-0.14468209445476532,0,0.005272961687296629,0.9998819828033447,0.014437038451433182,0,0.1446199119091034,-0.015047968365252018,0.9893730878829956,0,-9.1244535446167,-6.656397819519043,-0.05537800118327141,1
B58,mixamorig_RightLeg,57,0.9840579628944397,0.030923042446374893,0.17514103651046753,0,-0.07431995868682861,0.966162919998169,0.2469920814037323,0,-0.16157695651054382,-0.2560708820819855,0.9530580043792725,0,-0.2446800023317337,-40.595436096191406,-0.5145279765129089,1
B59,mixamorig_RightFoot,58,0.8889139890670776,0.0781228244304657,0.4513620138168335,0,-0.02418823540210724,0.9919800162315369,-0.12405789643526077,0,-0.4574340283870697,0.0993591919541359,0.8836749196052551,0,0.24466900527477264,-42.04787063598633,-2.0602309703826904,1
B60,mixamorig_RightToeBase,59,1,0,0,0,0,1,-9.986282520912937e-7,0,0,9.986282520912937e-7,1,0,-0.3733600080013275,-10.492194175720215,12.640663146972656,1
B61,mixamorig_RightToe_End,60,1,0,0,0,0,1,0,0,0,0,1,0,0,0,9.992521286010742,1
B62,mixamorig_LeftUpLeg,0,0.9670029282569885,0.11780815571546555,-0.2258901745080948,0,-0.12291983515024185,0.9923790693283081,-0.008648001588881016,0,0.22314979135990143,0.03612901642918587,0.9741140007972717,0,9.124452590942383,-6.656398773193359,-0.05537800118327141,1
B63,mixamorig_LeftLeg,62,0.9979310631752014,0.05088166519999504,0.0393148697912693,0,-0.061689358204603195,0.9300761222839355,0.362150639295578,0,-0.018138976767659187,-0.36382633447647095,0.931289792060852,0,0.2446800023317337,-40.59540557861328,-0.517041027545929,1
B64,mixamorig_LeftFoot,63,0.996086061000824,-0.087948739528656,0.008809814229607582,0,0.0878932923078537,0.975028932094574,-0.20394493639469147,0,0.009346876293420792,0.20392104983329773,0.9789429903030396,0,-0.24467000365257263,-42.04800033569336,-2.05764102935791,1
B65,mixamorig_LeftToeBase,64,1,0,0,0,0,0.9999969601631165,-0.002549999626353383,0,0,0.002549999626353383,0.9999969601631165,0,0.3733600080013275,-10.492193222045898,12.640664100646973,1
B66,mixamorig_LeftToe_End,65,1,0,0,0,0,1,0,0,0,0,1,0,0,9.999999974752427e-7,9.992521286010742,1
@52,0,1,2,3,4,5,9,10,11,12,13,14,15,17,18,19,21,22,23,25,26,27,29,30,31,33,34,35,36,37,38,39,41,42,43,45,46,47,49,50,51,53,54,55,57,58,59,60,62,63,64,65
K0,0.9985400438308716,-0.05372665077447891,0.005631912499666214,0,0.05397135019302368,0.987716019153595,-0.14664311707019806,0,0.002315911930054426,0.146732896566391,0.9891729950904846,0,2.0001769065856934,98.25640869140625,-2.3351540565490723,1,0.9913199543952942,0.12887638807296753,-0.025987638160586357,0,-0.12373562902212143,0.9813889861106873,0.1468491405248642,0,0.04442936182022095,-0.14235885441303253,0.9888169765472412,0,0,9.92345905303955,-1.227334976196289,1,0.999455988407135,-0.03246086835861206,-0.0057487478479743,0,0.03245813399553299,0.9994729161262512,-0.000570952077396214,0,0.005764252506196499,0.0003840479184873402,0.999983012676239,0,-0.00013899999612476677,11.645440101623535,-1.422340989112854,1,0.999455988407135,-0.0325496606528759,-0.005246856715530157,0,0.03254833444952965,0.9994699954986572,-0.0003399806737434119,0,0.005255143623799086,0.00016901930212043226,0.9999859929084778,0,0.00009100000170292333,13.360203742980957,-1.6264599561691284,1,0.9988750219345093,0.009970842860639095,0.04637107625603676,0,-0.01194215752184391,0.9990280270576477,0.04243098571896553,0,-0.04590291902422905,-0.042937010526657104,0.9980229735374451,0,0.00002499999936844688,15.032490730285645,0.7929049730300903,1,0.9779220223426819,-0.044188953936100006,0.20424297451972961,0,0.07801903784275055,0.9839178919792175,-0.1606822907924652,0,-0.19385802745819092,0.17306968569755554,0.965643048286438,0,0.0000019999999949504854,10.321830749511719,3.1424291133880615,1,0.9576421976089478,-0.18355050683021545,0.2218809574842453,0,0.176535502076149,0.9829609990119934,0.051221758127212524,0,-0.22750206291675568,-0.009882248938083649,0.9737279415130615,0,6.105823993682861,9.110424041748047,0.705551028251648,1,0.3865288496017456,-0.9207300543785095,0.053402744233608246,0,0.8705799579620361,0.3833639919757843,0.3084200918674469,0,-0.30444422364234924,-0.07272186875343323,0.9497499465942383,0,12.655036926269531,-0.2659339904785156,-2.600922107696533,1,0.9893209934234619,0,0.14575199782848358,0,-0.0000010000001111620804,1,0,0,-0.14575199782848358,0,0.9893209934234619,0,27.40468406677246,0.00003899999865097925,0.000007000000096013537,1,0.9992790818214417,0.004912916570901871,0.037649184465408325,0,-0.022048084065318108,0.8823609948158264,0.4700559377670288,0,-0.03091081976890564,-0.47054705023765564,0.881833016872406,0,27.614463806152344,0.000029000000722589903,0.000019999999494757503,1,0.9891699552536011,-0.13655902445316315,0.05380165949463844,0,0.13680295646190643,0.9905980229377747,-0.0008600461878813803,0,-0.0531783401966095,0.008210952393710613,0.9985509514808655,0,12.77552318572998,0.000012999999853491317,0.000019999999494757503,1,0.9418739676475525,-0.3335501551628113,-0.040235020220279694,0,0.3335499167442322,0.9427070617675781,-0.006911046802997589,0,0.04023498296737671,-0.006911046802997589,0.9991660118103027,0,3.613970994949341,0.000003000000106112566,0.0000019999999949504854,1,0.9447230696678162,-0.3255099654197693,-0.03926600515842438,0,0.32551002502441406,0.9455159902572632,-0.006572388112545013,0,0.03926599398255348,-0.006572387646883726,0.9992070198059082,0,3.4597599506378174,0,-0.000025999999706982635,1,0.9776510000228882,0.1432582139968872,-0.1538689136505127,0,-0.14388279616832733,0.9895690679550171,0.007127695716917515,0,0.15328508615493774,0.015170697122812271,0.9880660176277161,0,3.7888100147247314,-2.166996955871582,3.0030879974365234,1,0.9998250007629395,-0.01842604950070381,0.0032657405827194452,0,0.018352951854467392,0.9996079802513123,0.021154820919036865,0,-0.003654259257018566,-0.021091178059577942,0.999770998954773,0,3.675442934036255,-2.1220080852508545,2.12201189994812,1,0.9958709478378296,0.06265439838171005,0.06568402796983719,0,-0.058085594326257706,0.9959030747413635,-0.06930069625377655,0,-0.06975696980953217,0.06519930064678192,0.9954310059547424,0,3.3943591117858887,-1.9597439765930176,1.959792971611023,1,0.9890990257263184,-0.0964767187833786,0.11124803125858307,0,0.09704230725765228,0.9952800273895264,0.0003316914080642164,0,-0.11075496673583984,0.010467691347002983,0.9937929511070251,0,12.26661491394043,-0.23166899383068085,2.8220579624176025,1,0.9813669919967651,-0.19075903296470642,-0.02301044762134552,0,0.19075897336006165,0.9816340208053589,-0.0022158699575811625,0,0.023010551929473877,-0.0022148697171360254,0.999733030796051,0,3.8919670581817627,0.0000019999999949504854,0.00003899999865097925,1,0.9952319860458374,-0.09683401882648468,-0.011680997908115387,0,0.0968339815735817,0.9952999949455261,-0.0005669104866683483,0,0.011681001633405685,-0.0005669104284606874,0.9999319911003113,0,3.415160894393921,0,-0.000009000000318337698,1,0.9778689742088318,-0.20906907320022583,0.007863885723054409,0,0.20909492671489716,0.9778920412063599,-0.0026016382034868,0,-0.007146113086491823,0.004188362043350935,0.999966025352478,0,12.147005081176758,0.00989499967545271,-2.2166290283203125,1,0.8480431437492371,-0.5261128544807434,-0.0634639784693718,0,0.5261130928993225,0.8502229452133179,-0.01806734688580036,0,0.06346401572227478,-0.018067345023155212,0.9978209137916565,0,3.6011910438537598,0.0000019999999949504854,0.000035000000934815034,1,0.8185039758682251,-0.5703660249710083,-0.06880199164152145,0,0.5703660249710083,0.8211069703102112,-0.021579457446932793,0,0.06880200654268265,-0.021579455584287643,0.9973970651626587,0,3.307317018508911,0.000004999999873689376,-0.00002099999983329326,1,0.94297194480896,-0.3156380355358124,-0.1057160422205925,0,0.3168129622936249,0.9484689831733704,-0.005932274740189314,0,0.10214095562696457,-0.02789827436208725,0.9943790435791016,0,10.908194541931152,-0.22636500000953674,-4.725818157196045,1,0.6669278740882874,-0.7439521551132202,-0.04174071550369263,0,0.744903028011322,0.6670441627502441,0.0131212854757905,0,0.01808128133416176,-0.039843712002038956,0.9990419745445251,0,4.136651992797852,0.0000019999999949504854,0.00002700000004551839,1,0.6537659764289856,-0.7512509226799011,-0.09062201529741287,0,0.7512509822845459,0.6587319374084473,-0.04116656258702278,0,0.09062197804450989,-0.04116656258702278,0.9950339794158936,0,2.5948359966278076,0,-0.00003600000127335079,1,0.9544609785079956,0.2975272238254547,-0.021972211077809334,0,-0.29709479212760925,0.9546191096305847,0.020924866199493408,0,0.027200793847441673,-0.01344413310289383,0.9995399117469788,0,-6.105696201324463,9.110508918762207,0.7055630087852478,1,0.48981520533561707,0.8616308569908142,-0.13294214010238647,0,-0.7157570719718933,0.4844908118247986,0.5029518604278564,0,0.4977678954601288,-0.1511991173028946,0.8540289998054504,0,-12.655040740966797,-0.2660210132598877,-2.600895881652832,1,0.989234983921051,0,-0.14633500576019287,0,0,1,0,0,0.14633500576019287,0,0.989234983921051,0,-27.40468406677246,0.00003300000025774352,0.000004999999873689376,1,0.9739779829978943,0.15329188108444214,-0.16694003343582153,0,-0.10718809813261032,0.9605430364608765,0.2566467225551605,0,0.19969496130943298,-0.2320742905139923,0.9519789814949036,0,-27.614463806152344,0.00002300000051036477,0.000018000000636675395,1,0.9913139939308167,0.13125205039978027,-0.008283195085823536,0,-0.13126493990421295,0.9913470149040222,-0.0010187778389081359,0,0.008077803999185562,0.002097221789881587,0.9999650120735168,0,-12.77552318572998,0.000009000000318337698,0.000018000000636675395,1,0.8849769830703735,0.46221795678138733,0.05630500242114067,0,-0.4622180163860321,0.8866589665412903,-0.013806631788611412,0,-0.056304994970560074,-0.013806631788611412,0.9983180165290833,0,-3.613970994949341,0.000003000000106112566,0.000003000000106112566,1,0.9434360861778259,0.3291230797767639,0.04009190946817398,0,-0.3288429379463196,0.9442870020866394,-0.013577982783317566,0,-0.042327091097831726,-0.0003739828534889966,0.9991039633750916,0,-3.4597599506378174,0,-0.000025999999706982635,1,0.9782350063323975,-0.11762982606887817,0.17093494534492493,0,0.11498216539621353,0.9930439591407776,0.02534303069114685,0,-0.1727270781993866,-0.005136970896273851,0.9849560260772705,0,-3.788809061050415,-2.1669979095458984,3.003087043762207,1,0.9959049820899963,0.0033001035917550325,0.09034104645252228,0,-0.008655896410346031,0.9982230067253113,0.05895671620965004,0,-0.08998595178127289,-0.059497278183698654,0.994163990020752,0,-3.675442934036255,-2.122009038925171,2.12201189994812,1,0.9993259906768799,-0.03653283044695854,-0.003455378580838442,0,0.03644217550754547,0.9990609884262085,-0.02341684140264988,0,0.0043076216243207455,0.023275157436728477,0.9997199177742004,0,-3.394357919692993,-1.95974600315094,1.959792971611023,1,0.9900090098381042,0.12853692471981049,-0.05796818435192108,0,-0.12879306077957153,0.9916710257530212,-0.0006889909273013473,0,0.05739681422710419,0.008148008026182652,0.9983180165290833,0,-12.266615867614746,-0.231673002243042,2.8220560550689697,1,0.8553460240364075,0.5142549872398376,0.06264398247003555,0,-0.5142549276351929,0.8574610352516174,-0.01736333593726158,0,-0.06264401227235794,-0.017363334074616432,0.99788498878479,0,-3.8919670581817627,0,0.000037999998312443495,1,0.9971550107002258,0.07482802122831345,0.009114984422922134,0,-0.07482796907424927,0.9971960186958313,-0.00034201439120806754,0,-0.009115016087889671,-0.00034101438359357417,0.9999579787254333,0,-3.415160894393921,0,-0.000009000000318337698,1,0.985605001449585,0.16420798003673553,0.04022787883877754,0,-0.16427601873874664,0.9864130020141602,-0.0016309769125655293,0,-0.039949119091033936,-0.005000976845622063,0.999189019203186,0,-12.147004127502441,0.009890999644994736,-2.2166309356689453,1,0.8705018758773804,0.48855412006378174,0.05951302498579025,0,-0.488553911447525,0.8723950386047363,-0.015544123016297817,0,-0.05951297655701637,-0.015544123016297817,0.9981060028076172,0,-3.6011910438537598,0,0.000035000000934815034,1,0.8390778303146362,0.540019154548645,0.06578216701745987,0,-0.5390887260437012,0.8416141271591187,-0.03268889710307121,0,-0.07301583141088486,-0.008033896796405315,0.997298002243042,0,-3.307317018508911,0.000003999999989900971,-0.00002099999983329326,1,0.967629075050354,0.23297683894634247,0.09703600406646729,0,-0.2337871938943863,0.9722830057144165,-0.003092944622039795,0,-0.09506700187921524,-0.01969294436275959,0.9952759742736816,0,-10.908193588256836,-0.2263689935207367,-4.725820064544678,1,0.81504887342453,0.5751410126686096,0.07006099075078964,0,-0.5751408934593201,0.8177530765533447,-0.02220047451555729,0,-0.07006099820137024,-0.02220047451555729,0.9972959756851196,0,-4.136651992797852,0,0.000025999999706982635,1,0.6842278838157654,0.7239171266555786,0.08818399906158447,0,-0.7239170074462891,0.6888449788093567,-0.03790335729718208,0,-0.08818401396274567,-0.03790335729718208,0.9953830242156982,0,-2.5948359966278076,0,-0.000037000001611886546,1,0.9894729256629944,-0.0031290401238948107,-0.14468209445476532,0,0.005272960290312767,0.9998819828033447,0.014437035657465458,0,0.1446199119091034,-0.015047965571284294,0.9893730878829956,0,-9.1244535446167,-6.656397819519043,-0.05537800118327141,1,0.9840579628944397,0.030923040583729744,0.17514103651046753,0,-0.07431995868682861,0.966162919998169,0.2469921112060547,0,-0.16157695651054382,-0.25607091188430786,0.9530580043792725,0,-0.2446800023317337,-40.595436096191406,-0.5145279765129089,1,0.8889139890670776,0.07812277972698212,0.4513619840145111,0,-0.024188214913010597,0.9919800162315369,-0.1240578442811966,0,-0.4574339985847473,0.09935915470123291,0.8836749196052551,0,0.24466900527477264,-42.04787063598633,-2.0602309703826904,1,1,0,0,0,0,1,0,0,0,0,1,0,-0.3733600080013275,-10.492194175720215,12.640663146972656,1,0.9670029282569885,0.11780815571546555,-0.22589018940925598,0,-0.12291983515024185,0.9923790693283081,-0.008647993206977844,0,0.22314980626106262,0.03612900897860527,0.9741140007972717,0,9.124452590942383,-6.656398773193359,-0.05537800118327141,1,0.9979310631752014,0.05088164284825325,0.03931494429707527,0,-0.061689361929893494,0.9300761222839355,0.362150639295578,0,-0.018139054998755455,-0.36382633447647095,0.931289792060852,0,0.2446800023317337,-40.59540557861328,-0.517041027545929,1,0.996086061000824,-0.08794871717691422,0.00880984403192997,0,0.0878932774066925,0.9750289916992188,-0.20394493639469147,0,0.00934684369713068,0.20392104983329773,0.9789429903030396,0,-0.24467000365257263,-42.04800033569336,-2.05764102935791,1,1,0,0,0,0,0.9999969601631165,-0.0025500000920146704,0,0,0.0025500000920146704,0.9999969601631165,0,0.3733600080013275,-10.492193222045898,12.640664100646973,1
