0.867,30,27,67
B0,mixamorig_Hips,-1,0.9436520934104919,-0.06162433698773384,0.32515063881874084,0,0.007519634906202555,0.9862490892410278,0.16509588062763214,0,-0.33085325360298157,-0.15334798395633698,0.9311388731002808,0,-0.017434999346733093,97.46061706542969,0.5675809979438782,1
B1,mixamorig_Spine,0,0.9985619783401489,0.04357509687542915,-0.03121601976454258,0,-0.0420009009540081,0.9978939890861511,0.04942406341433525,0,0.03330396115779877,-0.048041924834251404,0.998289942741394,0,9.999999974752427e-7,9.92345905303955,-1.227334976196289,1
B2,mixamorig_Spine1,1,0.9969770312309265,0.008760190568864346,0.0772031843662262,0,-0.012380797415971756,0.9988399744033813,0.04654396325349808,0,-0.07670582085847855,-0.04735904932022095,0.9959280490875244,0,-0.00013899999612476677,11.645440101623535,-1.422340989112854,1
B3,mixamorig_Spine2,2,0.9849689602851868,0.07179339975118637,0.1571030169725418,0,-0.07992557436227798,0.9957360029220581,0.046064961701631546,0,-0.15312595665454865,-0.05792909860610962,0.986506998538971,0,0.00009100000170292333,13.360203742980957,-1.6264599561691284,1
B4,mixamorig_Neck,3,0.9899329543113708,-0.05068637803196907,-0.13215170800685883,0,0.07675067335367203,0.9767210483551025,0.20031189918518066,0,0.11892232298851013,-0.20843815803527832,0.9707789421081543,0,0.00002499999936844688,15.032490730285645,0.7929049730300903,1
B5,mixamorig_Head,4,0.9298538565635681,0.13876809179782867,-0.3407571613788605,0,-0.1344858855009079,0.9902510643005371,0.03628099709749222,0,0.3424697816371918,0.012091005221009254,0.9394510388374329,0,0.0000019999999949504854,10.321830749511719,3.1424291133880615,1
B6,mixamorig_HeadTop_End,5,1,0,0,0,0,1,0,0,0,0,1,0,0.0001539999939268455,18.474672317504883,6.636398792266846,1
B7,mixamorig_LeftEye,5,1,0,0,0,0,1,0,0,0,0,1,0,2.9479150772094727,7.681746006011963,9.120731353759766,1
B8,mixamorig_RightEye,5,1,0,0,0,0,1,0,0,0,0,1,0,-2.9444808959960938,7.681746006011963,9.120495796203613,1
B9,mixamorig_LeftShoulder,3,0.9765399694442749,-0.1940152496099472,-0.09342002868652344,0,0.19873270392417908,0.9790620803833008,0.04407467693090439,0,0.08291289955377579,-0.06160633638501167,0.9946509599685669,0,6.105823993682861,9.110424041748047,0.705551028251648,1
B10,mixamorig_LeftArm,9,0.5404740571975708,-0.16399823129177094,0.8252228498458862,0,0.6410529017448425,0.7155119776725769,-0.27765801548957825,0,-0.5449210405349731,0.6790780425071716,0.49184685945510864,0,12.655036926269531,-0.2659339904785156,-2.600922107696533,1
B11,mixamorig_LeftForeArm,10,0.14130094647407532,0.008993126451969147,0.9899259805679321,0,0.008988864719867706,0.9999060034751892,-0.010366851463913918,0,-0.9899259805679321,0.010363155044615269,0.14120681583881378,0,27.40468406677246,0.00003899999865097925,0.000007000000096013537,1
B12,mixamorig_LeftHand,11,0.6947740912437439,0.033830638974905014,-0.7184319496154785,0,-0.564406156539917,0.6447861194610596,-0.5154576897621155,0,0.4457967281341553,0.7636141777038574,0.4670749604701996,0,27.614463806152344,0.000029000000722589903,0.000019999999494757503,1
B13,mixamorig_LeftHandMiddle1,12,0.749103844165802,-0.66242915391922,0.005520107690244913,0,0.6617327928543091,0.7478762269020081,-0.052825961261987686,0,0.030865099281072617,0.043224968016147614,0.9985880255699158,0,12.77552318572998,0.000012999999853491317,0.000019999999494757503,1
B14,mixamorig_LeftHandMiddle2,13,0.4941140115261078,-0.8648719787597656,-0.08858393877744675,0,0.8648719787597656,0.49936601519584656,-0.05127706751227379,0,0.08858396857976913,-0.05127708613872528,0.9947479963302612,0,3.613970994949341,0.000003000000106112566,0.0000019999999949504854,1
B15,mixamorig_LeftHandMiddle3,14,0.7730158567428589,-0.6310850977897644,-0.0646379292011261,0,0.6310848593711853,0.7753721475601196,-0.02300763688981533,0,0.06463827192783356,-0.02300676889717579,0.9976440072059631,0,3.4597599506378174,9.999999974752427e-7,-0.000025999999706982635,1
B16,mixamorig_LeftHandMiddle4,15,1,0,0,0,0,1,0,0,0,0,1,0,3.680191993713379,0,0.00003300000025774352,1
B17,mixamorig_LeftHandThumb1,12,0.9595990777015686,0.15901799499988556,-0.2321268916130066,0,-0.20781102776527405,0.95673006772995,-0.20367300510406494,0,0.1896950900554657,0.24368296563625336,0.9511229395866394,0,3.7888100147247314,-2.166996955871582,3.0030879974365234,1
B18,mixamorig_LeftHandThumb2,17,0.9705009460449219,0.22956116497516632,0.07368127256631851,0,-0.22968582808971405,0.9732400178909302,-0.00689195329323411,0,-0.07329173386096954,-0.010234902612864971,0.9972580075263977,0,3.675442934036255,-2.1220080852508545,2.12201189994812,1
B19,mixamorig_LeftHandThumb3,18,0.9171848893165588,0.003158902982249856,0.3984491527080536,0,0.06752187758684158,0.9842749238014221,-0.16323105990886688,0,-0.39269885420799255,0.17661696672439575,0.9025481343269348,0,3.3943591117858887,-1.9597439765930176,1.959792971611023,1
B20,mixamorig_LeftHandThumb4,19,1,0,0,0,0,1,0,0,0,0,1,0,2.6794040203094482,-1.5469449758529663,1.5469199419021606,1
B21,mixamorig_LeftHandIndex1,12,0.8518190383911133,-0.5229217410087585,-0.030944708734750748,0,0.5218762159347534,0.8522548675537109,-0.036144010722637177,0,0.045273248106241226,0.014638842083513737,0.9988669753074646,0,12.26661491394043,-0.23166899383068085,2.8220579624176025,1
B22,mixamorig_LeftHandIndex2,21,0.4696062505245209,-0.8782808184623718,-0.08995697647333145,0,0.8782811760902405,0.47511282563209534,-0.053761016577482224,0,0.08995704352855682,-0.053761038929224014,0.9944940805435181,0,3.8919670581817627,0.0000019999999949504854,0.00003899999865097925,1
B23,mixamorig_LeftHandIndex3,22,0.9133730530738831,-0.4050038456916809,-0.04148188233375549,0,0.4050041139125824,0.9142729640007019,-0.008780982345342636,0,0.041482120752334595,-0.008780025877058506,0.9991010427474976,0,3.415160894393921,9.999999974752427e-7,-0.000009000000318337698,1
B24,mixamorig_LeftHandIndex4,23,1,0,0,0,0,1,0,0,0,0,1,0,3.077986001968384,0,-0.000009000000318337698,1
B25,mixamorig_LeftHandRing1,12,0.6448281407356262,-0.7598598599433899,0.0825238898396492,0,0.7643260359764099,0.6412630081176758,-0.06772495806217194,0,-0.0014580388087779284,0.10674610733985901,0.994284987449646,0,12.147005081176758,0.00989499967545271,-2.2166290283203125,1
B26,mixamorig_LeftHandRing2,25,0.4780818819999695,-0.8737441301345825,-0.08949258923530579,0,0.873744010925293,0.4835001826286316,-0.05290178582072258,0,0.08949235826730728,-0.05290224775671959,0.994581937789917,0,3.6011910438537598,0.0000019999999949504854,0.000035000000934815034,1
B27,mixamorig_LeftHandRing3,26,0.9395060539245605,-0.3407500088214874,-0.03490104898810387,0,0.34074997901916504,0.9401339292526245,-0.0061317323707044125,0,0.03490104526281357,-0.006131731905043125,0.9993719458580017,0,3.307317018508911,0.000004999999873689376,-0.00002099999983329326,1
B28,mixamorig_LeftHandRing4,27,1,0,0,0,0,1,0,0,0,0,1,0,3.6601150035858154,0.000003000000106112566,0,1
B29,mixamorig_LeftHandPinky1,12,0.7775638103485107,-0.6031233072280884,0.17786990106105804,0,0.6187688112258911,0.7842391133308411,-0.045760367065668106,0,-0.11189328879117966,0.14564181864261627,0.9829890131950378,0,10.908194541931152,-0.22636500000953674,-4.725818157196045,1
B30,mixamorig_LeftHandPinky2,29,0.511800229549408,-0.8546328544616699,-0.08753485977649689,0,0.854633092880249,0.5168688297271729,-0.04948468878865242,0,0.08753535896539688,-0.04948395490646362,0.9949319958686829,0,4.136651992797852,0.0000019999999949504854,0.00002700000004551839,1
B31,mixamorig_LeftHandPinky3,30,0.8493261337280273,-0.5251207947731018,-0.05378514900803566,0,0.5251210927963257,0.8508908748626709,-0.01527193933725357,0,0.05378490686416626,-0.015272863209247589,0.9984359741210938,0,2.5948359966278076,0,-0.00003600000127335079,1
B32,mixamorig_LeftHandPinky4,31,1,0,0,0,0,1,0,0,0,0,1,0,2.9238688945770264,9.999999974752427e-7,0.000018999999156221747,1
B33,mixamorig_RightShoulder,3,0.9961230754852295,-0.08663766086101532,-0.015271980315446854,0,0.07985033094882965,0.9632760286331177,-0.2563667595386505,0,0.03692212700843811,0.25415322184562683,0.9664589762687683,0,-6.105696201324463,9.110508918762207,0.7055630087852478,1
B34,mixamorig_RightArm,33,-0.4506610333919525,0.13118408620357513,-0.8830040693283081,0,-0.6046478748321533,0.6828372478485107,0.41004180908203125,0,0.6567388772964478,0.7186961770057678,-0.22840793430805206,0,-12.655040740966797,-0.2660210132598877,-2.600895881652832,1
B35,mixamorig_RightForeArm,34,0.8739500045776367,-0.0013201105175539851,-0.4860150218009949,0,-0.0013201095862314105,0.9999859929084778,-0.005089970305562019,0,0.4860149621963501,0.005089973099529743,0.8739360570907593,0,-27.40468406677246,0.00003300000025774352,0.000004999999873689376,1
B36,mixamorig_RightHand,35,0.8429529070854187,-0.2521771490573883,0.47522425651550293,0,0.5205836892127991,0.605207085609436,-0.6022591590881348,0,-0.13573302328586578,0.7550698518753052,0.6414401531219482,0,-27.614463806152344,0.00002300000051036477,0.000018000000636675395,1
B37,mixamorig_RightHandMiddle1,36,0.5895510315895081,0.7562389373779297,0.28378286957740784,0,-0.7768600583076477,0.6270739436149597,-0.05715293064713478,0,-0.22117412090301514,-0.18676500022411346,0.9571839570999146,0,-12.77552318572998,0.000009000000318337698,0.000018000000636675395,1
B38,mixamorig_RightHandMiddle2,37,-0.3708549737930298,0.9256290197372437,0.07535536587238312,0,-0.9256280660629272,-0.36182889342308044,-0.11086710542440414,0,-0.07535605132579803,-0.11086662858724594,0.9909740686416626,0,-3.613970994949341,0.000003000000106112566,0.000003000000106112566,1
B39,mixamorig_RightHandMiddle3,38,0.9466670155525208,0.3211510181427002,0.026144955307245255,0,-0.3211509883403778,0.9470180869102478,-0.004313257988542318,0,-0.026144959032535553,-0.004313259851187468,0.9996489882469177,0,-3.4597599506378174,0,-0.000025999999706982635,1
B40,mixamorig_RightHandMiddle4,39,1,0,0,0,0,1,0,0,0,0,1,0,-3.680191993713379,-9.999999974752427e-7,0.00003300000025774352,1
B41,mixamorig_RightHandThumb1,36,0.9781339764595032,0.1776650846004486,0.10811811685562134,0,-0.19100889563560486,0.9730690121650696,0.1290430873632431,0,-0.08227990567684174,-0.1468728929758072,0.9857270121574402,0,-3.788809061050415,-2.1669979095458984,3.003087043762207,1
B42,mixamorig_RightHandThumb2,41,0.9025260210037231,-0.40125298500061035,0.15633822977542877,0,0.29966309666633606,0.8459140062332153,0.4411700367927551,0,-0.30926981568336487,-0.3513190448284149,0.8837010860443115,0,-3.675442934036255,-2.122009038925171,2.12201189994812,1
B43,mixamorig_RightHandThumb3,42,0.546421229839325,-0.5333518981933594,0.6457239985466003,0,0.3450508117675781,0.8458929657936096,0.4066993296146393,0,-0.7631280422210693,0.0005784003878943622,0.6462479829788208,0,-3.394357919692993,-1.95974600315094,1.959792971611023,1
B44,mixamorig_RightHandThumb4,43,1,0,0,0,0,1,0,0,0,0,1,0,-2.6794040203094482,-1.5469460487365723,1.5469199419021606,1
B45,mixamorig_RightHandIndex1,36,0.9003910422325134,0.42881903052330017,0.0735500305891037,0,-0.42824897170066833,0.9033380150794983,-0.02416016347706318,0,-0.07680090516805649,-0.009744135662913322,0.9969990849494934,0,-12.266615867614746,-0.231673002243042,2.8220560550689697,1
B46,mixamorig_RightHandIndex2,45,0.6442238092422485,0.762315034866333,0.062059979885816574,0,-0.7623148560523987,0.6465660333633423,-0.02877299301326275,0,-0.06206000968813896,-0.02877301536500454,0.9976580739021301,0,-3.8919670581817627,0,0.000037999998312443495,1
B47,mixamorig_RightHandIndex3,46,0.6260359883308411,0.7772230505943298,0.06327395886182785,0,-0.7772229313850403,0.6284980773925781,-0.03024408034980297,0,-0.06327395886182785,-0.03024408407509327,0.9975379109382629,0,-3.415160894393921,0,-0.000009000000318337698,1
B48,mixamorig_RightHandIndex4,47,1,0,0,0,0,1,0,0,0,0,1,0,-3.077986001968384,-9.999999974752427e-7,-0.000009000000318337698,1
B49,mixamorig_RightHandRing1,36,0.531334638595581,0.8384682536125183,0.12105490267276764,0,-0.8380118012428284,0.5411473512649536,-0.06996987760066986,0,-0.12417610734701157,-0.06426803022623062,0.9901769757270813,0,-12.147004127502441,0.009890999644994736,-2.2166309356689453,1
B50,mixamorig_RightHandRing2,49,-0.14377672970294952,0.986346960067749,0.08029841631650925,0,-0.9863469004631042,-0.1362462043762207,-0.092501200735569,0,-0.08029789477586746,-0.09250159561634064,0.992469072341919,0,-3.6011910438537598,0,0.000035000000934815034,1
B51,mixamorig_RightHandRing3,50,0.6497460007667542,0.7576450705528259,0.06167980656027794,0,-0.7576450109481812,0.6520520448684692,-0.028326915577054024,0,-0.061680182814598083,-0.028326094150543213,0.9976940751075745,0,-3.307317018508911,0.000003999999989900971,-0.00002099999983329326,1
B52,mixamorig_RightHandRing4,51,1,0,0,0,0,1,0,0,0,0,1,0,-3.6601150035858154,0.0000019999999949504854,9.999999974752427e-7,1
B53,mixamorig_RightHandPinky1,36,0.5131309628486633,0.8566411137580872,0.053512729704380035,0,-0.8535309433937073,0.5158510804176331,-0.07336616516113281,0,-0.09045299887657166,-0.008028312586247921,0.9958680272102356,0,-10.908193588256836,-0.2263689935207367,-4.725820064544678,1
B54,mixamorig_RightHandPinky2,53,0.3134850263595581,0.946462094783783,0.0770515650510788,0,-0.9464620351791382,0.3180049657821655,-0.0555209182202816,0,-0.07705121487379074,-0.05552138760685921,0.995479941368103,0,-4.136651992797852,0,0.000025999999706982635,1
B55,mixamorig_RightHandPinky3,54,0.6187960505485535,0.7829608917236328,0.0637407898902893,0,-0.7829610109329224,0.6213060021400452,-0.030829431489109993,0,-0.0637407973408699,-0.030829431489109993,0.9974899888038635,0,-2.5948359966278076,-9.999999974752427e-7,-0.000037000001611886546,1
B56,mixamorig_RightHandPinky4,55,1,0,0,0,0,1,0,0,0,0,1,0,-2.9238688945770264,9.999999974752427e-7,0.000018999999156221747,1
B57,mixamorig_RightUpLeg,0,0.9965710043907166,0.08234299719333649,0.00811589416116476,0,-0.07506696879863739,0.941027045249939,-0.3298988342285156,0,-0.034802112728357315,0.3281581699848175,0.9439809322357178,0,-9.1244535446167,-6.656397819519043,-0.05537800118327141,1
B58,mixamorig_RightLeg,57,0.9999150037765503,0.004154186695814133,-0.012385032139718533,0,0.0005421615205705166,0.9340739846229553,0.35707888007164,0,0.013051902875304222,-0.357055127620697,0.9339919686317444,0,-0.2446800023317337,-40.595436096191406,-0.5145279765129089,1
B59,mixamorig_RightFoot,58,0.9996449947357178,-0.02316475845873356,-0.013131975196301937,0,0.020394232124090195,0.9831299185752869,-0.18176810443401337,0,0.01712106540799141,0.18143589794635773,0.983254075050354,0,0.24466900527477264,-42.04787063598633,-2.0602309703826904,1
B60,mixamorig_RightToeBase,59,1,0,0,0,0,1,-9.986282520912937e-7,0,0,9.986282520912937e-7,1,0,-0.3733600080013275,-10.492194175720215,12.640663146972656,1
B61,mixamorig_RightToe_End,60,1,0,0,0,0,1,0,0,0,0,1,0,0,0,9.992521286010742,1
B62,mixamorig_LeftUpLeg,0,0.9876850247383118,-0.023569023236632347,-0.15467090904712677,0,-0.09047002345323563,0.7205171585083008,-0.6875097751617432,0,0.12764699757099152,0.6930362582206726,0.7095117568969727,0,9.124452590942383,-6.656398773193359,-0.05537800118327141,1
B63,mixamorig_LeftLeg,62,0.999006986618042,0.04154002293944359,-0.016130220144987106,0,-0.0011922058183699846,0.3867592513561249,0.9221798181533813,0,0.044545892626047134,-0.9212450385093689,0.3864247798919678,0,0.2446800023317337,-40.59540557861328,-0.517041027545929,1
B64,mixamorig_LeftFoot,63,0.9995989799499512,0.02825922891497612,-0.001537728006951511,0,-0.028220806270837784,0.991204023361206,-0.12929973006248474,0,-0.002129708183929324,0.12929126620292664,0.9916039705276489,0,-0.24467000365257263,-42.04800033569336,-2.05764102935791,1
B65,mixamorig_LeftToeBase,64,1,0,0,0,0,1,0,0,0,0,1,0,0.3733600080013275,-10.492193222045898,12.640664100646973,1
B66,mixamorig_LeftToe_End,65,1,0,0,0,0,1,0,0,0,0,1,0,0,9.999999974752427e-7,9.992521286010742,1
@52,0,1,2,3,4,5,9,10,11,12,13,14,15,17,18,19,21,22,23,25,26,27,29,30,31,33,34,35,36,37,38,39,41,42,43,45,46,47,49,50,51,53,54,55,57,58,59,60,62,63,64,65
K0.000,0.9436520934104919,-0.06162437051534653,0.3251506984233856,0,0.007519632112234831,0.9862490892410278,0.1650959551334381,0,-0.33085331320762634,-0.15334804356098175,0.9311388731002808,0,-0.017434999346733093,97.46061706542969,0.5675809979438782,1,0.9985619783401489,0.04357509687542915,-0.031216027215123177,0,-0.0420009009540081,0.9978939890861511,0.04942406713962555,0,0.033303968608379364,-0.0480419285595417,0.998289942741394,0,9.999999974752427e-7,9.92345905303955,-1.227334976196289,1,0.9969770312309265,0.008760197088122368,0.0772031843662262,0,-0.012380803935229778,0.9988399744033813,0.04654395952820778,0,-0.07670581340789795,-0.04735904559493065,0.9959280490875244,0,-0.00013899999612476677,11.645440101623535,-1.422340989112854,1,0.9849689602851868,0.07179340720176697,0.157103031873703,0,-0.07992558181285858,0.9957360029220581,0.04606493189930916,0,-0.15312597155570984,-0.05792906880378723,0.986506998538971,0,0.00009100000170292333,13.360203742980957,-1.6264599561691284,1,0.9899329543113708,-0.050686366856098175,-0.13215169310569763,0,0.07675065100193024,0.9767210483551025,0.20031188428401947,0,0.11892230063676834,-0.20843812823295593,0.9707789421081543,0,0.00002499999936844688,15.032490730285645,0.7929049730300903,1,0.9298538565635681,0.13876810669898987,-0.34075719118118286,0,-0.1344859004020691,0.9902510046958923,0.03628100827336311,0,0.34246981143951416,0.012091005221009254,0.9394510388374329,0,0.0000019999999949504854,10.321830749511719,3.1424291133880615,1,0.9765399694442749,-0.1940152794122696,-0.09342006593942642,0,0.19873273372650146,0.9790620803833008,0.04407466948032379,0,0.08291293680667877,-0.06160633638501167,0.9946509599685669,0,6.105823993682861,9.110424041748047,0.705551028251648,1,0.5404740571975708,-0.16399818658828735,0.825222909450531,0,0.6410528421401978,0.7155120372772217,-0.27765801548957825,0,-0.5449212193489075,0.6790779829025269,0.49184685945510864,0,12.655036926269531,-0.2659339904785156,-2.600922107696533,1,0.14130111038684845,0.008992990478873253,0.9899259805679321,0,0.00898899044841528,0.9999060034751892,-0.01036673504859209,0,-0.9899259805679321,0.010363264940679073,0.14120696485042572,0,27.40468406677246,0.00003899999865097925,0.000007000000096013537,1,0.6947739720344543,0.03383060544729233,-0.7184320688247681,0,-0.5644062757492065,0.64478600025177,-0.5154575705528259,0,0.44579675793647766,0.7636141777038574,0.46707478165626526,0,27.614463806152344,0.000029000000722589903,0.000019999999494757503,1,0.749103844165802,-0.66242915391922,0.005520115606486797,0,0.6617327928543091,0.7478762269020081,-0.05282599851489067,0,0.03086511790752411,0.04322499781847,0.9985880255699158,0,12.77552318572998,0.000012999999853491317,0.000019999999494757503,1,0.4941139817237854,-0.8648719787597656,-0.08858397603034973,0,0.8648719787597656,0.49936601519584656,-0.051277101039886475,0,0.08858402073383331,-0.051277101039886475,0.9947479963302612,0,3.613970994949341,0.000003000000106112566,0.0000019999999949504854,1,0.7730158567428589,-0.6310850977897644,-0.06463780999183655,0,0.6310848593711853,0.7753721475601196,-0.023007668554782867,0,0.06463819742202759,-0.02300666831433773,0.9976440072059631,0,3.4597599506378174,9.999999974752427e-7,-0.000025999999706982635,1,0.9595990777015686,0.15901796519756317,-0.2321268916130066,0,-0.20781101286411285,0.95673006772995,-0.20367302000522614,0,0.1896951049566269,0.24368296563625336,0.9511229395866394,0,3.7888100147247314,-2.166996955871582,3.0030879974365234,1,0.9705009460449219,0.22956116497516632,0.07368127256631851,0,-0.22968582808971405,0.9732400178909302,-0.006891927681863308,0,-0.07329173386096954,-0.01023492868989706,0.9972580075263977,0,3.675442934036255,-2.1220080852508545,2.12201189994812,1,0.9171848893165588,0.003158889478072524,0.3984491527080536,0,0.06752188503742218,0.9842749238014221,-0.1632310301065445,0,-0.39269885420799255,0.17661693692207336,0.9025481343269348,0,3.3943591117858887,-1.9597439765930176,1.959792971611023,1,0.8518190383911133,-0.5229217410087585,-0.0309447068721056,0,0.5218762159347534,0.8522548675537109,-0.036144088953733444,0,0.04527328535914421,0.014638910070061684,0.9988669753074646,0,12.26661491394043,-0.23166899383068085,2.8220579624176025,1,0.4696062505245209,-0.878280758857727,-0.08995696157217026,0,0.8782811164855957,0.47511282563209534,-0.05376102402806282,0,0.08995703607797623,-0.05376102402806282,0.9944940805435181,0,3.8919670581817627,0.0000019999999949504854,0.00003899999865097925,1,0.9133730530738831,-0.4050038456916809,-0.041481878608465195,0,0.4050041139125824,0.9142729640007019,-0.008781003765761852,0,0.04148212447762489,-0.008780003525316715,0.9991010427474976,0,3.415160894393921,9.999999974752427e-7,-0.000009000000318337698,1,0.6448281407356262,-0.7598598599433899,0.08252391219139099,0,0.7643260359764099,0.6412630081176758,-0.06772491335868835,0,-0.0014580850256606936,0.10674609988927841,0.994284987449646,0,12.147005081176758,0.00989499967545271,-2.2166290283203125,1,0.4780818819999695,-0.8737441301345825,-0.08949247002601624,0,0.8737439513206482,0.4835001826286316,-0.05290203541517258,0,0.08949251472949982,-0.05290202796459198,0.994581937789917,0,3.6011910438537598,0.0000019999999949504854,0.000035000000934815034,1,0.9395060539245605,-0.3407500088214874,-0.03490100055932999,0,0.34074997901916504,0.9401339292526245,-0.006131723988801241,0,0.03490099683403969,-0.006131723988801241,0.9993719458580017,0,3.307317018508911,0.000004999999873689376,-0.00002099999983329326,1,0.7775638699531555,-0.6031232476234436,0.1778697818517685,0,0.6187687516212463,0.7842391729354858,-0.045760300010442734,0,-0.11189324408769608,0.14564168453216553,0.9829890131950378,0,10.908194541931152,-0.22636500000953674,-4.725818157196045,1,0.5118002891540527,-0.8546328544616699,-0.08753467351198196,0,0.854633092880249,0.5168688297271729,-0.04948476329445839,0,0.0875353217124939,-0.0494837611913681,0.9949319958686829,0,4.136651992797852,0.0000019999999949504854,0.00002700000004551839,1,0.8493261337280273,-0.5251207947731018,-0.05378512665629387,0,0.5251210927963257,0.8508908748626709,-0.015271891839802265,0,0.05378486588597298,-0.015272892080247402,0.9984359741210938,0,2.5948359966278076,0,-0.00003600000127335079,1,0.9961230754852295,-0.08663766086101532,-0.015271926298737526,0,0.07985034584999084,0.9632760286331177,-0.2563667893409729,0,0.03692207857966423,0.2541532516479492,0.9664589166641235,0,-6.105696201324463,9.110508918762207,0.7055630087852478,1,-0.45066142082214355,0.13118423521518707,-0.8830037713050842,0,-0.6046475172042847,0.6828373074531555,0.4100421965122223,0,0.656738817691803,0.7186960577964783,-0.22840817272663116,0,-12.655040740966797,-0.2660210132598877,-2.600895881652832,1,0.8739500045776367,-0.0013201175024732947,-0.4860150218009949,0,-0.0013201175024732947,0.9999859929084778,-0.005089999176561832,0,0.4860149621963501,0.005090001970529556,0.8739360570907593,0,-27.40468406677246,0.00003300000025774352,0.000004999999873689376,1,0.8429529070854187,-0.25217726826667786,0.4752241373062134,0,0.5205836892127991,0.6052071452140808,-0.6022591590881348,0,-0.13573287427425385,0.7550697326660156,0.6414402723312378,0,-27.614463806152344,0.00002300000051036477,0.000018000000636675395,1,0.5895510315895081,0.7562389373779297,0.28378283977508545,0,-0.7768600583076477,0.6270739436149597,-0.057152971625328064,0,-0.22117413580417633,-0.18676495552062988,0.9571839570999146,0,-12.77552318572998,0.000009000000318337698,0.000018000000636675395,1,-0.3708551228046417,0.9256289601325989,0.07535550743341446,0,-0.9256280660629272,-0.36182907223701477,-0.11086657643318176,0,-0.07535549253225327,-0.11086657643318176,0.9909741282463074,0,-3.613970994949341,0.000003000000106112566,0.000003000000106112566,1,0.9466670155525208,0.3211510479450226,0.026144998148083687,0,-0.3211510181427002,0.947018027305603,-0.00431326637044549,0,-0.026145001873373985,-0.00431326637044549,0.9996489882469177,0,-3.4597599506378174,0,-0.000025999999706982635,1,0.9781339764595032,0.1776650846004486,0.10811810195446014,0,-0.19100889563560486,0.9730690121650696,0.1290430873632431,0,-0.08227989077568054,-0.1468728929758072,0.9857270121574402,0,-3.788809061050415,-2.1669979095458984,3.003087043762207,1,0.9025260210037231,-0.4012529253959656,0.15633822977542877,0,0.29966309666633606,0.8459140062332153,0.44116997718811035,0,-0.3092697858810425,-0.35131898522377014,0.8837011456489563,0,-3.675442934036255,-2.122009038925171,2.12201189994812,1,0.5464210510253906,-0.5333520770072937,0.6457239389419556,0,0.34505096077919006,0.8458928465843201,0.4066994786262512,0,-0.7631281018257141,0.000578486651647836,0.646247923374176,0,-3.394357919692993,-1.95974600315094,1.959792971611023,1,0.9003910422325134,0.42881903052330017,0.07355006784200668,0,-0.42824897170066833,0.9033380150794983,-0.02416015788912773,0,-0.07680093497037888,-0.009744157083332539,0.9969990849494934,0,-12.266615867614746,-0.231673002243042,2.8220560550689697,1,0.6442238092422485,0.762315034866333,0.06205998361110687,0,-0.7623148560523987,0.6465660333633423,-0.028773007914423943,0,-0.06206002086400986,-0.028773009777069092,0.9976580739021301,0,-3.8919670581817627,0,0.000037999998312443495,1,0.6260359287261963,0.7772230505943298,0.06327399611473083,0,-0.7772229313850403,0.6284980177879333,-0.03024410642683506,0,-0.06327399611473083,-0.03024410642683506,0.9975379109382629,0,-3.415160894393921,0,-0.000009000000318337698,1,0.5313346982002258,0.8384681940078735,0.12105485796928406,0,-0.8380117416381836,0.5411474108695984,-0.06996995210647583,0,-0.12417615205049515,-0.06426795572042465,0.9901769757270813,0,-12.147004127502441,0.009890999644994736,-2.2166309356689453,1,-0.14377687871456146,0.986346960067749,0.08029861003160477,0,-0.9863470196723938,-0.13624638319015503,-0.0925007238984108,0,-0.08029739558696747,-0.09250172227621078,0.9924691319465637,0,-3.6011910438537598,0,0.000035000000934815034,1,0.6497460007667542,0.7576450705528259,0.06167977303266525,0,-0.7576450109481812,0.6520520448684692,-0.028327008709311485,0,-0.061680231243371964,-0.02832600846886635,0.9976940751075745,0,-3.307317018508911,0.000003999999989900971,-0.00002099999983329326,1,0.5131309628486633,0.8566411137580872,0.053512830287218094,0,-0.8535309433937073,0.5158510804176331,-0.07336632162332535,0,-0.09045317769050598,-0.008028318174183369,0.9958679676055908,0,-10.908193588256836,-0.2263689935207367,-4.725820064544678,1,0.3134850263595581,0.9464620351791382,0.07705150544643402,0,-0.9464619159698486,0.3180049657821655,-0.05552123486995697,0,-0.07705149054527283,-0.05552123486995697,0.995479941368103,0,-4.136651992797852,0,0.000025999999706982635,1,0.6187959909439087,0.7829609513282776,0.06374099850654602,0,-0.7829610705375671,0.6213059425354004,-0.0308295339345932,0,-0.06374100595712662,-0.0308295339345932,0.9974899888038635,0,-2.5948359966278076,-9.999999974752427e-7,-0.000037000001611886546,1,0.9965710043907166,0.08234301209449768,0.008115887641906738,0,-0.07506698369979858,0.941027045249939,-0.3298988342285156,0,-0.034802112728357315,0.3281581699848175,0.9439809322357178,0,-9.1244535446167,-6.656397819519043,-0.05537800118327141,1,0.9999150037765503,0.00415418017655611,-0.012385067529976368,0,0.0005421802634373307,0.9340739846229553,0.3570789098739624,0,0.013051933608949184,-0.3570551574230194,0.9339919686317444,0,-0.2446800023317337,-40.595436096191406,-0.5145279765129089,1,0.9996449947357178,-0.023164762184023857,-0.01313195563852787,0,0.02039423957467079,0.9831299185752869,-0.18176810443401337,0,0.017121044918894768,0.18143589794635773,0.983254075050354,0,0.24466900527477264,-42.04787063598633,-2.0602309703826904,1,1,0,0,0,0,1,-9.999999974752427e-7,0,0,9.999999974752427e-7,1,0,-0.3733600080013275,-10.492194175720215,12.640663146972656,1,0.987684965133667,-0.02356904000043869,-0.15467095375061035,0,-0.09047003835439682,0.7205171585083008,-0.6875097751617432,0,0.1276470422744751,0.6930362582206726,0.7095117568969727,0,9.124452590942383,-6.656398773193359,-0.05537800118327141,1,0.999006986618042,0.04153987020254135,-0.0161302387714386,0,-0.0011921297991648316,0.3867592513561249,0.9221798181533813,0,0.04454576224088669,-0.9212450385093689,0.3864247798919678,0,0.2446800023317337,-40.59540557861328,-0.517041027545929,1,0.9995989799499512,0.028259212151169777,-0.0015377169474959373,0,-0.02822078764438629,0.991204023361206,-0.12929973006248474,0,-0.0021297167986631393,0.12929126620292664,0.9916039705276489,0,-0.24467000365257263,-42.04800033569336,-2.05764102935791,1,1,0,0,0,0,1,0,0,0,0,1,0,0.3733600080013275,-10.492193222045898,12.640664100646973,1
