1.000,30,29,65
B0,mixamorig_Hips,-1,0.9983500242233276,-0.031366001814603806,-0.048106998205184937,0,0.0321739986538887,0.9993529915809631,0.016103999689221382,0,0.04757099971175194,-0.017625000327825546,0.9987120032310486,0,-0.012583999894559383,91.17782592773438,-0.817700982093811,1
B1,mixamorig_Spine,0,0.9999340176582336,0.010029000230133533,-0.0055229999125003815,0,-0.010222000069916248,0.9992979764938354,-0.03604000061750412,0,0.005156999919563532,0.036093998700380325,0.999334990978241,0,0,8.600730895996094,-0.34072500467300415,1
B2,mixamorig_Spine1,1,0.9998890161514282,0.009223000146448612,-0.011669999919831753,0,-0.00914399977773428,0.99993497133255,0.006825000047683716,0,0.011731999926269054,-0.0067170001566410065,0.999908983707428,0,0,10.042057991027832,0,1
B3,mixamorig_Spine2,2,0.9998890161514282,0.009223000146448612,-0.011669999919831753,0,-0.00914399977773428,0.99993497133255,0.006825000047683716,0,0.011731999926269054,-0.0067170001566410065,0.999908983707428,0,0,11.47664737701416,0,1
B4,mixamorig_Neck,3,0.9997460246086121,-0.02138100005686283,0.007116999942809343,0,0.02108299918472767,0.998989999294281,0.03966899961233139,0,-0.007957999594509602,-0.03950800001621246,0.9991880059242249,0,0,12.911211967468262,-9.999999974752427e-7,1
B5,mixamorig_Head,4,0.9980499744415283,0.030729999765753746,0.054322000592947006,0,-0.033250000327825546,0.9983829855918884,0.04610700160264969,0,-0.05281699821352959,-0.04782300069928169,0.9974579811096191,0,0,17.33026885986328,0.16984499990940094,1
B6,mixamorig_HeadTop_End,5,1,0,0,0,0,1,0,0,0,0,1,0,0,25.25299835205078,0.44979798793792725,1
B7,mixamorig_LeftShoulder,3,0.2380940020084381,0.011633000336587429,-0.9711729884147644,0,0.8062769770622253,-0.5598679780960083,0.19096100330352783,0,-0.5415070056915283,-0.828499972820282,-0.14268000423908234,0,7.576417922973633,10.591551780700684,-0.05160300061106682,1
B8,mixamorig_LeftArm,7,0.9865249991416931,-0.10469599813222885,0.1257299929857254,0,0.015845000743865967,0.8259819746017456,0.5634739995002747,0,-0.1628440022468567,-0.5538880228996277,0.816510021686554,0,0,15.126083374023438,0,1
B9,mixamorig_LeftForeArm,8,0.8099709749221802,0.5257290005683899,-0.25991401076316833,0,-0.46314099431037903,0.8452799916267395,0.2664619982242584,0,0.3597869873046875,-0.09544999897480011,0.9281389713287354,0,0,24.772058486938477,0,1
B10,mixamorig_LeftHand,9,0.9454500079154968,0.04237300157546997,-0.3230009973049164,0,-0.09051799774169922,0.9866309762001038,-0.1355230063199997,0,0.31294000148773193,0.15736700594425201,0.936644971370697,0,0,30.634607315063477,0,1
B11,mixamorig_LeftHandThumb1,10,0.9071429967880249,0.41991400718688965,0.027627000585198402,0,-0.38192999362945557,0.7939659953117371,0.473019003868103,0,0.17669199407100677,-0.43964698910713196,0.8806189894676208,0,-4.242733955383301,2.9392499923706055,1.3224060535430908,1
B12,mixamorig_LeftHandThumb2,11,0.9999970197677612,-0.0002589999930933118,0.0025730000343173742,0,0.0002849999873433262,0.9999470114707947,-0.010324999690055847,0,-0.002570000011473894,0.010325999930500984,0.9999430179595947,0,-0.3135850131511688,4.250936985015869,0,1
B13,mixamorig_LeftHandThumb3,12,0.9986699819564819,-0.051530998200178146,0.0017219999572262168,0,0.051530998200178146,0.9986709952354431,-0.000007000000096013537,0,-0.00171999994199723,0.00009600000339560211,0.9999989867210388,0,0.2933099865913391,5.231313228607178,0,1
B14,mixamorig_LeftHandThumb4,13,1,0,0,0,0,1,0,0,0,0,1,0,0.020274000242352486,4.557466983795166,0,1
B15,mixamorig_LeftHandIndex1,10,0.9854080080986023,0.16774600744247437,0.028843000531196594,0,-0.14888200163841248,0.767350971698761,0.6237040162086487,0,0.08249100297689438,-0.6188979744911194,0.7811279892921448,0,-4.594598770141602,10.352731704711914,-0.5541269779205322,1
B16,mixamorig_LeftHandIndex2,15,0.9979220032691956,0.02387000061571598,0.05984099954366684,0,-0.06251099705696106,0.13393999636173248,0.9890159964561462,0,0.01559200044721365,-0.9907019734382629,0.13515399396419525,0,0.032016001641750336,4.927512168884277,0,1
B17,mixamorig_LeftHandIndex3,16,0.9999979734420776,-0.0019839999731630087,0.00011000000085914508,0,0.0019839999731630087,0.9999979734420776,9.999999974752427e-7,0,-0.00011000000085914508,-9.999999974752427e-7,1,0,-0.01346299983561039,4.928970813751221,0,1
B18,mixamorig_LeftHandIndex4,17,1,0,0,0,0,1,0,0,0,0,1,0,-0.018552999943494797,3.9383559226989746,0,1
B19,mixamorig_LeftHandMiddle1,10,0.9756330251693726,0.17861099541187286,0.12742799520492554,0,-0.20058399438858032,0.49072301387786865,0.8479139804840088,0,0.08891499787569046,-0.8528130054473877,0.5145919919013977,0,-1.2824360132217407,10.33613395690918,-0.8320260047912598,1
B20,mixamorig_LeftHandMiddle2,19,0.9972500205039978,0.04022200033068657,0.06225199997425079,0,-0.0519770011305809,-0.21921700239181519,0.9742910265922546,0,0.05283400043845177,-0.9748470187187195,-0.21652400493621826,0,-0.010781999677419662,5.230743885040283,0,1
B21,mixamorig_LeftHandMiddle3,20,0.9999669790267944,0.00814600009471178,0.00021699999342672527,0,-0.00814600009471178,0.9999669790267944,-9.999999974752427e-7,0,-0.00021699999342672527,0,1,0,-0.013093000277876854,5.101086139678955,0,1
B22,mixamorig_LeftHandMiddle4,21,1,0,0,0,0,1,0,0,0,0,1,0,0.023874999955296516,4.284660816192627,0,1
B23,mixamorig_LeftHandRing1,10,0.9776840209960938,0.011125000193715096,0.20978499948978424,0,-0.18902799487113953,0.4822950065135956,0.8553709983825684,0,-0.09166300296783447,-0.8759379982948303,0.4736349880695343,0,1.95107901096344,10.350570678710938,-0.46391600370407104,1
B24,mixamorig_LeftHandRing2,23,0.9998999834060669,0.0031900000758469105,-0.01377199962735176,0,0.01412499975413084,-0.26493901014328003,0.9641619920730591,0,-0.0005729999975301325,-0.9642599821090698,-0.264957994222641,0,-0.0030990000814199448,5.001862049102783,0,1
B25,mixamorig_LeftHandRing3,24,0.9999939799308777,-0.0035880000796169043,0.000035000000934815034,0,0.0035880000796169043,0.9999939799308777,9.999999974752427e-7,0,-0.000035000000934815034,0,1,0,0.00926200021058321,4.631412982940674,0,1
B26,mixamorig_LeftHandRing4,25,1,0,0,0,0,1,0,0,0,0,1,0,-0.006163000129163265,3.9231810569763184,0,1
B27,mixamorig_LeftHandPinky1,10,0.9587839841842651,-0.10082700103521347,0.2656460106372833,0,-0.22088000178337097,0.3236199915409088,0.920045018196106,0,-0.17873400449752808,-0.9408000111579895,0.28801101446151733,0,3.9259560108184814,8.61627197265625,-0.7818700075149536,1
B28,mixamorig_LeftHandPinky2,27,0.9975780248641968,0.006856999825686216,-0.06922300159931183,0,0.06955999881029129,-0.10640999674797058,0.9918860197067261,0,-0.0005639999872073531,-0.9942989945411682,-0.10662899911403656,0,-0.036343999207019806,5.207526206970215,0,1
B29,mixamorig_LeftHandPinky3,28,0.9994779825210571,-0.032308999449014664,0.0008249999955296516,0,0.032308999449014664,0.9994779825210571,0.000009999999747378752,0,-0.0008249999955296516,0.000015999999959603883,1,0,0.07968399673700333,4.089059829711914,0,1
B30,mixamorig_LeftHandPinky4,29,1,0,0,0,0,1,0,0,0,0,1,0,-0.04334099963307381,3.375619888305664,0,1
B31,mixamorig_RightShoulder,3,0.10069400072097778,-0.03172500059008598,0.9944120049476624,0,-0.8189979791641235,-0.5701320171356201,0.06474199891090393,0,0.5648919939994812,-0.8209400177001953,-0.08339200168848038,0,-7.576417922973633,10.594738960266113,-0.13206200301647186,1
B32,mixamorig_RightArm,31,0.937637984752655,0.33862000703811646,-0.07856299728155136,0,-0.2202499955892563,0.7535709738731384,0.6193720102310181,0,0.2689349949359894,-0.5634419918060303,0.7811570167541504,0,0,15.126083374023438,0,1
B33,mixamorig_RightForeArm,32,0.8924160003662109,-0.41225099563598633,0.18341800570487976,0,0.3537980020046234,0.8916109800338745,0.28259000182151794,0,-0.28003498911857605,-0.18729500472545624,0.9415420293807983,0,0,24.77214813232422,0,1
B34,mixamorig_RightHand,33,0.9141510128974915,0.08527199923992157,0.3963029980659485,0,-0.056446000933647156,0.9948769807815552,-0.08386299759149551,0,-0.40142399072647095,0.054294001311063766,0.9142810106277466,0,0,30.639760971069336,0,1
B35,mixamorig_RightHandThumb1,34,0.8898400068283081,-0.45507898926734924,-0.03299799934029579,0,0.4448609948158264,0.8492370247840881,0.2844200134277344,0,-0.10141099989414215,-0.267767995595932,0.9581320285797119,0,4.2555131912231445,3.028204917907715,1.4591660499572754,1
B36,mixamorig_RightHandThumb2,35,0.9180179834365845,0.09288500249385834,0.3855069875717163,0,-0.17283299565315247,0.9687020182609558,0.17816899716854095,0,-0.3568919897079468,-0.23019100725650787,0.9053400158882141,0,0.3879750072956085,4.320991039276123,0,1
B37,mixamorig_RightHandThumb3,36,0.9996410012245178,-0.026492999866604805,-0.00394799979403615,0,0.026491999626159668,0.9996489882469177,-0.00021600000036414713,0,0.0039519998244941235,0.00011100000119768083,0.9999920129776001,0,-0.14501400291919708,5.1945319175720215,0,1
B38,mixamorig_RightHandThumb4,37,1,0,0,0,0,1,0,0,0,0,1,0,-0.24296100437641144,4.462309837341309,0,1
B39,mixamorig_RightHandIndex1,34,0.9922980070114136,-0.11075899749994278,-0.05547399818897247,0,0.12229099869728088,0.8045049905776978,0.5812199711799622,0,-0.019747000187635422,-0.5835270285606384,0.8118529915809631,0,4.589535236358643,10.470309257507324,-0.5960170030593872,1
B40,mixamorig_RightHandIndex2,39,0.9981849789619446,0.009162000380456448,-0.05952899903059006,0,0.05126500129699707,0.3895680010318756,0.9195700287818909,0,0.03161599859595299,-0.9209520220756531,0.38839098811149597,0,-0.01643200032413006,5.131840229034424,0,1
B41,mixamorig_RightHandIndex3,40,0.9999960064888,-0.002647999906912446,0.00007999999797903001,0,0.002647999906912446,0.9999960064888,-9.999999974752427e-7,0,-0.00007999999797903001,9.999999974752427e-7,1,0,0.01472300011664629,4.7961931228637695,0,1
B42,mixamorig_RightHandIndex4,41,1,0,0,0,0,1,0,0,0,0,1,0,0.0017089999746531248,4.077937126159668,0,1
B43,mixamorig_RightHandMiddle1,34,0.9890750050544739,-0.10426600277423859,-0.10420899838209152,0,0.14740599691867828,0.6923239827156067,0.7063699960708618,0,-0.001505000051110983,-0.7140139937400818,0.700128972530365,0,1.5205800533294678,10.235286712646484,-0.7404230237007141,1
B44,mixamorig_RightHandMiddle2,43,0.9972370266914368,0.01650799997150898,-0.07242900133132935,0,0.06464099884033203,0.28760701417922974,0.9555649757385254,0,0.03660599887371063,-0.9576060175895691,0.2857449948787689,0,0.0009510000236332417,5.356856822967529,0,1
B45,mixamorig_RightHandMiddle3,44,0.9999960064888,-0.002707999898120761,-0.00004600000102072954,0,0.002707999898120761,0.9999960064888,0,0,0.00004600000102072954,0,1,0,0.005714000202715397,5.1917829513549805,0,1
B46,mixamorig_RightHandMiddle4,45,1,0,0,0,0,1,0,0,0,0,1,0,-0.0066639999859035015,4.162746906280518,0,1
B47,mixamorig_RightHandRing1,34,0.9839379787445068,-0.16165399551391602,-0.07572600245475769,0,0.1683579981327057,0.6993100047111511,0.6947090029716492,0,-0.05934600159525871,-0.6963000297546387,0.7152929902076721,0,-1.7055389881134033,9.981629371643066,-0.45947301387786865,1
B48,mixamorig_RightHandRing2,47,0.9982939958572388,-0.057962000370025635,-0.007062999997287989,0,0.016295000910758972,0.1604039967060089,0.9869170188903809,0,-0.0560699999332428,-0.9853479862213135,0.16107399761676788,0,0.012504000216722488,5.180834770202637,0,1
B49,mixamorig_RightHandRing3,48,0.9999560117721558,0.009402000345289707,-0.00018099999579135329,0,-0.009402000345289707,0.9999560117721558,9.999999974752427e-7,0,0.00018099999579135329,0,1,0,-0.027216000482439995,4.740457057952881,0,1
B50,mixamorig_RightHandRing4,49,1,0,0,0,0,1,0,0,0,0,1,0,0.014712999574840069,4.0111188888549805,0,1
B51,mixamorig_RightHandPinky1,34,0.9768930077552795,-0.18892699480056763,-0.09993299841880798,0,0.2079949975013733,0.732787013053894,0.6478890180587769,0,-0.04917500168085098,-0.6537039875984192,0.7551509737968445,0,-4.404575824737549,9.259000778198242,-0.6721029877662659,1
B52,mixamorig_RightHandPinky2,51,0.9953129887580872,-0.09523800015449524,0.016767000779509544,0,-0.012756000272929668,0.042566001415252686,0.9990119934082031,0,-0.09585800021886826,-0.9945440292358398,0.04115099832415581,0,0.04934199899435043,4.854663848876953,0,1
B53,mixamorig_RightHandPinky3,52,0.999472975730896,0.0324539989233017,-0.0011050000321120024,0,-0.0324539989233017,0.999472975730896,0.000012000000424450263,0,0.001104000024497509,0.000024000000848900527,0.9999989867210388,0,-0.08262699842453003,3.855607032775879,0,1
B54,mixamorig_RightHandPinky4,53,1,0,0,0,0,1,0,0,0,0,1,0,0.033284999430179596,3.0161828994750977,0,1
B55,mixamorig_LeftUpLeg,0,-0.9893050193786621,-0.06737100332975388,0.1293729990720749,0,0.11740899831056595,-0.8940920233726501,0.4322200119495392,0,0.08655200153589249,0.4427869915962219,0.8924400210380554,0,10.333610534667969,-4.771338939666748,0.2003220021724701,1
B56,mixamorig_LeftLeg,55,0.9997990131378174,-0.01617399975657463,-0.011858999729156494,0,-0.005243000108748674,0.3599640130996704,-0.9329509735107422,0,0.019359000027179718,0.9328259825706482,0.35980701446533203,0,0,40.083839416503906,0,1
B57,mixamorig_LeftFoot,56,0.9913759827613831,0.12700499594211578,-0.032287001609802246,0,-0.01978299953043461,0.3886060118675232,0.9211909770965576,0,0.1295430064201355,-0.9126089811325073,0.3877680003643036,0,0,39.304100036621094,0,1
B58,mixamorig_LeftToeBase,57,0.9874860048294067,-0.031060000881552696,0.15461699664592743,0,-0.0639830008149147,0.8171929717063904,0.5728020071983337,0,-0.1441430002450943,-0.575527012348175,0.8049790263175964,0,0,18.444286346435547,0,1
B59,mixamorig_LeftToe_End,58,1,0,0,0,0,1,0,0,0,0,1,0,0,8.118059158325195,0,1
B60,mixamorig_RightUpLeg,0,-0.9882640242576599,-0.08901599794626236,-0.12413500249385834,0,0.06002200022339821,-0.973583996295929,0.22030100226402283,0,-0.14046600461006165,0.21026499569416046,0.9675009846687317,0,-10.333610534667969,-4.771338939666748,0.7527629733085632,1
B61,mixamorig_RightLeg,60,0.9901270270347595,0.04093800112605095,0.13406500220298767,0,0.019488999620079994,0.9069100022315979,-0.4208739995956421,0,-0.13881400227546692,0.41933101415634155,0.8971580266952515,0,0,40.13115310668945,0,1
B62,mixamorig_RightFoot,61,0.9737510085105896,-0.2276020050048828,0.0023980000987648964,0,0.05993400141596794,0.26655301451683044,0.9619550108909607,0,-0.21958200633525848,-0.9365609884262085,0.2731969952583313,0,0,39.2901496887207,0,1
B63,mixamorig_RightToeBase,62,0.9835119843482971,-0.0034169999416917562,-0.18080900609493256,0,0.1030070036649704,0.832360029220581,0.544579029083252,0,0.14863699674606323,-0.5542250275611877,0.818988025188446,0,0,18.3802490234375,0,1
B64,mixamorig_RightToe_End,63,1,0,0,0,0,1,0,0,0,0,1,0,0,8.078692436218262,0,1
@52,0,1,2,3,4,5,7,8,9,10,11,12,13,15,16,17,19,20,21,23,24,25,27,28,29,31,32,33,34,35,36,37,39,40,41,43,44,45,47,48,49,51,52,53,55,56,57,58,60,61,62,63
K0,0.9983500242233276,-0.031366247683763504,-0.04810715094208717,0,0.032173752784729004,0.9993530511856079,0.016103902831673622,0,0.0475708432495594,-0.017625097185373306,0.9987120032310486,0,-0.012583999894559383,91.17782592773438,-0.817700982093811,1,0.9999340176582336,0.010029166005551815,-0.005522662773728371,0,-0.010221835225820541,0.9992979764938354,-0.03603995218873024,0,0.005157337058335543,0.03609404340386391,0.999334990978241,0,0,8.600730895996094,-0.34072500467300415,1,0.9998890161514282,0.009223113767802715,-0.011669903062283993,0,-0.009143885225057602,0.9999350309371948,0.006824730895459652,0,0.011732096783816814,-0.00671726930886507,0.999908983707428,0,0,10.042057991027832,0,1,0.9998890161514282,0.009223113767802715,-0.011669903062283993,0,-0.009143885225057602,0.9999350309371948,0.006824730895459652,0,0.011732096783816814,-0.00671726930886507,0.999908983707428,0,0,11.47664737701416,0,1,0.9997460246086121,-0.021381279453635216,0.007117007859051228,0,0.021082719787955284,0.9989900588989258,0.03966854512691498,0,-0.007957992143929005,-0.03950846195220947,0.9991880059242249,0,0,12.911211967468262,0,1,0.9980499744415283,0.030730120837688446,0.05432185158133507,0,-0.0332498773932457,0.9983829855918884,0.04610685631632805,0,-0.052817147225141525,-0.04782314598560333,0.9974579215049744,0,0,17.33026885986328,0.16984499990940094,1,0.23809343576431274,0.011633157730102539,-0.971173107624054,0,0.806276798248291,-0.5598681569099426,0.19096098840236664,0,-0.541506826877594,-0.8285000324249268,-0.1426803320646286,0,7.576417922973633,10.591551780700684,-0.05160300061106682,1,0.9865250587463379,-0.10469602048397064,0.1257299929857254,0,0.015844982117414474,0.8259820938110352,0.5634738802909851,0,-0.1628439873456955,-0.553888201713562,0.8165099024772644,0,0,15.126083374023438,0,1,0.809971034526825,0.5257290005683899,-0.25991401076316833,0,-0.4631410837173462,0.84527987241745,0.26646217703819275,0,0.3597870171070099,-0.09544981271028519,0.9281389713287354,0,0,24.772058486938477,0,1,0.9454500079154968,0.042372867465019226,-0.323000967502594,0,-0.09051813185214996,0.9866310358047485,-0.1355227530002594,0,0.31294000148773193,0.1573672890663147,0.9366449117660522,0,0,30.634607315063477,0,1,0.9071430563926697,0.41991373896598816,0.02762709930539131,0,-0.38193026185035706,0.7939661145210266,0.47301867604255676,0,0.17669209837913513,-0.4396473467350006,0.8806188106536865,0,-4.242733955383301,2.9392499923706055,1.3224060535430908,1,0.9999970197677612,-0.0002587235940154642,0.002572905272245407,0,0.00028527641552500427,0.9999470114707947,-0.010325153358280659,0,-0.0025700947735458612,0.010325845330953598,0.9999430179595947,0,-0.3135850131511688,4.250936985015869,0,1,0.9986700415611267,-0.05153096839785576,0.001722327433526516,0,0.051531028002500534,0.9986709952354431,-0.000007128052857297007,0,-0.0017196724656969309,0.00009587195381755009,0.9999989867210388,0,0.2933099865913391,5.231313228607178,0,1,0.9854080080986023,0.16774596273899078,0.028843119740486145,0,-0.14888204634189606,0.7673507332801819,0.6237042546272278,0,0.08249112963676453,-0.6188976168632507,0.7811282277107239,0,-4.594598770141602,10.352731704711914,-0.5541269779205322,1,0.9979220032691956,0.023869812488555908,0.05984146147966385,0,-0.06251119077205658,0.13394002616405487,0.989016056060791,0,0.015592462383210659,-0.9907019734382629,0.1351538747549057,0,0.032016001641750336,4.927512168884277,0,1,0.9999979734420776,-0.001983999740332365,0.00010999900405295193,0,0.001983999740332365,0.9999979734420776,0.0000011091200349255814,0,-0.00011000099766533822,0,1,0,-0.01346299983561039,4.928970813751221,0,1,0.9756330251693726,0.17861095070838928,0.12742792069911957,0,-0.2005840539932251,0.4907229542732239,0.8479139804840088,0,0.08891492336988449,-0.8528128862380981,0.5145920515060425,0,-1.2824360132217407,10.33613395690918,-0.8320260047912598,1,0.9972500205039978,0.04022153839468956,0.062252227216959,0,-0.05197746306657791,-0.21921733021736145,0.9742910265922546,0,0.052834223955869675,-0.9748470783233643,-0.21652379631996155,0,-0.010781999677419662,5.230743885040283,0,1,0.9999670386314392,0.008146001026034355,0.00021699799981433898,0,-0.008145999163389206,0.9999669194221497,-0.0000013838554195899633,0,-0.00021700200159102678,0,1,0,-0.013093000277876854,5.101086139678955,0,1,0.9776839017868042,0.011124841868877411,0.20978540182113647,0,-0.18902817368507385,0.4822949469089508,0.8553709983825684,0,-0.09166260063648224,-0.8759380578994751,0.4736350178718567,0,1.95107901096344,10.350570678710938,-0.46391600370407104,1,0.9998999238014221,0.0031900459434837103,-0.013772027567029,0,0.014125046320259571,-0.2649391293525696,0.9641619324684143,0,-0.000573028577491641,-0.9642601013183594,-0.2649577260017395,0,-0.0030990000814199448,5.001862049102783,0,1,0.9999940395355225,-0.003588000312447548,0.000034999113267986104,0,0.0035880000796169043,0.9999939203262329,0,0,-0.000035000888601643965,0,1,0,0.00926200021058321,4.631412982940674,0,1,0.9587840437889099,-0.10082732886075974,0.2656460106372833,0,-0.22088031470775604,0.3236200511455536,0.9200449585914612,0,-0.17873400449752808,-0.9408001899719238,0.2880108952522278,0,3.9259560108184814,8.61627197265625,-0.7818700075149536,1,0.997577965259552,0.006857085973024368,-0.06922361999750137,0,0.06956008076667786,-0.10640989243984222,0.9918860197067261,0,-0.0005646309582516551,-0.9942989349365234,-0.1066291481256485,0,-0.036343999207019806,5.207526206970215,0,1,0.9994779229164124,-0.03230900317430496,0.0008250484825111926,0,0.032308995723724365,0.9994779229164124,0.000010330938494007569,0,-0.0008249515085481107,0.000016330939615727402,1,0,0.07968399673700333,4.089059829711914,0,1,0.10069390386343002,-0.031725380569696426,0.9944120645523071,0,-0.8189977407455444,-0.5701324939727783,0.06474225223064423,0,0.5648922920227051,-0.8209399580955505,-0.0833919420838356,0,-7.576417922973633,10.594738960266113,-0.13206200301647186,1,0.9376379251480103,0.33862024545669556,-0.078563392162323,0,-0.22024975717067719,0.7535712122917175,0.619371771812439,0,0.26893460750579834,-0.5634421706199646,0.7811570167541504,0,0,15.126083374023438,0,1,0.89241623878479,-0.4122507572174072,0.18341770768165588,0,0.3537982106208801,0.8916109204292297,0.28258994221687317,0,-0.28003525733947754,-0.18729504942893982,0.9415419697761536,0,0,24.77214813232422,0,1,0.9141509532928467,0.08527211844921112,0.3963030278682709,0,-0.056445877999067307,0.9948769807815552,-0.08386312425136566,0,-0.40142393112182617,0.05429387465119362,0.9142810106277466,0,0,30.639760971069336,0,1,0.8898400068283081,-0.45507895946502686,-0.0329977422952652,0,0.44486096501350403,0.8492369651794434,0.2844201326370239,0,-0.10141073912382126,-0.26776787638664246,0.9581321477890015,0,4.2555131912231445,3.028204917907715,1.4591660499572754,1,0.9180179834365845,0.09288525581359863,0.38550683856010437,0,-0.17283274233341217,0.9687020182609558,0.1781691610813141,0,-0.35689210891723633,-0.23019081354141235,0.9053399562835693,0,0.3879750072956085,4.320991039276123,0,1,0.9996410012245178,-0.02649281919002533,-0.003947833552956581,0,0.026492180302739143,0.9996489882469177,-0.00021583210036624223,0,0.003952166065573692,0.00011116789391962811,0.9999920129776001,0,-0.14501400291919708,5.1945319175720215,0,1,0.9922980070114136,-0.11075929552316666,-0.05547366663813591,0,0.122290700674057,0.8045049905776978,0.5812200307846069,0,-0.01974666863679886,-0.5835270285606384,0.8118530511856079,0,4.589535236358643,10.470309257507324,-0.5960170030593872,1,0.9981849789619446,0.009162063710391521,-0.059529196470975876,0,0.051265064626932144,0.389568030834198,0.9195700883865356,0,0.03161580488085747,-0.9209520816802979,0.3883909285068512,0,-0.01643200032413006,5.131840229034424,0,1,0.9999960064888,-0.0026480001397430897,0.00008000130037544295,0,0.0026480001397430897,0.9999960064888,0,0,-0.00007999868830665946,0.000001105920546251582,1,0,0.01472300011664629,4.7961931228637695,0,1,0.9890750646591187,-0.10426602512598038,-0.10420843958854675,0,0.1474059820175171,0.6923237442970276,0.7063702940940857,0,-0.001504438929259777,-0.7140137553215027,0.7001292109489441,0,1.5205800533294678,10.235286712646484,-0.7404230237007141,1,0.9972370266914368,0.016508376225829124,-0.07242908328771591,0,0.06464137881994247,0.28760698437690735,0.9555649757385254,0,0.03660591319203377,-0.9576060175895691,0.2857450246810913,0,0.0009510000236332417,5.356856822967529,0,1,0.9999960064888,-0.0027080003637820482,-0.000045999997382750735,0,0.0027080003637820482,0.9999960064888,0,0,0.00004600001193466596,0,1,0,0.005714000202715397,5.1917829513549805,0,1,0.9839380383491516,-0.16165392100811005,-0.07572630792856216,0,0.16835808753967285,0.699309766292572,0.6947092413902283,0,-0.05934630706906319,-0.6962999105453491,0.7152931690216064,0,-1.7055389881134033,9.981629371643066,-0.45947301387786865,1,0.9982940554618835,-0.057961344718933105,-0.007063060533255339,0,0.01629566214978695,0.16040357947349548,0.9869171380996704,0,-0.05607005953788757,-0.9853479266166687,0.16107435524463654,0,0.012504000216722488,5.180834770202637,0,1,0.9999560117721558,0.009402001276612282,-0.00018099766748491675,0,-0.009402001276612282,0.9999560117721558,0.0000013508997653843835,0,0.00018100232409778982,0,1,0,-0.027216000482439995,4.740457057952881,0,1,0.9768930077552795,-0.18892721831798553,-0.09993258118629456,0,0.20799478888511658,0.7327870726585388,0.6478889584541321,0,-0.049174584448337555,-0.653704047203064,0.7551509141921997,0,-4.404575824737549,9.259000778198242,-0.6721029877662659,1,0.9953129887580872,-0.0952383354306221,0.016767002642154694,0,-0.012756338343024254,0.04256575182080269,0.9990119338035583,0,-0.09585799276828766,-0.9945439696311951,0.04115137830376625,0,0.04934199899435043,4.854663848876953,0,1,0.999472975730896,0.032454002648591995,-0.0011045978171750903,0,-0.0324539914727211,0.999472975730896,0.000011927442756132223,0,0.001104402239434421,0.000023927443180582486,0.9999989867210388,0,-0.08262699842453003,3.855607032775879,0,1,-0.9893051385879517,-0.0673709586262703,0.12937283515930176,0,0.11740903556346893,-0.8940920829772949,0.4322199523448944,0,0.08655217289924622,0.4427870213985443,0.8924399614334106,0,10.333610534667969,-4.771338939666748,0.2003220021724701,1,0.9997989535331726,-0.01617414690554142,-0.011859362944960594,0,-0.005243146326392889,0.3599640429019928,-0.9329509139060974,0,0.019358636811375618,0.9328259825706482,0.3598070442676544,0,0,40.083839416503906,0,1,0.9913759827613831,0.12700499594211578,-0.03228704258799553,0,-0.01978299766778946,0.38860613107681274,0.9211909174919128,0,0.12954296171665192,-0.9126090407371521,0.38776785135269165,0,0,39.304100036621094,0,1,0.9874860048294067,-0.031060291454195976,0.1546168476343155,0,-0.06398329138755798,0.8171928524971008,0.5728020668029785,0,-0.14414314925670624,-0.5755268931388855,0.8049790263175964,0,0,18.444286346435547,0,1,-0.9882641434669495,-0.08901604264974594,-0.12413491308689117,0,0.06002194806933403,-0.9735840559005737,0.22030112147331238,0,-0.14046610891819,0.2102648764848709,0.9675009846687317,0,-10.333610534667969,-4.771338939666748,0.7527629733085632,1,0.9901270866394043,0.040938328951597214,0.13406462967395782,0,0.01948932558298111,0.9069101214408875,-0.42087382078170776,0,-0.13881435990333557,0.4193311631679535,0.8971578478813171,0,0,40.13115310668945,0,1,0.9737510085105896,-0.2276017814874649,0.002398112090304494,0,0.05993421748280525,0.26655274629592896,0.9619550704956055,0,-0.21958190202713013,-0.9365609288215637,0.27319711446762085,0,0,39.2901496887207,0,1,0.9835120439529419,-0.0034168707206845284,-0.18080875277519226,0,0.10300713032484055,0.8323599100112915,0.5445791482925415,0,0.14863723516464233,-0.5542248487472534,0.8189880847930908,0,0,18.3802490234375,0,1
K0.034,0.9991952180862427,-0.032288093119859695,-0.02381882630288601,0,0.032692812383174896,0.999323844909668,0.01680351048707962,0,0.02326015569269657,-0.0175686813890934,0.9995746612548828,0,-0.1002979576587677,91.70339965820312,-0.9675250053405762,1,0.9999043941497803,0.0073141357861459255,-0.011721808463335037,0,-0.007727629970759153,0.9993348121643066,-0.03562765568494797,0,0.011453431099653244,0.03571484610438347,0.9992961883544922,0,0,8.600730895996094,-0.34072500467300415,1,0.9997153282165527,0.0036094975657761097,-0.023571157827973366,0,-0.0034307180903851986,0.9999654293060303,0.007620812859386206,0,0.023597845807671547,-0.00753777613863349,0.999692976474762,0,0,10.042057991027832,0,1,0.9997153282165527,0.0036094975657761097,-0.023571157827973366,0,-0.0034307180903851986,0.9999654293060303,0.007620812859386206,0,0.023597845807671547,-0.00753777613863349,0.999692976474762,0,0,11.47664737701416,0,1,0.9999120831489563,-0.008029942400753498,0.010536940768361092,0,0.007503472734242678,0.9987661838531494,0.04908660054206848,0,-0.010918103158473969,-0.049003224819898605,0.998738706111908,0,0,12.911211967468262,0,1,0.9983311295509338,0.02460256963968277,0.052239879965782166,0,-0.02664325386285782,0.9988939762115479,0.038733433932065964,0,-0.05122921243309975,-0.040060680359601974,0.9978834986686707,0,0,17.33026885986328,0.16984499990940094,1,0.21758799254894257,0.016950557008385658,-0.9758931994438171,0,0.8186740875244141,-0.5475725531578064,0.17302308976650238,0,-0.5314396619796753,-0.836586594581604,-0.13302233815193176,0,7.576417922973633,10.591551780700684,-0.05160300061106682,1,0.9782612323760986,-0.18473562598228455,0.0942251980304718,0,0.09155110269784927,0.7924092411994934,0.603080153465271,0,-0.18607531487941742,-0.5813435316085815,0.7920960187911987,0,0,15.126083374023438,0,1,0.8265721797943115,0.5034964680671692,-0.25153324007987976,0,-0.44988641142845154,0.8595960736274719,0.24227416515350342,0,0.3382014334201813,-0.08709578216075897,0.9370352029800415,0,0,24.772058486938477,0,1,0.9319794178009033,0.05669500306248665,-0.35805103182792664,0,-0.10456015914678574,0.9877588152885437,-0.1157570481300354,0,0.3471052646636963,0.1453210711479187,0.92649906873703,0,0,30.634607315063477,0,1,0.9071430563926697,0.41991373896598816,0.02762709930539131,0,-0.38193026185035706,0.7939661145210266,0.47301867604255676,0,0.17669209837913513,-0.4396473467350006,0.8806188106536865,0,-4.242733955383301,2.9392499923706055,1.3224060535430908,1,0.9999970197677612,-0.0002587229246273637,0.002572905272245407,0,0.00028527702670544386,0.9999470114707947,-0.010325653478503227,0,-0.0025700947735458612,0.010326345451176167,0.9999430179595947,0,-0.3135850131511688,4.250936985015869,0,1,0.9986700415611267,-0.05153096839785576,0.0017218447756022215,0,0.051531028002500534,0.9986709952354431,-0.000007140498837543419,0,-0.0017191896913573146,0.00009585950465407223,0.9999989867210388,0,0.2933099865913391,5.231313228607178,0,1,0.9848031997680664,0.17136646807193756,0.028217099606990814,0,-0.15363569557666779,0.7838402390480042,0.6016567349433899,0,0.08098606765270233,-0.5968484878540039,0.7982560396194458,0,-4.594598770141602,10.352731704711914,-0.5541269779205322,1,0.9981904625892639,0.023013638332486153,0.05554435774683952,0,-0.05889066308736801,0.18814167380332947,0.9803745746612549,0,0.012111780233681202,-0.9818718433380127,0.18915656208992004,0,0.032016001641750336,4.927512168884277,0,1,0.9999979734420776,-0.001983999740332365,0.00010999900405295193,0,0.001983999740332365,0.9999979734420776,0.0000011091200349255814,0,-0.00011000099766533822,0,1,0,-0.01346299983561039,4.928970813751221,0,1,0.9750812649726868,0.18194815516471863,0.12692901492118835,0,-0.20431941747665405,0.5136336088180542,0.8333267569541931,0,0.08642730861902237,-0.8384959697723389,0.5380104780197144,0,-1.2824360132217407,10.33613395690918,-0.8320260047912598,1,0.9974076151847839,0.040643658488988876,0.059387579560279846,0,-0.051908571273088455,-0.16524122655391693,0.9848862290382385,0,0.04984262213110924,-0.9854151606559753,-0.1627029925584793,0,-0.010781999677419662,5.230743885040283,0,1,0.9999670386314392,0.008146001026034355,0.00021699792705476284,0,-0.008145999163389206,0.9999669194221497,-0.0000014011012581249815,0,-0.00021700207435060292,0,1,0,-0.013093000277876854,5.101086139678955,0,1,0.9777728915214539,0.014935577288269997,0.20913201570510864,0,-0.18779461085796356,0.5059356689453125,0.8418799638748169,0,-0.09323343634605408,-0.8624416589736938,0.49749526381492615,0,1.95107901096344,10.350570678710938,-0.46391600370407104,1,0.9999092817306519,0.0031322261784225702,-0.013099252246320248,0,0.013465397991240025,-0.21152497828006744,0.9772796630859375,0,0.00029024205286987126,-0.9773672819137573,-0.21154795587062836,0,-0.0030990000814199448,5.001862049102783,0,1,0.9999940395355225,-0.003588000312447548,0.00003499821468722075,0,0.0035880000796169043,0.9999939203262329,0.0000010627902611304307,0,-0.000035001787182409316,0,1,0,0.00926200021058321,4.631412982940674,0,1,0.95908522605896,-0.0970320850610733,0.2659723162651062,0,-0.21743321418762207,0.3492293059825897,0.9114610552787781,0,-0.1813262552022934,-0.9319998621940613,0.3138425946235657,0,3.9259560108184814,8.61627197265625,-0.7818700075149536,1,0.9978919625282288,0.00754953920841217,-0.06446383148431778,0,0.06476942449808121,-0.051823388785123825,0.9965534210205078,0,0.004182782024145126,-0.998627245426178,-0.052203088998794556,0,-0.036343999207019806,5.207526206970215,0,1,0.9994779229164124,-0.03230900317430496,0.000825048191472888,0,0.032308995723724365,0.9994779229164124,0.000010348184332542587,0,-0.0008249517995864153,0.000016313693777192384,1,0,0.07968399673700333,4.089059829711914,0,1,0.11456695199012756,-0.02970086596906185,0.9929714798927307,0,-0.8253298997879028,-0.5591670274734497,0.0784994438290596,0,0.5529055595397949,-0.8285224437713623,-0.08857496082782745,0,-7.576417922973633,10.594738960266113,-0.13206200301647186,1,0.9226198196411133,0.360632985830307,-0.13680920004844666,0,-0.20301371812820435,0.7556231021881104,0.6227514743804932,0,0.32796064019203186,-0.5467882752418518,0.7703655958175659,0,0,15.126083374023438,0,1,0.819994330406189,-0.5612249374389648,0.11240911483764648,0,0.5034616589546204,0.8006500005722046,0.32478711009025574,0,-0.2722788453102112,-0.20972980558872223,0.9390833377838135,0,0,24.77214813232422,0,1,0.8783102631568909,0.1906428188085556,0.43843623995780945,0,-0.1676894873380661,0.9816387891769409,-0.09091169387102127,0,-0.44771769642829895,0.006327520124614239,0.8941522836685181,0,0,30.639760971069336,0,1,0.8845701813697815,-0.4649774432182312,-0.036490436643362045,0,0.4536810517311096,0.839645504951477,0.2986128032207489,0,-0.10820915549993515,-0.2806989252567291,0.9536766409873962,0,4.2555131912231445,3.028204917907715,1.4591660499572754,1,0.9243230223655701,0.09088950604200363,0.370629221200943,0,-0.165347620844841,0.9707075953483582,0.1743183732032776,0,-0.3439287543296814,-0.22240905463695526,0.9122754335403442,0,0.3879750072956085,4.320991039276123,0,1,0.9996410012245178,-0.02649281919002533,-0.003947833552956581,0,0.026492180302739143,0.9996489882469177,-0.00021583210036624223,0,0.003952166065573692,0.00011116789391962811,0.9999920129776001,0,-0.14501400291919708,5.1945319175720215,0,1,0.9922516942024231,-0.11070185154676437,-0.056398164480924606,0,0.12210103869438171,0.7850250005722046,0.6073112487792969,0,-0.02295651286840439,-0.6094919443130493,0.7924593091011047,0,4.589535236358643,10.470309257507324,-0.5960170030593872,1,0.9981256127357483,0.008695216849446297,-0.06057456135749817,0,0.05304596945643425,0.3706122040748596,0.9272720217704773,0,0.030512508004903793,-0.9287473559379578,0.36945635080337524,0,-0.01643200032413006,5.131840229034424,0,1,0.9999960064888,-0.0026480001397430897,0.00008000130037544295,0,0.0026480001397430897,0.9999960064888,0,0,-0.00007999868830665946,0.000001105920546251582,1,0,0.01472300011664629,4.7961931228637695,0,1,0.9887997508049011,-0.1054701954126358,-0.10560216009616852,0,0.1491558849811554,0.6731003522872925,0.7243533730506897,0,-0.005316829774528742,-0.7319914102554321,0.6812927722930908,0,1.5205800533294678,10.235286712646484,-0.7404230237007141,1,0.9971893429756165,0.016276435926556587,-0.07313825190067291,0,0.06606358289718628,0.2695496380329132,0.9607176780700684,0,0.035351432859897614,-0.9628486633300781,0.267716646194458,0,0.0009510000236332417,5.356856822967529,0,1,0.9999960064888,-0.0027080003637820482,-0.000045999997382750735,0,0.0027080003637820482,0.9999960064888,0,0,0.00004600001193466596,0,1,0,0.005714000202715397,5.1917829513549805,0,1,0.9835625290870667,-0.16330403089523315,-0.07705245912075043,0,0.169056698679924,0.68287593126297,0.7107033729553223,0,-0.06344346702098846,-0.7120476365089417,0.6992590427398682,0,-1.7055389881134033,9.981629371643066,-0.45947301387786865,1,0.9982805848121643,-0.05809865891933441,-0.007743482943624258,0,0.015759054571390152,0.13880540430545807,0.9901941418647766,0,-0.056454118341207504,-0.9886136651039124,0.139482319355011,0,0.012504000216722488,5.180834770202637,0,1,0.9999560117721558,0.009402035735547543,-0.0001809975947253406,0,-0.009402035735547543,0.9999560117721558,0.000001368148787150858,0,0.0001810024114092812,0,1,0,-0.027216000482439995,4.740457057952881,0,1,0.9763402938842773,-0.19109104573726654,-0.10120747983455658,0,0.20935623347759247,0.7182074189186096,0.6635867953300476,0,-0.05411757901310921,-0.6690755486488342,0.74122154712677,0,-4.404575824737549,9.259000778198242,-0.6721029877662659,1,0.9953243136405945,-0.09501112997531891,0.01739485189318657,0,-0.015660937875509262,0.01896493136882782,0.999697744846344,0,-0.09531223028898239,-0.9952952265739441,0.01738828234374523,0,0.04934199899435043,4.854663848876953,0,1,0.999472975730896,0.032454002648591995,-0.001104590017348528,0,-0.0324539914727211,0.999472975730896,0.000012410197086865082,0,0.0011044101556763053,0.000023444688849849626,0.9999989867210388,0,-0.08262699842453003,3.855607032775879,0,1,-0.990238606929779,-0.05545823276042938,0.1278732717037201,0,0.11220395565032959,-0.8614526391029358,0.49528759717941284,0,0.08268903195858002,0.5048009753227234,0.8592668175697327,0,10.333610534667969,-4.771338939666748,0.2003220021724701,1,0.9997569918632507,0.007729404140263796,0.020657917484641075,0,0.014405434019863605,0.48042237758636475,-0.876918613910675,0,-0.01670258864760399,0.8770033717155457,0.48019447922706604,0,0,40.083839416503906,0,1,0.9897791147232056,0.14021633565425873,-0.02600063756108284,0,-0.025837328284978867,0.35562819242477417,0.9342707991600037,0,0.14024657011032104,-0.9240498542785645,0.35561612248420715,0,0,39.304100036621094,0,1,0.9850896596908569,-0.008767037652432919,0.17182020843029022,0,-0.08666675537824631,0.8374410271644592,0.5396129488945007,0,-0.14862002432346344,-0.5464579463005066,0.8241943120956421,0,0,18.444286346435547,0,1,-0.9862558245658875,-0.08591264486312866,-0.14113231003284454,0,0.06625445187091827,-0.988140344619751,0.13852190971374512,0,-0.15135934948921204,0.12726742029190063,0.9802515506744385,0,-10.333610534667969,-4.771338939666748,0.7527629733085632,1,0.9876381754875183,0.043636757880449295,0.1505560427904129,0,0.019801020622253418,0.9180464148521423,-0.39597755670547485,0,-0.15549662709236145,0.39406371116638184,0.9058336615562439,0,0,40.13115310668945,0,1,0.9714782238006592,-0.23712800443172455,0.00016868827515281737,0,0.060184307396411896,0.2472541332244873,0.9670799970626831,0,-0.22936348617076874,-0.9394870400428772,0.25447341799736023,0,0,39.2901496887207,0,1,0.9838345050811768,-0.004931977950036526,-0.17900939285755157,0,0.10399118065834045,0.8295398354530334,0.548679769039154,0,0.1457895040512085,-0.5584261417388916,0.8166436553001404,0,0,18.3802490234375,0,1
