1.233,30,37,67
B0,mixamorig_Hips,-1,0.9974160194396973,-0.01459799986332655,0.07034000009298325,0,0.020478999242186546,0.9962859749794006,-0.08363199979066849,0,-0.06885799765586853,0.08485700190067291,0.9940109848976135,0,-0.2739720046520233,95.38923645019531,0.7304689884185791,1
B1,mixamorig_Spine,0,0.9996640086174011,0.025356000289320946,0.0054060001857578754,0,-0.025431999936699867,0.9995719790458679,0.014473999850451946,0,-0.005036000162363052,-0.014607000164687634,0.9998810291290283,0,9.999999974752427e-7,9.92345905303955,-1.227334976196289,1
B2,mixamorig_Spine1,1,0.9999319911003113,-0.01058799959719181,0.004904000088572502,0,0.010428999550640583,0.9994519948959351,0.03141599893569946,0,-0.00523399980738759,-0.031362999230623245,0.9994940161705017,0,-0.00013899999612476677,11.645440101623535,-1.422340989112854,1
B3,mixamorig_Spine2,2,0.9999319911003113,-0.010579000227153301,0.0048329997807741165,0,0.010421999730169773,0.9994519948959351,0.03142299875617027,0,-0.005162999965250492,-0.03137100115418434,0.9994940161705017,0,0.00009100000170292333,13.360203742980957,-1.6264599561691284,1
B4,mixamorig_Neck,3,0.9999279975891113,-0.0075889998115599155,-0.009331000037491322,0,0.007488999981433153,0.9999139904975891,-0.010751999914646149,0,0.009411999955773354,0.010680999606847763,0.9998990297317505,0,0.00002499999936844688,15.032490730285645,0.7929049730300903,1
B5,mixamorig_Head,4,0.9991649985313416,-0.01275699958205223,-0.03880399838089943,0,0.007902000099420547,0.9924020171165466,-0.12278500199317932,0,0.04007500037550926,0.12237600237131119,0.99167400598526,0,0.0000019999999949504854,10.321830749511719,3.1424291133880615,1
B6,mixamorig_HeadTop_End,5,1,0,0,0,0,1,0,0,0,0,1,0,0.0001539999939268455,18.474672317504883,6.636398792266846,1
B7,mixamorig_LeftEye,5,1,0,0,0,0,1,0,0,0,0,1,0,2.9479150772094727,7.681746006011963,9.120731353759766,1
B8,mixamorig_RightEye,5,1,0,0,0,0,1,0,0,0,0,1,0,-2.9444808959960938,7.681746006011963,9.120495796203613,1
B9,mixamorig_LeftShoulder,3,0.976839005947113,-0.1915609985589981,0.0953420028090477,0,0.18907499313354492,0.9813550114631653,0.03454900160431862,0,-0.10018300265073776,-0.01572199910879135,0.9948449730873108,0,6.105823993682861,9.110424041748047,0.705551028251648,1
B10,mixamorig_LeftArm,9,0.35318300127983093,-0.9210540056228638,-0.16407500207424164,0,0.918071985244751,0.37495699524879456,-0.12865200638771057,0,0.18001599609851837,-0.10519500076770782,0.9780229926109314,0,12.655036926269531,-0.2659339904785156,-2.600922107696533,1
B11,mixamorig_LeftForeArm,10,0.8528950214385986,0,0.5220829844474792,0,0,1,0,0,-0.5220829844474792,0,0.8528950214385986,0,27.40468406677246,0.00003899999865097925,0.000007000000096013537,1
B12,mixamorig_LeftHand,11,0.9546279907226562,-0.2968049943447113,0.02432199940085411,0,0.24710799753665924,0.8350629806518555,0.4915359914302826,0,-0.16620099544525146,-0.46322399377822876,0.8705170154571533,0,27.614463806152344,0.000029000000722589903,0.000019999999494757503,1
B13,mixamorig_LeftHandMiddle1,12,0.9556139707565308,-0.29249998927116394,-0.035284001380205154,0,0.29249998927116394,0.9562510251998901,-0.005276999901980162,0,0.035284001380205154,-0.005276999901980162,0.9993630051612854,0,12.77552318572998,0.000012999999853491317,0.000019999999494757503,1
B14,mixamorig_LeftHandMiddle2,13,0.955407977104187,-0.293164998292923,-0.035363998264074326,0,0.293164998292923,0.956046998500824,-0.005301999859511852,0,0.035363998264074326,-0.005301999859511852,0.9993600249290466,0,3.613970994949341,0.000003000000106112566,0.0000019999999949504854,1
B15,mixamorig_LeftHandMiddle3,14,0.9888100028038025,-0.14810700714588165,-0.017866000533103943,0,0.14810700714588165,0.9889699816703796,-0.0013299999991431832,0,0.017866000533103943,-0.0013310000067576766,0.9998400211334229,0,3.4597599506378174,9.999999974752427e-7,-0.000025999999706982635,1
B16,mixamorig_LeftHandMiddle4,15,1,0,0,0,0,1,0,0,0,0,1,0,3.680191993713379,0,0.00003300000025774352,1
B17,mixamorig_LeftHandThumb1,12,0.9495930075645447,0.17058199644088745,-0.26301300525665283,0,-0.2083510011434555,0.9702969789505005,-0.1229339987039566,0,0.23422999680042267,0.17153599858283997,0.956928014755249,0,3.7888100147247314,-2.166996955871582,3.0030879974365234,1
B18,mixamorig_LeftHandThumb2,17,0.9647799730300903,-0.020674999803304672,-0.2622449994087219,0,0.03949800133705139,0.9969900250434875,0.0667089968919754,0,0.26007699966430664,-0.07471700012683868,0.9626929759979248,0,3.675442934036255,-2.1220080852508545,2.12201189994812,1
B19,mixamorig_LeftHandThumb3,18,0.9957889914512634,0.01824899949133396,-0.08983899652957916,0,-0.018727999180555344,0.9998149871826172,-0.004490000195801258,0,0.08974099904298782,0.0061530000530183315,0.9959459900856018,0,3.3943591117858887,-1.9597439765930176,1.959792971611023,1
B20,mixamorig_LeftHandThumb4,19,1,0,0,0,0,1,0,0,0,0,1,0,2.6794040203094482,-1.5469449758529663,1.5469199419021606,1
B21,mixamorig_LeftHandIndex1,12,0.9555320143699646,-0.2927669882774353,-0.03531600162386894,0,0.2927669882774353,0.9561690092086792,-0.005286999978125095,0,0.03531600162386894,-0.005286999978125095,0.9993619918823242,0,12.26661491394043,-0.23166899383068085,2.8220579624176025,1
B22,mixamorig_LeftHandIndex2,21,0.955489993095398,-0.2928990125656128,-0.035332001745700836,0,0.2928990125656128,0.9561290144920349,-0.0052919997833669186,0,0.035332001745700836,-0.0052919997833669186,0.9993619918823242,0,3.8919670581817627,0.0000019999999949504854,0.00003899999865097925,1
B23,mixamorig_LeftHandIndex3,22,0.9888100028038025,-0.14810700714588165,-0.017866000533103943,0,0.14810700714588165,0.9889699816703796,-0.0013299999991431832,0,0.017866000533103943,-0.0013299999991431832,0.9998400211334229,0,3.415160894393921,9.999999974752427e-7,-0.000009000000318337698,1
B24,mixamorig_LeftHandIndex4,23,1,0,0,0,0,1,0,0,0,0,1,0,3.077986001968384,0,-0.000009000000318337698,1
B25,mixamorig_LeftHandRing1,12,0.9555320143699646,-0.2927669882774353,-0.03531600162386894,0,0.2927669882774353,0.9561690092086792,-0.005286999978125095,0,0.03531600162386894,-0.005286999978125095,0.9993619918823242,0,12.147005081176758,0.00989499967545271,-2.2166290283203125,1
B26,mixamorig_LeftHandRing2,25,0.955489993095398,-0.2928990125656128,-0.035332001745700836,0,0.2928990125656128,0.9561290144920349,-0.0052919997833669186,0,0.035332001745700836,-0.0052919997833669186,0.9993619918823242,0,3.6011910438537598,0.0000019999999949504854,0.000035000000934815034,1
B27,mixamorig_LeftHandRing3,26,0.9888100028038025,-0.14810700714588165,-0.017866000533103943,0,0.14810700714588165,0.9889699816703796,-0.0013299999991431832,0,0.017866000533103943,-0.0013299999991431832,0.9998400211334229,0,3.307317018508911,0.000004999999873689376,-0.00002099999983329326,1
B28,mixamorig_LeftHandRing4,27,1,0,0,0,0,1,0,0,0,0,1,0,3.6601150035858154,0.000003000000106112566,0,1
B29,mixamorig_LeftHandPinky1,12,0.9532089829444885,-0.283145010471344,-0.10592900216579437,0,0.28426799178123474,0.9587339758872986,-0.004658000078052282,0,0.10287699848413467,-0.025671999901533127,0.994363009929657,0,10.908194541931152,-0.22636500000953674,-4.725818157196045,1
B30,mixamorig_LeftHandPinky2,29,0.9529539942741394,-0.3013960123062134,0.03221900016069412,0,0.30103200674057007,0.9534839987754822,0.015730999410152435,0,-0.03546199947595596,-0.0052919997833669186,0.9993569850921631,0,4.136651992797852,0.0000019999999949504854,0.00002700000004551839,1
B31,mixamorig_LeftHandPinky3,30,0.9888100028038025,-0.14810700714588165,-0.017866000533103943,0,0.14810700714588165,0.9889699816703796,-0.0013299999991431832,0,0.017866000533103943,-0.0013310000067576766,0.9998400211334229,0,2.5948359966278076,0,-0.00003600000127335079,1
B32,mixamorig_LeftHandPinky4,31,1,0,0,0,0,1,0,0,0,0,1,0,2.9238688945770264,9.999999974752427e-7,0.000018999999156221747,1
B33,mixamorig_RightShoulder,3,0.9767429828643799,0.1746719926595688,-0.12435100227594376,0,-0.16976900398731232,0.9842609763145447,0.04907200112938881,0,0.13096599280834198,-0.026819000020623207,0.9910240173339844,0,-6.105696201324463,9.110508918762207,0.7055630087852478,1
B34,mixamorig_RightArm,33,0.4232020080089569,0.9010000228881836,-0.0953890010714531,0,-0.8835790157318115,0.3871240019798279,-0.2634829878807068,0,-0.20047099888324738,0.19578999280929565,0.9599360227584839,0,-12.655040740966797,-0.2660210132598877,-2.600895881652832,1
B35,mixamorig_RightForeArm,34,0.997979998588562,9.999999974752427e-7,-0.06353399902582169,0,-9.999999974752427e-7,1,0,0,0.06353399902582169,0,0.997979998588562,0,-27.40468406677246,0.00003300000025774352,0.000004999999873689376,1
B36,mixamorig_RightHand,35,0.9812250137329102,0.1928499937057495,-0.002365000080317259,0,-0.19271999597549438,0.9799379706382751,-0.050797998905181885,0,-0.0074789999052882195,0.0502999983727932,0.9987059831619263,0,-27.614463806152344,0.00002300000051036477,0.000018000000636675395,1
B37,mixamorig_RightHandMiddle1,36,0.6591410040855408,0.7465010285377502,0.09093499928712845,0,-0.7465010285377502,0.6641250252723694,-0.040915001183748245,0,-0.09093499928712845,-0.04091399908065796,0.9950159788131714,0,-12.77552318572998,0.000009000000318337698,0.000018000000636675395,1
B38,mixamorig_RightHandMiddle2,37,0.009831000119447708,0.9926139712333679,0.1209150031208992,0,-0.9926139712333679,0.024309000000357628,-0.11885400116443634,0,-0.1209150031208992,-0.11885400116443634,0.9855219721794128,0,-3.613970994949341,0.000003000000106112566,0.000003000000106112566,1
B39,mixamorig_RightHandMiddle3,38,0.7105739712715149,0.6984590291976929,0.0850830003619194,0,-0.6984590291976929,0.7148060202598572,-0.03474099934101105,0,-0.0850830003619194,-0.03474099934101105,0.9957680106163025,0,-3.4597599506378174,0,-0.000025999999706982635,1
B40,mixamorig_RightHandMiddle4,39,1,0,0,0,0,1,0,0,0,0,1,0,-3.680191993713379,-9.999999974752427e-7,0.00003300000025774352,1
B41,mixamorig_RightHandThumb1,36,0.9105830192565918,0.1805189996957779,0.3718219995498657,0,-0.21925599873065948,0.973546028137207,0.06429900228977203,0,-0.35037899017333984,-0.1400739997625351,0.9260740280151367,0,-3.788809061050415,-2.1669979095458984,3.003087043762207,1
B42,mixamorig_RightHandThumb2,41,0.9641550183296204,-0.10678599774837494,0.2429029941558838,0,0.06791000068187714,0.9842609763145447,0.16314899921417236,0,-0.2565020024776459,-0.14080500602722168,0.9562320113182068,0,-3.675442934036255,-2.122009038925171,2.12201189994812,1
B43,mixamorig_RightHandThumb3,42,0.9958840012550354,-0.07625900208950043,0.048990000039339066,0,0.07558300346136093,0.9970189929008484,0.01550500001758337,0,-0.050025999546051025,-0.011738999746739864,0.998678982257843,0,-3.394357919692993,-1.95974600315094,1.959792971611023,1
B44,mixamorig_RightHandThumb4,43,1,0,0,0,0,1,0,0,0,0,1,0,-2.6794040203094482,-1.5469460487365723,1.5469199419021606,1
B45,mixamorig_RightHandIndex1,36,0.6591410040855408,0.7465010285377502,0.09093499928712845,0,-0.7465010285377502,0.6641250252723694,-0.040915001183748245,0,-0.09093499928712845,-0.04091399908065796,0.9950159788131714,0,-12.266615867614746,-0.231673002243042,2.8220560550689697,1
B46,mixamorig_RightHandIndex2,45,0.009831000119447708,0.9926139712333679,0.1209150031208992,0,-0.9926139712333679,0.024309000000357628,-0.11885400116443634,0,-0.1209150031208992,-0.11885400116443634,0.9855219721794128,0,-3.8919670581817627,0,0.000037999998312443495,1
B47,mixamorig_RightHandIndex3,46,0.7105739712715149,0.6984590291976929,0.0850830003619194,0,-0.6984590291976929,0.7148060202598572,-0.03474099934101105,0,-0.0850830003619194,-0.03474099934101105,0.9957680106163025,0,-3.415160894393921,0,-0.000009000000318337698,1
B48,mixamorig_RightHandIndex4,47,1,0,0,0,0,1,0,0,0,0,1,0,-3.077986001968384,-9.999999974752427e-7,-0.000009000000318337698,1
B49,mixamorig_RightHandRing1,36,0.6591410040855408,0.7465010285377502,0.09093499928712845,0,-0.7465010285377502,0.6641250252723694,-0.040915001183748245,0,-0.09093499928712845,-0.04091399908065796,0.9950159788131714,0,-12.147004127502441,0.009890999644994736,-2.2166309356689453,1
B50,mixamorig_RightHandRing2,49,0.009831000119447708,0.9926139712333679,0.1209150031208992,0,-0.9926139712333679,0.024309000000357628,-0.11885400116443634,0,-0.1209150031208992,-0.11885400116443634,0.9855219721794128,0,-3.6011910438537598,0,0.000035000000934815034,1
B51,mixamorig_RightHandRing3,50,0.7105739712715149,0.6984590291976929,0.0850830003619194,0,-0.6984590291976929,0.7148060202598572,-0.03474099934101105,0,-0.0850830003619194,-0.03474099934101105,0.9957680106163025,0,-3.307317018508911,0.000003999999989900971,-0.00002099999983329326,1
B52,mixamorig_RightHandRing4,51,1,0,0,0,0,1,0,0,0,0,1,0,-3.6601150035858154,0.0000019999999949504854,9.999999974752427e-7,1
B53,mixamorig_RightHandPinky1,36,0.6591410040855408,0.7465010285377502,0.09093499928712845,0,-0.7465010285377502,0.6641250252723694,-0.040915001183748245,0,-0.09093499928712845,-0.04091399908065796,0.9950159788131714,0,-10.908193588256836,-0.2263689935207367,-4.725820064544678,1
B54,mixamorig_RightHandPinky2,53,0.009831000119447708,0.9926139712333679,0.1209150031208992,0,-0.9926139712333679,0.024309000000357628,-0.11885400116443634,0,-0.1209150031208992,-0.11885400116443634,0.9855219721794128,0,-4.136651992797852,0,0.000025999999706982635,1
B55,mixamorig_RightHandPinky3,54,0.7105739712715149,0.6984590291976929,0.0850830003619194,0,-0.6984590291976929,0.7148060202598572,-0.03474099934101105,0,-0.0850830003619194,-0.03474099934101105,0.9957680106163025,0,-2.5948359966278076,-9.999999974752427e-7,-0.000037000001611886546,1
B56,mixamorig_RightHandPinky4,55,1,0,0,0,0,1,0,0,0,0,1,0,-2.9238688945770264,9.999999974752427e-7,0.000018999999156221747,1
B57,mixamorig_RightUpLeg,0,0.9912790060043335,0.09267699718475342,0.09368400275707245,0,-0.07442499697208405,0.9804090261459351,-0.18236799538135529,0,-0.10875000059604645,0.17380499839782715,0.9787570238113403,0,-9.1244535446167,-6.656397819519043,-0.05537800118327141,1
B58,mixamorig_RightLeg,57,0.9863690137863159,-0.09655500203371048,0.13324500620365143,0,0.008089999668300152,0.8372229933738708,0.5468019843101501,0,-0.16435199975967407,-0.5382710099220276,0.8265910148620605,0,-0.2446800023317337,-40.595436096191406,-0.5145279765129089,1
B59,mixamorig_RightFoot,58,0.9988920092582703,-0.012179999612271786,0.04545599967241287,0,0.02607000060379505,0.9473869800567627,-0.31902799010276794,0,-0.03917799890041351,0.31985899806022644,0.9466549754142761,0,0.24466900527477264,-42.04787063598633,-2.0602309703826904,1
B60,mixamorig_RightToeBase,59,1,0,0,0,0,1,-0.0002469999890308827,0,0,0.0002469999890308827,1,0,-0.3733600080013275,-10.492194175720215,12.640663146972656,1
B61,mixamorig_RightToe_End,60,1,0,0,0,0,1,0,0,0,0,1,0,0,0,9.992521286010742,1
B62,mixamorig_LeftUpLeg,0,0.9964550137519836,0.03335700184106827,-0.07722900062799454,0,-0.06342200189828873,0.9010099768638611,-0.4291369915008545,0,0.05526899918913841,0.4325140118598938,0.8999320268630981,0,9.124452590942383,-6.656398773193359,-0.05537800118327141,1
B63,mixamorig_LeftLeg,62,0.9978799819946289,0.05886099860072136,-0.027766000479459763,0,-0.003073000116273761,0.4687710106372833,0.8833140134811401,0,0.0650079995393753,-0.8813560009002686,0.467958003282547,0,0.2446800023317337,-40.59540557861328,-0.517041027545929,1
B64,mixamorig_LeftFoot,63,0.99440997838974,0.10526899993419647,0.00824000034481287,0,-0.10550600290298462,0.9937120079994202,0.037477001547813416,0,-0.004242999944835901,-0.03813600167632103,0.9992640018463135,0,-0.24467000365257263,-42.04800033569336,-2.05764102935791,1
B65,mixamorig_LeftToeBase,64,0.9888949990272522,-0.1471789926290512,0.0206300001591444,0,0.14715099334716797,0.950206995010376,-0.2746860086917877,0,0.020826000720262527,0.2746720016002655,0.961313009262085,0,0.3733600080013275,-10.492193222045898,12.640664100646973,1
B66,mixamorig_LeftToe_End,65,1,0,0,0,0,1,0,0,0,0,1,0,0,9.999999974752427e-7,9.992521286010742,1
@52,0,1,2,3,4,5,9,10,11,12,13,14,15,17,18,19,21,22,23,25,26,27,29,30,31,33,34,35,36,37,38,39,41,42,43,45,46,47,49,50,51,53,54,55,57,58,59,60,62,63,64,65
K0,0.9974160194396973,-0.014597800560295582,0.07034002989530563,0,0.020479198545217514,0.9962859153747559,-0.08363228291273117,0,-0.06885796785354614,0.08485672622919083,0.9940110445022583,0,-0.2739720046520233,95.38923645019531,0.7304689884185791,1,0.9996640086174011,0.025356033816933632,0.005405660718679428,0,-0.02543196827173233,0.9995719790458679,0.014474194496870041,0,-0.005036339163780212,-0.014606808312237263,0.9998809695243835,0,0,9.92345905303955,-1.227334976196289,1,0.999932050704956,-0.010588078759610653,0.004904026631265879,0,0.010428919456899166,0.9994519948959351,0.0314161479473114,0,-0.005233973264694214,-0.031362853944301605,0.9994940161705017,0,-0.00013899999612476677,11.645440101623535,-1.422340989112854,1,0.9999319911003113,-0.010578980669379234,0.00483311153948307,0,0.01042201928794384,0.9994519352912903,0.03142325580120087,0,-0.005162887740880251,-0.03137074038386345,0.9994940161705017,0,0.00009100000170292333,13.360203742980957,-1.6264599561691284,1,0.9999279975891113,-0.007589220535010099,-0.009331101551651955,0,0.007488780189305544,0.9999139904975891,-0.010751824826002121,0,0.00941189844161272,0.01068117469549179,0.9998990297317505,0,0.00002499999936844688,15.032490730285645,0.7929049730300903,1,0.9991649985313416,-0.012756923213601112,-0.03880373388528824,0,0.007902075536549091,0.9924020767211914,-0.12278509140014648,0,0.040075257420539856,0.12237591296434402,0.99167400598526,0,0.0000019999999949504854,10.321830749511719,3.1424291133880615,1,0.976839005947113,-0.1915612369775772,0.0953422263264656,0,0.1890747845172882,0.9813550710678101,0.03454900160431862,0,-0.10018279403448105,-0.01572199910879135,0.9948449730873108,0,6.105823993682861,9.110424041748047,0.705551028251648,1,0.35318291187286377,-0.9210540652275085,-0.16407465934753418,0,0.9180719256401062,0.3749571144580841,-0.12865179777145386,0,0.18001633882522583,-0.10519479215145111,0.9780229330062866,0,12.655036926269531,-0.2659339904785156,-2.600922107696533,1,0.8528949618339539,0,0.5220829844474792,0,0,1,0,0,-0.5220829844474792,0,0.8528949618339539,0,27.40468406677246,0.00003899999865097925,0.000007000000096013537,1,0.9546279311180115,-0.2968052923679352,0.02432205155491829,0,0.24710772931575775,0.8350629806518555,0.4915361702442169,0,-0.1662009358406067,-0.4632238745689392,0.8705171346664429,0,27.614463806152344,0.000029000000722589903,0.000019999999494757503,1,0.9556139707565308,-0.29249992966651917,-0.03528400510549545,0,0.2925000488758087,0.9562509655952454,-0.005277406889945269,0,0.035283997654914856,-0.005277406889945269,0.9993629455566406,0,12.77552318572998,0.000012999999853491317,0.000019999999494757503,1,0.955407977104187,-0.29316508769989014,-0.03536401316523552,0,0.2931649088859558,0.956046998500824,-0.005301954690366983,0,0.03536398708820343,-0.005301954690366983,0.9993600249290466,0,3.613970994949341,0.000003000000106112566,0.0000019999999949504854,1,0.9888099431991577,-0.14810703694820404,-0.01786603406071663,0,0.14810697734355927,0.9889699816703796,-0.0013299841666594148,0,0.017865968868136406,-0.0013309840578585863,0.9998399615287781,0,3.4597599506378174,0,-0.000025999999706982635,1,0.9495930671691895,0.170582115650177,-0.2630128562450409,0,-0.20835086703300476,0.9702970385551453,-0.12293391674757004,0,0.2342301905155182,0.17153608798980713,0.9569279551506042,0,3.7888100147247314,-2.166996955871582,3.0030879974365234,1,0.9647799134254456,-0.020675040781497955,-0.26224520802497864,0,0.03949795663356781,0.9969900250434875,0.06670865416526794,0,0.2600767910480499,-0.07471735030412674,0.9626930356025696,0,3.675442934036255,-2.1220080852508545,2.12201189994812,1,0.9957889318466187,0.01824907958507538,-0.08983930200338364,0,-0.018727919086813927,0.9998149871826172,-0.004489703569561243,0,0.08974070101976395,0.006153297144919634,0.9959460496902466,0,3.3943591117858887,-1.9597439765930176,1.959792971611023,1,0.9555320143699646,-0.29276710748672485,-0.035316016525030136,0,0.29276686906814575,0.956169068813324,-0.0052872346714138985,0,0.03531598672270775,-0.005287234205752611,0.9993619918823242,0,12.26661491394043,-0.23166899383068085,2.8220579624176025,1,0.955489993095398,-0.29289889335632324,-0.03533199056982994,0,0.29289907217025757,0.9561289548873901,-0.005292131099849939,0,0.03533201292157173,-0.005292131099849939,0.9993619918823242,0,3.8919670581817627,0.0000019999999949504854,0.00003899999865097925,1,0.9888099431991577,-0.14810705184936523,-0.017865996807813644,0,0.14810697734355927,0.9889699816703796,-0.0013304841704666615,0,0.01786600612103939,-0.0013304840540513396,0.9998399615287781,0,3.415160894393921,0,-0.000009000000318337698,1,0.9555320143699646,-0.29276710748672485,-0.035316016525030136,0,0.29276686906814575,0.956169068813324,-0.0052872346714138985,0,0.03531598672270775,-0.005287234205752611,0.9993619918823242,0,12.147005081176758,0.00989499967545271,-2.2166290283203125,1,0.955489993095398,-0.29289889335632324,-0.03533199056982994,0,0.29289907217025757,0.9561289548873901,-0.005292131099849939,0,0.03533201292157173,-0.005292131099849939,0.9993619918823242,0,3.6011910438537598,0.0000019999999949504854,0.000035000000934815034,1,0.9888099431991577,-0.14810705184936523,-0.017865996807813644,0,0.14810697734355927,0.9889699816703796,-0.0013304841704666615,0,0.01786600612103939,-0.0013304840540513396,0.9998399615287781,0,3.307317018508911,0.000004999999873689376,-0.00002099999983329326,1,0.9532090425491333,-0.2831447422504425,-0.1059291660785675,0,0.28426820039749146,0.958733856678009,-0.004658129997551441,0,0.10287681967020035,-0.025672126561403275,0.994363009929657,0,10.908194541931152,-0.22636500000953674,-4.725818157196045,1,0.9529539346694946,-0.30139610171318054,0.03221920132637024,0,0.3010319173336029,0.953484058380127,0.015731044113636017,0,-0.035461798310279846,-0.005291956011205912,0.9993570446968079,0,4.136651992797852,0.0000019999999949504854,0.00002700000004551839,1,0.9888099431991577,-0.14810703694820404,-0.01786603406071663,0,0.14810697734355927,0.9889699816703796,-0.0013299841666594148,0,0.017865968868136406,-0.0013309840578585863,0.9998399615287781,0,2.5948359966278076,0,-0.00003600000127335079,1,0.9767429232597351,0.1746719628572464,-0.12435134500265121,0,-0.1697690188884735,0.9842610359191895,0.04907163232564926,0,0.13096565008163452,-0.026819368824362755,0.9910240769386292,0,-6.105696201324463,9.110508918762207,0.7055630087852478,1,0.4232017993927002,0.9010001420974731,-0.09538883715867996,0,-0.8835790157318115,0.3871241509914398,-0.2634830176830292,0,-0.20047083497047424,0.19578999280929565,0.9599360823631287,0,-12.655040740966797,-0.2660210132598877,-2.600895881652832,1,0.9979800581932068,0.0000010000002248489182,-0.06353399902582169,0,0,1,0,0,0.06353399902582169,0,0.9979800581932068,0,-27.40468406677246,0.00003300000025774352,0.000004999999873689376,1,0.9812249541282654,0.1928502470254898,-0.0023649244103580713,0,-0.1927197426557541,0.9799380302429199,-0.050797972828149796,0,-0.007478924002498388,0.05030002072453499,0.9987059831619263,0,-27.614463806152344,0.00002300000051036477,0.000018000000636675395,1,0.6591410040855408,0.7465010285377502,0.09093476086854935,0,-0.7465009689331055,0.6641250252723694,-0.04091508686542511,0,-0.09093521535396576,-0.040914081037044525,0.9950159192085266,0,-12.77552318572998,0.000009000000318337698,0.000018000000636675395,1,0.009831028990447521,0.9926139116287231,0.12091495841741562,0,-0.9926139116287231,0.024309132248163223,-0.11885349452495575,0,-0.12091503292322159,-0.11885350197553635,0.9855220317840576,0,-3.613970994949341,0.000003000000106112566,0.000003000000106112566,1,0.7105740308761597,0.6984589695930481,0.0850829929113388,0,-0.6984590291976929,0.7148060202598572,-0.03474096953868866,0,-0.0850830152630806,-0.03474096953868866,0.9957680106163025,0,-3.4597599506378174,0,-0.000025999999706982635,1,0.9105830788612366,0.18051868677139282,0.37182220816612244,0,-0.21925629675388336,0.9735459685325623,0.06429903954267502,0,-0.35037878155708313,-0.1400739550590515,0.9260740876197815,0,-3.788809061050415,-2.1669979095458984,3.003087043762207,1,0.9641550183296204,-0.10678590089082718,0.24290302395820618,0,0.0679100975394249,0.9842609763145447,0.16314882040023804,0,-0.2565019428730011,-0.1408051699399948,0.956231951713562,0,-3.675442934036255,-2.122009038925171,2.12201189994812,1,0.9958840608596802,-0.07625892013311386,0.04898981377482414,0,0.0755830854177475,0.9970189332962036,0.015505311079323292,0,-0.05002617835998535,-0.011738687753677368,0.9986789226531982,0,-3.394357919692993,-1.95974600315094,1.959792971611023,1,0.6591410040855408,0.7465010285377502,0.09093476086854935,0,-0.7465009689331055,0.6641250252723694,-0.04091508686542511,0,-0.09093521535396576,-0.040914081037044525,0.9950159192085266,0,-12.266615867614746,-0.231673002243042,2.8220560550689697,1,0.009831028990447521,0.9926139116287231,0.12091495841741562,0,-0.9926139116287231,0.024309132248163223,-0.11885349452495575,0,-0.12091503292322159,-0.11885350197553635,0.9855220317840576,0,-3.8919670581817627,0,0.000037999998312443495,1,0.7105740308761597,0.6984589695930481,0.0850829929113388,0,-0.6984590291976929,0.7148060202598572,-0.03474096953868866,0,-0.0850830152630806,-0.03474096953868866,0.9957680106163025,0,-3.415160894393921,0,-0.000009000000318337698,1,0.6591410040855408,0.7465010285377502,0.09093476086854935,0,-0.7465009689331055,0.6641250252723694,-0.04091508686542511,0,-0.09093521535396576,-0.040914081037044525,0.9950159192085266,0,-12.147004127502441,0.009890999644994736,-2.2166309356689453,1,0.009831028990447521,0.9926139116287231,0.12091495841741562,0,-0.9926139116287231,0.024309132248163223,-0.11885349452495575,0,-0.12091503292322159,-0.11885350197553635,0.9855220317840576,0,-3.6011910438537598,0,0.000035000000934815034,1,0.7105740308761597,0.6984589695930481,0.0850829929113388,0,-0.6984590291976929,0.7148060202598572,-0.03474096953868866,0,-0.0850830152630806,-0.03474096953868866,0.9957680106163025,0,-3.307317018508911,0.000003999999989900971,-0.00002099999983329326,1,0.6591410040855408,0.7465010285377502,0.09093476086854935,0,-0.7465009689331055,0.6641250252723694,-0.04091508686542511,0,-0.09093521535396576,-0.040914081037044525,0.9950159192085266,0,-10.908193588256836,-0.2263689935207367,-4.725820064544678,1,0.009831028990447521,0.9926139116287231,0.12091495841741562,0,-0.9926139116287231,0.024309132248163223,-0.11885349452495575,0,-0.12091503292322159,-0.11885350197553635,0.9855220317840576,0,-4.136651992797852,0,0.000025999999706982635,1,0.7105740308761597,0.6984589695930481,0.0850829929113388,0,-0.6984590291976929,0.7148060202598572,-0.03474096953868866,0,-0.0850830152630806,-0.03474096953868866,0.9957680106163025,0,-2.5948359966278076,0,-0.000037000001611886546,1,0.9912790060043335,0.09267675876617432,0.09368401765823364,0,-0.07442523539066315,0.9804090261459351,-0.18236789107322693,0,-0.10874998569488525,0.1738051176071167,0.9787569642066956,0,-9.1244535446167,-6.656397819519043,-0.05537800118327141,1,0.9863690137863159,-0.09655515849590302,0.13324488699436188,0,0.008089840412139893,0.8372228145599365,0.5468023419380188,0,-0.164352148771286,-0.5382706522941589,0.8265912532806396,0,-0.2446800023317337,-40.595436096191406,-0.5145279765129089,1,0.9988920092582703,-0.012180163525044918,0.0454556830227375,0,0.02606983482837677,0.9473870396614075,-0.31902772188186646,0,-0.039178311824798584,0.31985923647880554,0.9466548562049866,0,0.24466900527477264,-42.04787063598633,-2.0602309703826904,1,1,0,0,0,0,0.9999999403953552,-0.0002469999890308827,0,0,0.0002469999890308827,0.9999999403953552,0,-0.3733600080013275,-10.492194175720215,12.640663146972656,1,0.9964550137519836,0.033357229083776474,-0.0772288367152214,0,-0.06342177093029022,0.9010099768638611,-0.4291370213031769,0,0.055269163101911545,0.4325139820575714,0.8999320268630981,0,9.124452590942383,-6.656398773193359,-0.05537800118327141,1,0.9978799819946289,0.058860935270786285,-0.027765609323978424,0,-0.003073060652241111,0.46877095103263855,0.8833140730857849,0,0.06500839442014694,-0.8813560009002686,0.4679579734802246,0,0.2446800023317337,-40.59540557861328,-0.517041027545929,1,0.99440997838974,0.1052691712975502,0.008239969611167908,0,-0.10550583153963089,0.9937120676040649,0.0374765619635582,0,-0.004243031144142151,-0.03813644498586655,0.9992640018463135,0,-0.24467000365257263,-42.04800033569336,-2.05764102935791,1,0.9888949990272522,-0.14717882871627808,0.02062961459159851,0,0.1471511274576187,0.9502068758010864,-0.2746862471103668,0,0.020825617015361786,0.274671733379364,0.9613131284713745,0,0.3733600080013275,-10.492193222045898,12.640664100646973,1
