1.033,30,31,67
B0,mixamorig_Hips,-1,0.9994289875030518,0.004827078897505999,-0.03344675898551941,0,-0.0036899158731102943,0.9994159936904907,0.03397791087627411,0,0.03359123691916466,-0.03383508697152138,0.9988629817962646,0,0.008603000082075596,98.59484100341797,0.11236000061035156,1
B1,mixamorig_Spine,0,0.9997230172157288,-0.008095146156847477,0.02208292856812477,0,0.005674844142049551,0.9941849112510681,0.1075400710105896,0,-0.022825054824352264,-0.10738491266965866,0.9939550161361694,0,9.999999974752427e-7,9.92345905303955,-1.227334976196289,1
B2,mixamorig_Spine1,1,0.9988770484924316,0.019647063687443733,0.04310277849435806,0,-0.021487966179847717,0.9988579750061035,0.0426703579723835,0,-0.04221523180603981,-0.04354865103960037,0.9981589913368225,0,-0.00013899999612476677,11.645440101623535,-1.422340989112854,1
B3,mixamorig_Spine2,2,0.9988669753074646,0.021612824872136116,0.042404044419527054,0,-0.023401163518428802,0.9988380670547485,0.042140740901231766,0,-0.04144394397735596,-0.0430852510035038,0.9982110261917114,0,0.00009100000170292333,13.360203742980957,-1.6264599561691284,1
B4,mixamorig_Neck,3,0.999301016330719,-0.0044539328664541245,-0.03711644932627678,0,0.004142057616263628,0.999955952167511,-0.008475334383547306,0,0.037152547389268875,0.008315668441355228,0.9992750287055969,0,0.00002499999936844688,15.032490730285645,0.7929049730300903,1
B5,mixamorig_Head,4,0.9963399767875671,-0.037096258252859116,-0.07700992375612259,0,0.03264676034450531,0.9977680444717407,-0.0582546666264534,0,0.07899904996156693,0.05552731081843376,0.9953269362449646,0,0.0000019999999949504854,10.321830749511719,3.1424291133880615,1
B6,mixamorig_HeadTop_End,5,1,0,0,0,0,1,0,0,0,0,1,0,0.0001539999939268455,18.474672317504883,6.636398792266846,1
B7,mixamorig_LeftEye,5,1,0,0,0,0,1,0,0,0,0,1,0,2.9479150772094727,7.681746006011963,9.120731353759766,1
B8,mixamorig_RightEye,5,1,0,0,0,0,1,0,0,0,0,1,0,-2.9444808959960938,7.681746006011963,9.120495796203613,1
B9,mixamorig_LeftShoulder,3,0.9562889933586121,-0.24930912256240845,0.1528278887271881,0,0.24519094824790955,0.9684050679206848,0.045533645898103714,0,-0.15935118496418,-0.006071305833756924,0.9872030019760132,0,6.105823993682861,9.110424041748047,0.705551028251648,1
B10,mixamorig_LeftArm,9,0.48841404914855957,-0.868257999420166,0.08705970644950867,0,0.7682711482048035,0.47517621517181396,0.42891356348991394,0,-0.4137765169143677,-0.14260201156139374,0.8991407752037048,0,12.655036926269531,-0.2659339904785156,-2.600922107696533,1
B11,mixamorig_LeftForeArm,10,0.9814220070838928,0,0.19186000525951385,0,0,1,0,0,-0.19186000525951385,0,0.9814220070838928,0,27.40468406677246,0.00003899999865097925,0.000007000000096013537,1
B12,mixamorig_LeftHand,11,0.9810500741004944,-0.18006403744220734,-0.07154497504234314,0,0.1835009753704071,0.982001006603241,0.04473508521914482,0,0.06220204383134842,-0.05701592192053795,0.9964339137077332,0,27.614463806152344,0.000029000000722589903,0.000019999999494757503,1
B13,mixamorig_LeftHandMiddle1,12,0.8910219669342041,-0.44800320267677307,-0.07329636067152023,0,0.4471728205680847,0.8940001130104065,-0.028298087418079376,0,0.07820463180541992,-0.0075619276612997055,0.9969090223312378,0,12.77552318572998,0.000012999999853491317,0.000019999999494757503,1
B14,mixamorig_LeftHandMiddle2,13,0.978289008140564,-0.2061690390110016,-0.02111702784895897,0,0.20616896450519562,0.9785140752792358,-0.0022007273510098457,0,0.02111702598631382,-0.0022007280495017767,0.9997749328613281,0,3.613970994949341,0.000003000000106112566,0.0000019999999949504854,1
B15,mixamorig_LeftHandMiddle3,14,0.9704599976539612,-0.2400059551000595,-0.02458297088742256,0,0.24000604450702667,0.9707670211791992,-0.0029942563269287348,0,0.024582965299487114,-0.0029942539986222982,0.999692976474762,0,3.4597599506378174,9.999999974752427e-7,-0.000025999999706982635,1
B16,mixamorig_LeftHandMiddle4,15,1,0,0,0,0,1,0,0,0,0,1,0,3.680191993713379,0,0.00003300000025774352,1
B17,mixamorig_LeftHandThumb1,12,0.9802089333534241,0.19306746125221252,-0.04377317428588867,0,-0.1878705769777298,0.9769040942192078,0.10179668664932251,0,0.06241583079099655,-0.09155833721160889,0.9938419461250305,0,3.7888100147247314,-2.166996955871582,3.0030879974365234,1
B18,mixamorig_LeftHandThumb2,17,0.9832529425621033,0.12649911642074585,-0.13119421899318695,0,-0.10971485823392868,0.9856709837913513,0.12812337279319763,0,0.14552173018455505,-0.1115836501121521,0.9830420613288879,0,3.675442934036255,-2.1220080852508545,2.12201189994812,1
B19,mixamorig_LeftHandThumb3,18,0.9236840009689331,0.35990604758262634,0.13143499195575714,0,-0.3613249361515045,0.9323390126228333,-0.013728223741054535,0,-0.12748289108276367,-0.03481021150946617,0.9912299513816833,0,3.3943591117858887,-1.9597439765930176,1.959792971611023,1
B20,mixamorig_LeftHandThumb4,19,1,0,0,0,0,1,0,0,0,0,1,0,2.6794040203094482,-1.5469449758529663,1.5469199419021606,1
B21,mixamorig_LeftHandIndex1,12,0.9501429796218872,-0.3011499345302582,0.080845907330513,0,0.3032730221748352,0.9527839422225952,-0.01511408481746912,0,-0.07247710227966309,0.03887894004583359,0.996612012386322,0,12.26661491394043,-0.23166899383068085,2.8220579624176025,1
B22,mixamorig_LeftHandIndex2,21,0.9651309847831726,-0.26040297746658325,-0.026671946048736572,0,0.26040300726890564,0.9654930233955383,-0.003534348215907812,0,0.026671960949897766,-0.003534349612891674,0.999638020992279,0,3.8919670581817627,0.0000019999999949504854,0.00003899999865097925,1
B23,mixamorig_LeftHandIndex3,22,0.9651309847831726,-0.26040396094322205,-0.02667194791138172,0,0.26040399074554443,0.9654930233955383,-0.003534361021593213,0,0.02667195536196232,-0.0035343621857464314,0.999638020992279,0,3.415160894393921,9.999999974752427e-7,-0.000009000000318337698,1
B24,mixamorig_LeftHandIndex4,23,1,0,0,0,0,1,0,0,0,0,1,0,3.077986001968384,0,-0.000009000000318337698,1
B25,mixamorig_LeftHandRing1,12,0.8811840415000916,-0.45778289437294006,-0.11811207979917526,0,0.45772406458854675,0.8886139988899231,-0.029236262664198875,0,0.11833982914686203,-0.028300190344452858,0.9925700426101685,0,12.147005081176758,0.00989499967545271,-2.2166290283203125,1
B26,mixamorig_LeftHandRing2,25,0.943103015422821,-0.3307689130306244,-0.033878978341817856,0,0.33076903223991394,0.943693995475769,-0.005767125636339188,0,0.033878982067108154,-0.005767123773694038,0.999409019947052,0,3.6011910438537598,0.0000019999999949504854,0.000035000000934815034,1
B27,mixamorig_LeftHandRing3,26,0.9309470057487488,-0.3632529675960541,-0.03720594942569733,0,0.36325299739837646,0.931663990020752,-0.006999246776103973,0,0.037205956876277924,-0.006999247241765261,0.9992830157279968,0,3.307317018508911,0.000004999999873689376,-0.00002099999983329326,1
B28,mixamorig_LeftHandRing4,27,1,0,0,0,0,1,0,0,0,0,1,0,3.6601150035858154,0.000003000000106112566,0,1
B29,mixamorig_LeftHandPinky1,12,0.8189988136291504,-0.5532243251800537,-0.15226173400878906,0,0.5535355806350708,0.8316472172737122,-0.04428214207291603,0,0.15112610161304474,-0.04801530763506889,0.9873480200767517,0,10.908194541931152,-0.22636500000953674,-4.725818157196045,1
B30,mixamorig_LeftHandPinky2,29,0.9521880149841309,-0.3039209246635437,-0.03112895041704178,0,0.303921103477478,0.9526849985122681,-0.00484622735530138,0,0.031128976494073868,-0.004846228752285242,0.9995039701461792,0,4.136651992797852,0.0000019999999949504854,0.00002700000004551839,1
B31,mixamorig_LeftHandPinky3,30,0.952189028263092,-0.30392107367515564,-0.031128965318202972,0,0.3039209544658661,0.9526850581169128,-0.004846222698688507,0,0.031128961592912674,-0.004846224095672369,0.9995039701461792,0,2.5948359966278076,0,-0.00003600000127335079,1
B32,mixamorig_LeftHandPinky4,31,1,0,0,0,0,1,0,0,0,0,1,0,2.9238688945770264,9.999999974752427e-7,0.000018999999156221747,1
B33,mixamorig_RightShoulder,3,0.9601039886474609,0.2715469300746918,-0.06679882109165192,0,-0.27018502354621887,0.9623770117759705,0.02881479077041149,0,0.07211022078990936,-0.009617154486477375,0.9973499178886414,0,-6.105696201324463,9.110508918762207,0.7055630087852478,1
B34,mixamorig_RightArm,33,0.5716671347618103,0.7730177640914917,-0.2750273048877716,0,-0.6681241989135742,0.6331427097320557,0.39081916213035583,0,0.4762418568134308,-0.03966609388589859,0.878419041633606,0,-12.655040740966797,-0.2660210132598877,-2.600895881652832,1
B35,mixamorig_RightForeArm,34,0.9191439747810364,0,-0.39392203092575073,0,0,1,0,0,0.39392203092575073,0,0.9191439747810364,0,-27.40468406677246,0.00003300000025774352,0.000004999999873689376,1
B36,mixamorig_RightHand,35,0.9945619702339172,0.10244499891996384,-0.018728386610746384,0,-0.10284899175167084,0.9944530129432678,-0.02204984240233898,0,0.016365595161914825,0.023856116458773613,0.999580979347229,0,-27.614463806152344,0.00002300000051036477,0.000018000000636675395,1
B37,mixamorig_RightHandMiddle1,36,0.9257490038871765,0.37813207507133484,-0.0020810526330024004,0,-0.3780949115753174,0.9255470037460327,-0.020160013809800148,0,-0.005697041749954224,0.01944996789097786,0.9997950792312622,0,-12.77552318572998,0.000009000000318337698,0.000018000000636675395,1
B38,mixamorig_RightHandMiddle2,37,0.8151329755783081,0.5773640275001526,0.04700303450226784,0,-0.5773639678955078,0.816349983215332,-0.014950891025364399,0,-0.04700303450226784,-0.014950892888009548,0.9987829923629761,0,-3.613970994949341,0.000003000000106112566,0.000003000000106112566,1
B39,mixamorig_RightHandMiddle3,38,0.9361680150032043,0.3503928780555725,0.02852591872215271,0,-0.350393146276474,0.9365889430046082,-0.005162406712770462,0,-0.028525935485959053,-0.005162406712770462,0.9995800852775574,0,-3.4597599506378174,0,-0.000025999999706982635,1
B40,mixamorig_RightHandMiddle4,39,1,0,0,0,0,1,0,0,0,0,1,0,-3.680191993713379,-9.999999974752427e-7,0.00003300000025774352,1
B41,mixamorig_RightHandThumb1,36,0.9963260889053345,-0.07676403224468231,0.03797150403261185,0,0.06653186678886414,0.9729510545730591,0.22122399508953094,0,-0.05392647162079811,-0.21788497269153595,0.9744839668273926,0,-3.788809061050415,-2.1669979095458984,3.003087043762207,1
B42,mixamorig_RightHandThumb2,41,0.9360309839248657,-0.1679680496454239,0.3092469573020935,0,0.13292807340621948,0.9823980927467346,0.13124360144138336,0,-0.3258480727672577,-0.08174040913581848,0.9418818950653076,0,-3.675442934036255,-2.122009038925171,2.12201189994812,1
B43,mixamorig_RightHandThumb3,42,0.9773159623146057,-0.19438400864601135,0.0840681791305542,0,0.21001295745372772,0.9407508373260498,-0.26623743772506714,0,-0.027334922924637794,0.27785351872444153,0.9602341651916504,0,-3.394357919692993,-1.95974600315094,1.959792971611023,1
B44,mixamorig_RightHandThumb4,43,1,0,0,0,0,1,0,0,0,0,1,0,-2.6794040203094482,-1.5469460487365723,1.5469199419021606,1
B45,mixamorig_RightHandIndex1,36,0.93259197473526,0.3516530692577362,-0.08131403475999832,0,-0.3541198968887329,0.9350320100784302,-0.017739932984113693,0,0.06979294121265411,0.04533904790878296,0.9965310096740723,0,-12.266615867614746,-0.231673002243042,2.8220560550689697,1
B46,mixamorig_RightHandIndex2,45,0.9148709177970886,0.40241506695747375,0.03276102617383003,0,-0.40241488814353943,0.9154310822486877,-0.006884811446070671,0,-0.032761041074991226,-0.006884817499667406,0.9994399547576904,0,-3.8919670581817627,0,0.000037999998312443495,1
B47,mixamorig_RightHandIndex3,46,0.983210027217865,0.18187294900417328,0.01480700820684433,0,-0.18187302350997925,0.9833210110664368,-0.0013578975340351462,0,-0.014807009138166904,-0.001357897068373859,0.9998890161514282,0,-3.415160894393921,0,-0.000009000000318337698,1
B48,mixamorig_RightHandIndex4,47,1,0,0,0,0,1,0,0,0,0,1,0,-3.077986001968384,-9.999999974752427e-7,-0.000009000000318337698,1
B49,mixamorig_RightHandRing1,36,0.9100860357284546,0.4125679135322571,0.03913568705320358,0,-0.41196006536483765,0.9109150171279907,-0.022873947396874428,0,-0.04508631303906441,0.00469491770491004,0.9989719986915588,0,-12.147004127502441,0.009890999644994736,-2.2166309356689453,1
B50,mixamorig_RightHandRing2,49,0.6758232116699219,0.7346328496932983,0.059806760400533676,0,-0.7346331477165222,0.6779578328132629,-0.026216868311166763,0,-0.059806279838085175,-0.026218080893158913,0.9978659749031067,0,-3.6011910438537598,0,0.000035000000934815034,1
B51,mixamorig_RightHandRing3,50,0.9193689823150635,0.39210015535354614,0.03192100301384926,0,-0.3920998275279999,0.919899046421051,-0.00652100658044219,0,-0.031920988112688065,-0.006521008908748627,0.999468982219696,0,-3.307317018508911,0.000003999999989900971,-0.00002099999983329326,1
B52,mixamorig_RightHandRing4,51,1,0,0,0,0,1,0,0,0,0,1,0,-3.6601150035858154,0.0000019999999949504854,9.999999974752427e-7,1
B53,mixamorig_RightHandPinky1,36,0.8702999353408813,0.48997607827186584,0.05000972002744675,0,-0.4888558089733124,0.8717230558395386,-0.03343925252556801,0,-0.05997911095619202,0.004654639400541782,0.9981890320777893,0,-10.908193588256836,-0.2263689935207367,-4.725820064544678,1
B54,mixamorig_RightHandPinky2,53,0.8772139549255371,0.478517085313797,0.038955945521593094,0,-0.47851690649986267,0.8780220150947571,-0.009930183179676533,0,-0.03895595297217369,-0.009930187836289406,0.99919193983078,0,-4.136651992797852,0,0.000025999999706982635,1
B55,mixamorig_RightHandPinky3,54,0.9615979790687561,0.2735559642314911,0.022270042449235916,0,-0.2735559940338135,0.9618510007858276,-0.00310568418353796,0,-0.022270044311881065,-0.0031056844163686037,0.9997469782829285,0,-2.5948359966278076,-9.999999974752427e-7,-0.000037000001611886546,1
B56,mixamorig_RightHandPinky4,55,1,0,0,0,0,1,0,0,0,0,1,0,-2.9238688945770264,9.999999974752427e-7,0.000018999999156221747,1
B57,mixamorig_RightUpLeg,0,0.9916139841079712,0.0501001812517643,0.11913107335567474,0,-0.02242383360862732,0.9745190143585205,-0.22318099439144135,0,-0.12727689743041992,0.21863800287246704,0.9674700498580933,0,-9.1244535446167,-6.656397819519043,-0.05537800118327141,1
B58,mixamorig_RightLeg,57,0.9968090057373047,-0.04290507733821869,-0.0673089474439621,0,0.06223693862557411,0.9457659721374512,0.3188309967517853,0,0.0499790757894516,-0.32200297713279724,0.9454190731048584,0,-0.2446800023317337,-40.595436096191406,-0.5145279765129089,1
B59,mixamorig_RightFoot,58,0.9999920129776001,0.0038763207849115133,-0.00048491935012862086,0,-0.003904694924131036,0.987981915473938,-0.15451809763908386,0,-0.00011987026664428413,0.15451888740062714,0.9879900813102722,0,0.24466900527477264,-42.04787063598633,-2.0602309703826904,1
B60,mixamorig_RightToeBase,59,1,0,0,0,0,0.9962369799613953,-0.08666499704122543,0,0,0.08666499704122543,0.9962369799613953,0,-0.3733600080013275,-10.492194175720215,12.640663146972656,1
B61,mixamorig_RightToe_End,60,1,0,0,0,0,1,0,0,0,0,1,0,0,0,9.992521286010742,1
B62,mixamorig_LeftUpLeg,0,0.9837530255317688,-0.006624952889978886,-0.17940476536750793,0,-0.08300609141588211,0.8693039417266846,-0.48725903034210205,0,0.1591852307319641,0.4942339360713959,0.8546299934387207,0,9.124452590942383,-6.656398773193359,-0.05537800118327141,1
B63,mixamorig_LeftLeg,62,0.9966239929199219,-0.07394756376743317,0.03567413240671158,0,0.009501357562839985,0.5354640483856201,0.8445050120353699,0,-0.08155129849910736,-0.8413150310516357,0.5343589186668396,0,0.2446800023317337,-40.59540557861328,-0.517041027545929,1
B64,mixamorig_LeftFoot,63,0.999567985534668,-0.02935975044965744,-0.0015171925770118833,0,0.029384246096014977,0.9993680715560913,0.02000802755355835,0,0.0009288031724281609,-0.02004396729171276,0.9997990131378174,0,-0.24467000365257263,-42.04800033569336,-2.05764102935791,1
B65,mixamorig_LeftToeBase,64,1,0,0,0,0,0.989766001701355,-0.14270000159740448,0,0,0.14270000159740448,0.989766001701355,0,0.3733600080013275,-10.492193222045898,12.640664100646973,1
B66,mixamorig_LeftToe_End,65,1,0,0,0,0,1,0,0,0,0,1,0,0,9.999999974752427e-7,9.992521286010742,1
@52,0,1,2,3,4,5,9,10,11,12,13,14,15,17,18,19,21,22,23,25,26,27,29,30,31,33,34,35,36,37,38,39,41,42,43,45,46,47,49,50,51,53,54,55,57,58,59,60,62,63,64,65
K0.000,0.9994289875030518,0.004827081225812435,-0.03344675898551941,0,-0.003689918201416731,0.9994159936904907,0.03397791460156441,0,0.03359123691916466,-0.033835090696811676,0.9988629817962646,0,0.008603000082075596,98.59484100341797,0.11236000061035156,1,0.9997230172157288,-0.00809515081346035,0.022082936018705368,0,0.005674848333001137,0.9941849112510681,0.1075400710105896,0,-0.02282506227493286,-0.10738491266965866,0.9939550161361694,0,9.999999974752427e-7,9.92345905303955,-1.227334976196289,1,0.9988770484924316,0.01964705064892769,0.043102774769067764,0,-0.021487953141331673,0.9988579750061035,0.0426703579723835,0,-0.04221522808074951,-0.04354865103960037,0.9981589913368225,0,-0.00013899999612476677,11.645440101623535,-1.422340989112854,1,0.9988669753074646,0.021612832322716713,0.04240405187010765,0,-0.0234011709690094,0.9988380670547485,0.04214074835181236,0,-0.041443951427936554,-0.043085258454084396,0.9982110261917114,0,0.00009100000170292333,13.360203742980957,-1.6264599561691284,1,0.999301016330719,-0.0044539375230669975,-0.03711644932627678,0,0.004142062272876501,0.999955952167511,-0.008475332520902157,0,0.037152547389268875,0.00831566657871008,0.9992750287055969,0,0.00002499999936844688,15.032490730285645,0.7929049730300903,1,0.9963399767875671,-0.03709625080227852,-0.07700993120670319,0,0.032646749168634415,0.9977680444717407,-0.058254677802324295,0,0.07899905741214752,0.05552732199430466,0.9953269362449646,0,0.0000019999999949504854,10.321830749511719,3.1424291133880615,1,0.9562889933586121,-0.24930909276008606,0.15282784402370453,0,0.24519091844558716,0.9684050679206848,0.04553366079926491,0,-0.1593511402606964,-0.006071337498724461,0.9872030019760132,0,6.105823993682861,9.110424041748047,0.705551028251648,1,0.4884141683578491,-0.8682579398155212,0.08705949038267136,0,0.7682710886001587,0.4751761555671692,0.4289137125015259,0,-0.41377654671669006,-0.14260230958461761,0.8991407155990601,0,12.655036926269531,-0.2659339904785156,-2.600922107696533,1,0.9814220070838928,0,0.19186000525951385,0,0,1,0,0,-0.19186000525951385,0,0.9814220070838928,0,27.40468406677246,0.00003899999865097925,0.000007000000096013537,1,0.9810500741004944,-0.18006403744220734,-0.07154496759176254,0,0.1835009753704071,0.982001006603241,0.04473508149385452,0,0.06220203638076782,-0.05701591819524765,0.9964339137077332,0,27.614463806152344,0.000029000000722589903,0.000019999999494757503,1,0.8910219073295593,-0.44800323247909546,-0.07329639047384262,0,0.4471728503704071,0.8940001130104065,-0.028298011049628258,0,0.07820461690425873,-0.007562009152024984,0.9969090223312378,0,12.77552318572998,0.000012999999853491317,0.000019999999494757503,1,0.978289008140564,-0.2061690390110016,-0.02111699990928173,0,0.20616896450519562,0.9785140752792358,-0.0022007247898727655,0,0.02111699804663658,-0.002200724557042122,0.9997749328613281,0,3.613970994949341,0.000003000000106112566,0.0000019999999949504854,1,0.9704599976539612,-0.2400059551000595,-0.0245830025523901,0,0.24000604450702667,0.9707670211791992,-0.0029942591208964586,0,0.02458299696445465,-0.002994258888065815,0.999692976474762,0,3.4597599506378174,9.999999974752427e-7,-0.000025999999706982635,1,0.9802089333534241,0.19306744635105133,-0.04377317056059837,0,-0.1878705620765686,0.9769040942192078,0.10179667174816132,0,0.062415819615125656,-0.09155832976102829,0.9938419461250305,0,3.7888100147247314,-2.166996955871582,3.0030879974365234,1,0.9832528829574585,0.12649913132190704,-0.13119423389434814,0,-0.10971488058567047,0.9856709837913513,0.12812335789203644,0,0.14552174508571625,-0.1115836352109909,0.9830420613288879,0,3.675442934036255,-2.1220080852508545,2.12201189994812,1,0.9236840009689331,0.35990604758262634,0.13143505156040192,0,-0.3613249361515045,0.9323390126228333,-0.013728232122957706,0,-0.12748295068740845,-0.034810226410627365,0.9912299513816833,0,3.3943591117858887,-1.9597439765930176,1.959792971611023,1,0.9501429796218872,-0.3011499345302582,0.0808458998799324,0,0.3032730221748352,0.9527839422225952,-0.0151140745729208,0,-0.07247710227966309,0.038878925144672394,0.996612012386322,0,12.26661491394043,-0.23166899383068085,2.8220579624176025,1,0.9651309847831726,-0.26040300726890564,-0.026671992614865303,0,0.260403037071228,0.9654930233955383,-0.0035343554336577654,0,0.026672007516026497,-0.0035343552008271217,0.9996379613876343,0,3.8919670581817627,0.0000019999999949504854,0.00003899999865097925,1,0.9651309251785278,-0.26040396094322205,-0.0266719963401556,0,0.26040399074554443,0.9654930233955383,-0.0035343680065125227,0,0.0266720037907362,-0.0035343680065125227,0.9996379613876343,0,3.415160894393921,9.999999974752427e-7,-0.000009000000318337698,1,0.8811840415000916,-0.45778289437294006,-0.11811213195323944,0,0.45772406458854675,0.8886139988899231,-0.029236240312457085,0,0.11833985894918442,-0.028300242498517036,0.9925700426101685,0,12.147005081176758,0.00989499967545271,-2.2166290283203125,1,0.943103015422821,-0.3307689428329468,-0.03387900069355965,0,0.33076906204223633,0.943693995475769,-0.005767129361629486,0,0.033879004418849945,-0.005767128895968199,0.999409019947052,0,3.6011910438537598,0.0000019999999949504854,0.000035000000934815034,1,0.9309470057487488,-0.3632529675960541,-0.03720599412918091,0,0.36325299739837646,0.931663990020752,-0.0069992560893297195,0,0.037206005305051804,-0.006999255623668432,0.999282956123352,0,3.307317018508911,0.000004999999873689376,-0.00002099999983329326,1,0.8189987540245056,-0.5532243251800537,-0.15226179361343384,0,0.5535355806350708,0.8316472172737122,-0.044282250106334686,0,0.1511262208223343,-0.048015251755714417,0.9873480200767517,0,10.908194541931152,-0.22636500000953674,-4.725818157196045,1,0.9521880149841309,-0.3039209246635437,-0.031128987669944763,0,0.303921103477478,0.9526849985122681,-0.0048462338745594025,0,0.031129013746976852,-0.0048462338745594025,0.9995039701461792,0,4.136651992797852,0.0000019999999949504854,0.00002700000004551839,1,0.952189028263092,-0.30392107367515564,-0.031129002571105957,0,0.3039209544658661,0.9526850581169128,-0.004846229217946529,0,0.03112899884581566,-0.004846229217946529,0.9995039701461792,0,2.5948359966278076,0,-0.00003600000127335079,1,0.9601039886474609,0.2715469300746918,-0.06679879873991013,0,-0.27018502354621887,0.9623770117759705,0.02881481498479843,0,0.07211020588874817,-0.009617185220122337,0.9973499178886414,0,-6.105696201324463,9.110508918762207,0.7055630087852478,1,0.5716671347618103,0.7730177640914917,-0.2750272750854492,0,-0.668124258518219,0.6331427693367004,0.3908189833164215,0,0.47624170780181885,-0.03966600075364113,0.8784191012382507,0,-12.655040740966797,-0.2660210132598877,-2.600895881652832,1,0.9191439747810364,0,-0.39392203092575073,0,0,1,0,0,0.39392203092575073,0,0.9191439747810364,0,-27.40468406677246,0.00003300000025774352,0.000004999999873689376,1,0.9945619702339172,0.10244500637054443,-0.01872839592397213,0,-0.10284899920225143,0.9944530129432678,-0.022049864754080772,0,0.01636560447514057,0.023856138810515404,0.999580979347229,0,-27.614463806152344,0.00002300000051036477,0.000018000000636675395,1,0.9257490038871765,0.37813207507133484,-0.002081048907712102,0,-0.3780949115753174,0.9255470037460327,-0.020160024985671043,0,-0.0056970492005348206,0.019449977204203606,0.9997950792312622,0,-12.77552318572998,0.000009000000318337698,0.000018000000636675395,1,0.8151329755783081,0.5773640275001526,0.04700300097465515,0,-0.5773639678955078,0.816349983215332,-0.014950881712138653,0,-0.04700300097465515,-0.014950881712138653,0.9987829923629761,0,-3.613970994949341,0.000003000000106112566,0.000003000000106112566,1,0.9361680150032043,0.3503928780555725,0.02852599136531353,0,-0.350393146276474,0.9365889430046082,-0.005162419751286507,0,-0.028526008129119873,-0.005162420216947794,0.9995800852775574,0,-3.4597599506378174,0,-0.000025999999706982635,1,0.9963260889053345,-0.0767640769481659,0.03797150403261185,0,0.06653191149234772,0.9729509949684143,0.22122400999069214,0,-0.053926486521959305,-0.21788498759269714,0.9744839668273926,0,-3.788809061050415,-2.1669979095458984,3.003087043762207,1,0.9360309839248657,-0.1679679900407791,0.3092469274997711,0,0.1329280138015747,0.9823980927467346,0.13124358654022217,0,-0.3258480429649353,-0.08174041658639908,0.9418818950653076,0,-3.675442934036255,-2.122009038925171,2.12201189994812,1,0.9773159623146057,-0.19438403844833374,0.08406813442707062,0,0.21001295745372772,0.9407508373260498,-0.2662374675273895,0,-0.02733486518263817,0.2778535485267639,0.9602341055870056,0,-3.394357919692993,-1.95974600315094,1.959792971611023,1,0.93259197473526,0.3516530990600586,-0.08131404966115952,0,-0.3541199266910553,0.9350320100784302,-0.01773993670940399,0,0.06979295611381531,0.045339059084653854,0.9965310096740723,0,-12.266615867614746,-0.231673002243042,2.8220560550689697,1,0.9148709177970886,0.40241509675979614,0.03276098892092705,0,-0.4024149179458618,0.9154310822486877,-0.006884807255119085,0,-0.03276100382208824,-0.006884806789457798,0.9994399547576904,0,-3.8919670581817627,0,0.000037999998312443495,1,0.983210027217865,0.18187296390533447,0.014806998893618584,0,-0.18187303841114044,0.9833210110664368,-0.0013578966027125716,0,-0.014806999824941158,-0.0013578966027125716,0.9998890161514282,0,-3.415160894393921,0,-0.000009000000318337698,1,0.9100860357284546,0.41256794333457947,0.03913567215204239,0,-0.41196009516716003,0.9109150171279907,-0.02287401631474495,0,-0.0450863279402256,0.004694984294474125,0.9989719986915588,0,-12.147004127502441,0.009890999644994736,-2.2166309356689453,1,0.6758232116699219,0.7346329092979431,0.059806693345308304,0,-0.734633207321167,0.6779577732086182,-0.026216965168714523,0,-0.059806302189826965,-0.02621796727180481,0.9978659749031067,0,-3.6011910438537598,0,0.000035000000934815034,1,0.9193689823150635,0.39210018515586853,0.03192100673913956,0,-0.39209985733032227,0.919899046421051,-0.006521008908748627,0,-0.03192099183797836,-0.006521009374409914,0.999468982219696,0,-3.307317018508911,0.000003999999989900971,-0.00002099999983329326,1,0.8702999353408813,0.4899761378765106,0.05000979080796242,0,-0.48885583877563477,0.8717230558395386,-0.033439330756664276,0,-0.05997920781373978,0.004654670134186745,0.9981890320777893,0,-10.908193588256836,-0.2263689935207367,-4.725820064544678,1,0.8772139549255371,0.478517085313797,0.038955993950366974,0,-0.47851690649986267,0.8780220150947571,-0.009930198080837727,0,-0.03895600140094757,-0.009930198080837727,0.99919193983078,0,-4.136651992797852,0,0.000025999999706982635,1,0.9615979790687561,0.2735559940338135,0.022269997745752335,0,-0.27355602383613586,0.9618510007858276,-0.0031056783627718687,0,-0.022269999608397484,-0.0031056785956025124,0.9997469782829285,0,-2.5948359966278076,-9.999999974752427e-7,-0.000037000001611886546,1,0.9916139841079712,0.0501001738011837,0.11913108825683594,0,-0.022423824295401573,0.9745190143585205,-0.22318099439144135,0,-0.12727691233158112,0.21863800287246704,0.9674700498580933,0,-9.1244535446167,-6.656397819519043,-0.05537800118327141,1,0.9968090057373047,-0.042905066162347794,-0.0673089325428009,0,0.06223692372441292,0.9457659721374512,0.3188309967517853,0,0.049979064613580704,-0.32200297713279724,0.9454190731048584,0,-0.2446800023317337,-40.595436096191406,-0.5145279765129089,1,0.9999920129776001,0.0038763147313147783,-0.00048489420441910625,0,-0.0039046851452440023,0.987981915473938,-0.15451809763908386,0,-0.00011989418999291956,0.15451888740062714,0.9879900813102722,0,0.24466900527477264,-42.04787063598633,-2.0602309703826904,1,1,0,0,0,0,0.9962369799613953,-0.08666500449180603,0,0,0.08666500449180603,0.9962369799613953,0,-0.3733600080013275,-10.492194175720215,12.640663146972656,1,0.9837530255317688,-0.006625020876526833,-0.17940473556518555,0,-0.08300602436065674,0.8693039417266846,-0.48725906014442444,0,0.1591852456331253,0.4942339360713959,0.8546299934387207,0,9.124452590942383,-6.656398773193359,-0.05537800118327141,1,0.9966239929199219,-0.0739474818110466,0.03567389026284218,0,0.009501510299742222,0.5354639887809753,0.8445050120353699,0,-0.08155110478401184,-0.8413150310516357,0.5343588590621948,0,0.2446800023317337,-40.59540557861328,-0.517041027545929,1,0.999567985534668,-0.02935975417494774,-0.001517194788902998,0,0.029384249821305275,0.9993680715560913,0.020008031278848648,0,0.000928805151488632,-0.02004397101700306,0.9997990131378174,0,-0.24467000365257263,-42.04800033569336,-2.05764102935791,1,1,0,0,0,0,0.989766001701355,-0.14270000159740448,0,0,0.14270000159740448,0.989766001701355,0,0.3733600080013275,-10.492193222045898,12.640664100646973,1
