3.500,30,105,67
B0,mixamorig_Hips,-1,0.9968860149383545,-0.007207000162452459,-0.0785209983587265,0,-0.003924000076949596,0.9900469779968262,-0.14068399369716644,0,0.07875300198793411,0.14055399596691132,0.9869359731674194,0,1.0701090097427368,98.19287872314453,-0.48671600222587585,1
B1,mixamorig_Spine,0,0.9985439777374268,0.04609299823641777,0.028020000085234642,0,-0.05188700184226036,0.9627659916877747,0.2653079926967621,0,-0.014747999608516693,-0.26637598872184753,0.9637560248374939,0,9.999999974752427e-7,9.92345905303955,-1.227334976196289,1
B2,mixamorig_Spine1,1,0.9999579787254333,0.006508999969810247,0.00648899981752038,0,-0.006697000004351139,0.999547004699707,0.029353000223636627,0,-0.0062950002029538155,-0.029394999146461487,0.9995480179786682,0,-0.00013899999612476677,11.645440101623535,-1.422340989112854,1
B3,mixamorig_Spine2,2,0.9999589920043945,0.006560000125318766,0.006213000044226646,0,-0.00674000009894371,0.9995459914207458,0.029379000887274742,0,-0.006016999948769808,-0.029419999569654465,0.9995489716529846,0,0.00009100000170292333,13.360203742980957,-1.6264599561691284,1
B4,mixamorig_Neck,3,0.9999799728393555,0.003017999930307269,-0.005524999927729368,0,-0.002850000048056245,0.9995409846305847,0.030163999646902084,0,0.005613999906927347,-0.03014799952507019,0.999530017375946,0,0.00002499999936844688,15.032490730285645,0.7929049730300903,1
B5,mixamorig_Head,4,0.997044026851654,0.053766001015901566,-0.05487800016999245,0,-0.04161199927330017,0.9783890247344971,0.20254099369049072,0,0.06458199769258499,-0.19965900480747223,0.9777349829673767,0,0.0000019999999949504854,10.321830749511719,3.1424291133880615,1
B6,mixamorig_HeadTop_End,5,1,0,0,0,0,1,0,0,0,0,1,0,0.0001539999939268455,18.474672317504883,6.636398792266846,1
B7,mixamorig_LeftEye,5,1,0,0,0,0,1,0,0,0,0,1,0,2.9479150772094727,7.681746006011963,9.120731353759766,1
B8,mixamorig_RightEye,5,1,0,0,0,0,1,0,0,0,0,1,0,-2.9444808959960938,7.681746006011963,9.120495796203613,1
B9,mixamorig_LeftShoulder,3,0.9710729718208313,-0.23877499997615814,-0.0019280000124126673,0,0.23878100514411926,0.9709960222244263,0.0123070003464818,0,-0.0010659999679774046,-0.012411000207066536,0.999921977519989,0,6.105823993682861,9.110424041748047,0.705551028251648,1
B10,mixamorig_LeftArm,9,0.36220699548721313,-0.8859279751777649,0.2897219955921173,0,0.8450130224227905,0.4432869851589203,0.2990820109844208,0,-0.39339500665664673,0.13648900389671326,0.9091820120811462,0,12.655036926269531,-0.2659339904785156,-2.600922107696533,1
B11,mixamorig_LeftForeArm,10,-0.20131400227546692,0,0.9795269966125488,0,9.999999974752427e-7,1,0,0,-0.9795269966125488,0,-0.20131400227546692,0,27.40468406677246,0.00003899999865097925,0.000007000000096013537,1
B12,mixamorig_LeftHand,11,0.9993199706077576,-0.033649999648332596,-0.015077999792993069,0,0.0287919994443655,0.9675430059432983,-0.25105899572372437,0,0.023036999627947807,0.25045499205589294,0.9678540229797363,0,27.614463806152344,0.000029000000722589903,0.000019999999494757503,1
B13,mixamorig_LeftHandMiddle1,12,0.9365490078926086,-0.3476540148258209,-0.044856999069452286,0,0.3471109867095947,0.9376189708709717,-0.01961199939250946,0,0.04887700080871582,0.0027979998849332333,0.9988009929656982,0,12.77552318572998,0.000012999999853491317,0.000019999999494757503,1
B14,mixamorig_LeftHandMiddle2,13,-0.3551439940929413,-0.9299460053443909,-0.0952489972114563,0,0.929947018623352,-0.34107500314712524,-0.13735799491405487,0,0.0952489972114563,-0.13735899329185486,0.9859309792518616,0,3.613970994949341,0.000003000000106112566,0.0000019999999949504854,1
B15,mixamorig_LeftHandMiddle3,14,-0.1348080039024353,-0.9857149720191956,-0.10096099972724915,0,0.9857149720191956,-0.12302699685096741,-0.11502499878406525,0,0.10096099972724915,-0.11502499878406525,0.9882190227508545,0,3.4597599506378174,9.999999974752427e-7,-0.000025999999706982635,1
B16,mixamorig_LeftHandMiddle4,15,1,0,0,0,0,1,0,0,0,0,1,0,3.680191993713379,0,0.00003300000025774352,1
B17,mixamorig_LeftHandThumb1,12,0.9426299929618835,0.2722629904747009,-0.19318799674510956,0,-0.2868649959564209,0.9565809965133667,-0.05158500000834465,0,0.17075499892234802,0.10404500365257263,0.9798049926757812,0,3.7888100147247314,-2.166996955871582,3.0030879974365234,1
B18,mixamorig_LeftHandThumb2,17,0.9754649996757507,0.04616999998688698,-0.21526099741458893,0,-0.022936999797821045,0.9937549829483032,0.10920500010251999,0,0.21895800530910492,-0.10158800333738327,0.9704310297966003,0,3.675442934036255,-2.1220080852508545,2.12201189994812,1
B19,mixamorig_LeftHandThumb3,18,0.9737619757652283,0.22651100158691406,-0.021925000473856926,0,-0.22744999825954437,0.9656029939651489,-0.12600499391555786,0,-0.00737100001424551,0.12768599390983582,0.9917870163917542,0,3.3943591117858887,-1.9597439765930176,1.959792971611023,1
B20,mixamorig_LeftHandThumb4,19,1,0,0,0,0,1,0,0,0,0,1,0,2.6794040203094482,-1.5469449758529663,1.5469199419021606,1
B21,mixamorig_LeftHandIndex1,12,0.9966030120849609,-0.015675999224185944,-0.08085600286722183,0,0.01577099971473217,0.999875009059906,0.0005280000041238964,0,0.08083699643611908,-0.001800999976694584,0.9967259764671326,0,12.26661491394043,-0.23166899383068085,2.8220579624176025,1
B22,mixamorig_LeftHandIndex2,21,-0.24131199717521667,-0.9653970003128052,-0.09888000041246414,0,0.9653970003128052,-0.22842499613761902,-0.12582099437713623,0,0.09888000041246414,-0.12582099437713623,0.9871129989624023,0,3.8919670581817627,0.0000019999999949504854,0.00003899999865097925,1
B23,mixamorig_LeftHandIndex3,22,-0.24131199717521667,-0.9653970003128052,-0.09888000041246414,0,0.9653970003128052,-0.22842499613761902,-0.12581999599933624,0,0.09888000041246414,-0.12581999599933624,0.9871129989624023,0,3.415160894393921,9.999999974752427e-7,-0.000009000000318337698,1
B24,mixamorig_LeftHandIndex4,23,1,0,0,0,0,1,0,0,0,0,1,0,3.077986001968384,0,-0.000009000000318337698,1
B25,mixamorig_LeftHandRing1,12,0.9003490209579468,-0.4348829984664917,0.01575700007379055,0,0.4351609945297241,0.899957001209259,-0.02670300006866455,0,-0.0025679999962449074,0.03089899942278862,0.9995189905166626,0,12.147005081176758,0.00989499967545271,-2.2166290283203125,1
B26,mixamorig_LeftHandRing2,25,-0.3188529908657074,-0.9428719878196716,-0.09657300263643265,0,0.9428719878196716,-0.3051609992980957,-0.13368000090122223,0,0.09657300263643265,-0.13368000090122223,0.9863079786300659,0,3.6011910438537598,0.0000019999999949504854,0.000035000000934815034,1
B27,mixamorig_LeftHandRing3,26,-0.19239500164985657,-0.9762099981307983,-0.09998799860477448,0,0.9762099981307983,-0.18001599609851837,-0.12086199969053268,0,0.09998799860477448,-0.12086199969053268,0.987621009349823,0,3.307317018508911,0.000004999999873689376,-0.00002099999983329326,1
B28,mixamorig_LeftHandRing4,27,1,0,0,0,0,1,0,0,0,0,1,0,3.6601150035858154,0.000003000000106112566,0,1
B29,mixamorig_LeftHandPinky1,12,0.8267120122909546,-0.5613430142402649,0.03798000141978264,0,0.5625489950180054,0.8258309960365295,-0.03926200047135353,0,-0.009325999766588211,0.05382400006055832,0.998507022857666,0,10.908194541931152,-0.22636500000953674,-4.725818157196045,1
B30,mixamorig_LeftHandPinky2,29,0.016940999776124954,-0.9946529865264893,-0.10187599807977676,0,0.9946529865264893,0.027147000655531883,-0.0996439978480339,0,0.10187599807977676,-0.0996439978480339,0.9897940158843994,0,4.136651992797852,0.0000019999999949504854,0.00002700000004551839,1
B31,mixamorig_LeftHandPinky3,30,0.015363000333309174,-0.9946780204772949,-0.10187900066375732,0,0.9946780204772949,0.025584999471902847,-0.09980300068855286,0,0.10187900066375732,-0.09980399906635284,0.9897779822349548,0,2.5948359966278076,0,-0.00003600000127335079,1
B32,mixamorig_LeftHandPinky4,31,1,0,0,0,0,1,0,0,0,0,1,0,2.9238688945770264,9.999999974752427e-7,0.000018999999156221747,1
B33,mixamorig_RightShoulder,3,0.9151319861412048,0.3274669945240021,-0.23515799641609192,0,-0.3186410069465637,0.944845974445343,0.07572600245475769,0,0.2469860017299652,0.005632000043988228,0.9690030217170715,0,-6.105696201324463,9.110508918762207,0.7055630087852478,1
B34,mixamorig_RightArm,33,0.5245599746704102,0.8343780040740967,-0.1692650020122528,0,-0.8259570002555847,0.5469570159912109,0.13650499284267426,0,0.20647700130939484,0.0681999996304512,0.9760720133781433,0,-12.655040740966797,-0.2660210132598877,-2.600895881652832,1
B35,mixamorig_RightForeArm,34,-0.3538840115070343,0,-0.9352890253067017,0,0,1,0,0,0.9352890253067017,0,-0.3538840115070343,0,-27.40468406677246,0.00003300000025774352,0.000004999999873689376,1
B36,mixamorig_RightHand,35,0.9850599765777588,-0.03820100054144859,0.1679230034351349,0,0.07917600125074387,0.9663820266723633,-0.24461600184440613,0,-0.1529330015182495,0.2542569935321808,0.9549679756164551,0,-27.614463806152344,0.00002300000051036477,0.000018000000636675395,1
B37,mixamorig_RightHandMiddle1,36,0.9245960116386414,0.38090500235557556,-0.005843999795615673,0,-0.3809430003166199,0.9243749976158142,-0.020346999168395996,0,-0.0023479999508708715,0.021038999781012535,0.9997760057449341,0,-12.77552318572998,0.000009000000318337698,0.000018000000636675395,1
B38,mixamorig_RightHandMiddle2,37,-0.5435640215873718,0.8366000056266785,0.06810799986124039,0,-0.8366000056266785,-0.5334010124206543,-0.12483400106430054,0,-0.06810799986124039,-0.12483499944210052,0.9898369908332825,0,-3.613970994949341,0.000003000000106112566,0.000003000000106112566,1
B39,mixamorig_RightHandMiddle3,38,-0.4710330069065094,0.8792070150375366,0.07157599925994873,0,-0.8792070150375366,-0.4613470137119293,-0.11896900087594986,0,-0.07157699763774872,-0.11896900087594986,0.9903150200843811,0,-3.4597599506378174,0,-0.000025999999706982635,1
B40,mixamorig_RightHandMiddle4,39,1,0,0,0,0,1,0,0,0,0,1,0,-3.680191993713379,-9.999999974752427e-7,0.00003300000025774352,1
B41,mixamorig_RightHandThumb1,36,0.9678009748458862,-0.22722800076007843,0.1082959994673729,0,0.23889300227165222,0.9647120237350464,-0.11072699725627899,0,-0.07931499928236008,0.13303300738334656,0.9879329800605774,0,-3.788809061050415,-2.1669979095458984,3.003087043762207,1
B42,mixamorig_RightHandThumb2,41,0.9476690292358398,-0.09076400101184845,0.30608201026916504,0,0.04540900141000748,0.9873089790344238,0.1521809995174408,0,-0.3160099983215332,-0.1303189992904663,0.9397630095481873,0,-3.675442934036255,-2.122009038925171,2.12201189994812,1
B43,mixamorig_RightHandThumb3,42,0.9492130279541016,-0.2541230022907257,0.18551400303840637,0,0.26531898975372314,0.9634180068969727,-0.03782900050282478,0,-0.16911399364471436,0.08512800186872482,0.9819129705429077,0,-3.394357919692993,-1.95974600315094,1.959792971611023,1
B44,mixamorig_RightHandThumb4,43,1,0,0,0,0,1,0,0,0,0,1,0,-2.6794040203094482,-1.5469460487365723,1.5469199419021606,1
B45,mixamorig_RightHandIndex1,36,0.9974480271339417,-0.04771000146865845,0.05311200022697449,0,0.0476359985768795,0.9988610148429871,0.0026549999602138996,0,-0.05317800119519234,-0.00011899999663000926,0.9985849857330322,0,-12.266615867614746,-0.231673002243042,2.8220560550689697,1
B46,mixamorig_RightHandIndex2,45,-0.3171530067920685,0.9452469944953918,0.07695300132036209,0,-0.9452469944953918,-0.30848100781440735,-0.10652399808168411,0,-0.07695300132036209,-0.10652399808168411,0.9913280010223389,0,-3.8919670581817627,0,0.000037999998312443495,1
B47,mixamorig_RightHandIndex3,46,-0.03627600148320198,0.9960470199584961,0.08108799904584885,0,-0.9960470199584961,-0.02945300005376339,-0.08380799740552902,0,-0.08108799904584885,-0.08380799740552902,0.9931769967079163,0,-3.415160894393921,0,-0.000009000000318337698,1
B48,mixamorig_RightHandIndex4,47,1,0,0,0,0,1,0,0,0,0,1,0,-3.077986001968384,-9.999999974752427e-7,-0.000009000000318337698,1
B49,mixamorig_RightHandRing1,36,0.8479729890823364,0.5251619815826416,-0.07173900306224823,0,-0.5281950235366821,0.8485280275344849,-0.03178099915385246,0,0.04418199881911278,0.06484200060367584,0.9969170093536377,0,-12.147004127502441,0.009890999644994736,-2.2166309356689453,1
B50,mixamorig_RightHandRing2,49,-0.49776598811149597,0.8644520044326782,0.0703750029206276,0,-0.864450991153717,-0.48790499567985535,-0.12113100290298462,0,-0.0703750029206276,-0.12112999707460403,0.9901390075683594,0,-3.6011910438537598,0,0.000035000000934815034,1
B51,mixamorig_RightHandRing3,50,-0.1910800039768219,0.9783380031585693,0.079646997153759,0,-0.9783380031585693,-0.18323799967765808,-0.09632699936628342,0,-0.07964599877595901,-0.0963279977440834,0.9921579957008362,0,-3.307317018508911,0.000003999999989900971,-0.00002099999983329326,1
B52,mixamorig_RightHandRing4,51,1,0,0,0,0,1,0,0,0,0,1,0,-3.6601150035858154,0.0000019999999949504854,9.999999974752427e-7,1
B53,mixamorig_RightHandPinky1,36,0.8512300252914429,0.5174570083618164,-0.08744200319051743,0,-0.5215190052986145,0.8526769876480103,-0.03097900003194809,0,0.05852999910712242,0.07197300344705582,0.9956880211830139,0,-10.908193588256836,-0.2263689935207367,-4.725820064544678,1
B54,mixamorig_RightHandPinky2,53,-0.1152459979057312,0.9900619983673096,0.08060099929571152,0,-0.9900619983673096,-0.10790300369262695,-0.09019400179386139,0,-0.08060099929571152,-0.09019500017166138,0.9926570057868958,0,-4.136651992797852,0,0.000025999999706982635,1
B55,mixamorig_RightHandPinky3,54,-0.1152459979057312,0.9900619983673096,0.08060099929571152,0,-0.9900619983673096,-0.10790300369262695,-0.09019500017166138,0,-0.08060099929571152,-0.09019400179386139,0.9926570057868958,0,-2.5948359966278076,-9.999999974752427e-7,-0.000037000001611886546,1
B56,mixamorig_RightHandPinky4,55,1,0,0,0,0,1,0,0,0,0,1,0,-2.9238688945770264,9.999999974752427e-7,0.000018999999156221747,1
B57,mixamorig_RightUpLeg,0,0.9783759713172913,0.04713800176978111,0.20139199495315552,0,-0.03480200096964836,0.9973199963569641,-0.06436300277709961,0,-0.2038860023021698,0.05596200004220009,0.9773939847946167,0,-9.1244535446167,-6.656397819519043,-0.05537800118327141,1
B58,mixamorig_RightLeg,57,0.9979829788208008,-0.04214499890804291,-0.04746599867939949,0,0.055539000779390335,0.9418320059776306,0.3314630091190338,0,0.03073599934577942,-0.3334310054779053,0.9422730207443237,0,-0.2446800023317337,-40.595436096191406,-0.5145279765129089,1
B59,mixamorig_RightFoot,58,0.9998419880867004,-0.016603000462055206,0.006281000096350908,0,0.017324000597000122,0.9898340106010437,-0.1411689966917038,0,-0.0038739999290555716,0.14125500619411469,0.9899659752845764,0,0.24466900527477264,-42.04787063598633,-2.0602309703826904,1
B60,mixamorig_RightToeBase,59,1,0,0,0,0,0.9976750016212463,-0.06814700365066528,0,0,0.06814700365066528,0.9976750016212463,0,-0.3733600080013275,-10.492194175720215,12.640663146972656,1
B61,mixamorig_RightToe_End,60,1,0,0,0,0,1,0,0,0,0,1,0,0,0,9.992521286010742,1
B62,mixamorig_LeftUpLeg,0,0.9887539744377136,0.04783099889755249,-0.14169900119304657,0,-0.09306599944829941,0.9384580254554749,-0.3326199948787689,0,0.11706899851560593,0.3420659899711609,0.9323549866676331,0,9.124452590942383,-6.656398773193359,-0.05537800118327141,1
B63,mixamorig_LeftLeg,62,0.9934359788894653,-0.06128900125622749,0.09658700227737427,0,-0.04331900179386139,0.5799070000648499,0.8135300278663635,0,-0.10587199777364731,-0.8123739957809448,0.5734459757804871,0,0.2446800023317337,-40.59540557861328,-0.517041027545929,1
B64,mixamorig_LeftFoot,63,0.98990797996521,-0.14153799414634705,-0.007048000115901232,0,0.14156700670719147,0.9899219870567322,0.0036879999097436666,0,0.006455000024288893,-0.004648000001907349,0.9999679923057556,0,-0.24467000365257263,-42.04800033569336,-2.05764102935791,1
B65,mixamorig_LeftToeBase,64,0.9951379895210266,0.09843400120735168,-0.0032840000931173563,0,-0.09827300161123276,0.990202009677887,-0.09920699894428253,0,-0.006513000000268221,0.09904800355434418,0.9950609803199768,0,0.3733600080013275,-10.492193222045898,12.640664100646973,1
B66,mixamorig_LeftToe_End,65,1,0,0,0,0,1,0,0,0,0,1,0,0,9.999999974752427e-7,9.992521286010742,1
@52,0,1,2,3,4,5,9,10,11,12,13,14,15,17,18,19,21,22,23,25,26,27,29,30,31,33,34,35,36,37,38,39,41,42,43,45,46,47,49,50,51,53,54,55,57,58,59,60,62,63,64,65
K0.000,0.9968860149383545,-0.0072067840956151485,-0.07852081209421158,0,-0.003923784010112286,0.990047037601471,-0.14068397879600525,0,0.07875318825244904,0.1405540257692337,0.9869359135627747,0,1.0701090097427368,98.19287872314453,-0.48671600222587585,1,0.9985439777374268,0.04609335958957672,0.028020121157169342,0,-0.05188663676381111,0.9627659320831299,0.2653081715106964,0,-0.014747879467904568,-0.2663758397102356,0.9637560844421387,0,9.999999974752427e-7,9.92345905303955,-1.227334976196289,1,0.9999579787254333,0.006509097758680582,0.0064890021458268166,0,-0.006696901749819517,0.9995470643043518,0.02935289964079857,0,-0.006294997874647379,-0.029395101591944695,0.9995480179786682,0,-0.00013899999612476677,11.645440101623535,-1.422340989112854,1,0.9999589920043945,0.006560088135302067,0.006212776526808739,0,-0.0067399125546216965,0.9995459914207458,0.029379170387983322,0,-0.00601722439751029,-0.029419831931591034,0.9995489716529846,0,0.00009100000170292333,13.360203742980957,-1.6264599561691284,1,0.9999799728393555,0.0030179962050169706,-0.0055252485908567905,0,-0.0028500035405158997,0.9995409846305847,0.030164169147610664,0,0.00561375031247735,-0.03014783188700676,0.999530017375946,0,0.00002499999936844688,15.032490730285645,0.7929049730300903,1,0.997044026851654,0.05376599356532097,-0.05487804859876633,0,-0.04161200299859047,0.9783890247344971,0.2025410681962967,0,0.06458195298910141,-0.19965893030166626,0.9777349829673767,0,0.0000019999999949504854,10.321830749511719,3.1424291133880615,1,0.9710729122161865,-0.23877522349357605,-0.0019282414577901363,0,0.23878079652786255,0.9709961414337158,0.012306793592870235,0,-0.0010662414133548737,-0.01241120882332325,0.999921977519989,0,6.105823993682861,9.110424041748047,0.705551028251648,1,0.3622070848941803,-0.8859280347824097,0.2897219955921173,0,0.8450130224227905,0.4432870149612427,0.2990821301937103,0,-0.3933950662612915,0.1364891082048416,0.9091818928718567,0,12.655036926269531,-0.2659339904785156,-2.600922107696533,1,-0.20131389796733856,-5.000001124244591e-7,0.9795269966125488,0,4.999999987376214e-7,1,6.132113981038856e-7,0,-0.9795269966125488,6.132115686341422e-7,-0.20131389796733856,0,27.40468406677246,0.00003899999865097925,0.000007000000096013537,1,0.9993199110031128,-0.033650051802396774,-0.015078108757734299,0,0.028791947290301323,0.9675428867340088,-0.2510593831539154,0,0.023036887869238853,0.2504546046257019,0.9678540825843811,0,27.614463806152344,0.000029000000722589903,0.000019999999494757503,1,0.9365491271018982,-0.34765365719795227,-0.04485694691538811,0,0.34711137413978577,0.9376188516616821,-0.01961238868534565,0,0.0488770566880703,0.0027976115234196186,0.9988009929656982,0,12.77552318572998,0.000012999999853491317,0.000019999999494757503,1,-0.35514378547668457,-0.9299459457397461,-0.09524974972009659,0,0.9299468994140625,-0.34107521176338196,-0.13735803961753845,0,0.09524822235107422,-0.13735905289649963,0.9859310388565063,0,3.613970994949341,0.000003000000106112566,0.0000019999999949504854,1,-0.13480810821056366,-0.9857149124145508,-0.10096098482608795,0,0.9857150316238403,-0.1230267882347107,-0.11502507328987122,0,0.10096102207899094,-0.11502507328987122,0.9882190227508545,0,3.4597599506378174,9.999999974752427e-7,-0.000025999999706982635,1,0.9426299333572388,0.27226313948631287,-0.19318787753582,0,-0.28686484694480896,0.9565810561180115,-0.05158530920743942,0,0.17075514793395996,0.10404470562934875,0.9798049926757812,0,3.7888100147247314,-2.166996955871582,3.0030879974365234,1,0.9754650592803955,0.04617006331682205,-0.2152608036994934,0,-0.02293693833053112,0.9937549233436584,0.10920494049787521,0,0.21895821392536163,-0.10158804804086685,0.9704309701919556,0,3.675442934036255,-2.1220080852508545,2.12201189994812,1,0.9737619757652283,0.2265109121799469,-0.02192484587430954,0,-0.22745008766651154,0.9656029343605042,-0.1260051727294922,0,-0.007370848208665848,0.1276858150959015,0.9917870163917542,0,3.3943591117858887,-1.9597439765930176,1.959792971611023,1,0.9966030120849609,-0.015676353126764297,-0.08085568249225616,0,0.015770645812153816,0.999875009059906,0.0005278231110423803,0,0.08083732426166534,-0.001801176811568439,0.9967259168624878,0,12.26661491394043,-0.23166899383068085,2.8220579624176025,1,-0.24131202697753906,-0.9653970003128052,-0.09887999296188354,0,0.9653971195220947,-0.22842499613761902,-0.12582042813301086,0,0.09888000786304474,-0.12582042813301086,0.9871130585670471,0,3.8919670581817627,0.0000019999999949504854,0.00003899999865097925,1,-0.24131202697753906,-0.9653970003128052,-0.09888000041246414,0,0.9653970003128052,-0.22842496633529663,-0.12582042813301086,0,0.09888000041246414,-0.12582042813301086,0.9871129393577576,0,3.415160894393921,9.999999974752427e-7,-0.000009000000318337698,1,0.9003490209579468,-0.4348830282688141,0.01575704850256443,0,0.4351609945297241,0.8999569416046143,-0.02670307643711567,0,-0.0025679508689790964,0.03089892491698265,0.9995189905166626,0,12.147005081176758,0.00989499967545271,-2.2166290283203125,1,-0.31885311007499695,-0.9428719878196716,-0.09657306224107742,0,0.9428719878196716,-0.3051609992980957,-0.13368025422096252,0,0.09657292068004608,-0.13368023931980133,0.9863079190254211,0,3.6011910438537598,0.0000019999999949504854,0.000035000000934815034,1,-0.1923951655626297,-0.9762099981307983,-0.0999879240989685,0,0.9762098789215088,-0.18001584708690643,-0.12086270749568939,0,0.09998805820941925,-0.12086271494626999,0.9876208901405334,0,3.307317018508911,0.000004999999873689376,-0.00002099999983329326,1,0.826711893081665,-0.5613431930541992,0.037980206310749054,0,0.5625488758087158,0.8258311152458191,-0.039261966943740845,0,-0.00932579580694437,0.053824037313461304,0.998507022857666,0,10.908194541931152,-0.22636500000953674,-4.725818157196045,1,0.016941012814641,-0.994653046131134,-0.10187603533267975,0,0.9946531653404236,0.0271468386054039,-0.09964320063591003,0,0.10187598317861557,-0.09964320063591003,0.989794135093689,0,4.136651992797852,0.0000019999999949504854,0.00002700000004551839,1,0.015362851321697235,-0.9946780204772949,-0.10187944024801254,0,0.9946780800819397,0.02558513544499874,-0.09980305284261703,0,0.1018785610795021,-0.09980405122041702,0.9897781014442444,0,2.5948359966278076,0,-0.00003600000127335079,1,0.9151319265365601,0.3274671137332916,-0.23515811562538147,0,-0.31864091753959656,0.9448460340499878,0.07572584599256516,0,0.24698591232299805,0.00563184404745698,0.9690030813217163,0,-6.105696201324463,9.110508918762207,0.7055630087852478,1,0.524559736251831,0.834378182888031,-0.16926462948322296,0,-0.8259567618370056,0.5469571948051453,0.136505126953125,0,0.2064773589372635,0.06820014864206314,0.9760718941688538,0,-12.655040740966797,-0.2660210132598877,-2.600895881652832,1,-0.3538839519023895,0,-0.9352889657020569,0,0,1,0,0,0.9352889657020569,0,-0.3538839519023895,0,-27.40468406677246,0.00003300000025774352,0.000004999999873689376,1,0.9850600361824036,-0.03820084407925606,0.1679229587316513,0,0.0791761577129364,0.9663819670677185,-0.24461612105369568,0,-0.1529330313205719,0.25425681471824646,0.9549679756164551,0,-27.614463806152344,0.00002300000051036477,0.000018000000636675395,1,0.9245959520339966,0.3809051513671875,-0.0058441162109375,0,-0.38094279170036316,0.9243751168251038,-0.02034698985517025,0,-0.002348116831853986,0.021039007231593132,0.9997760057449341,0,-12.77552318572998,0.000009000000318337698,0.000018000000636675395,1,-0.543563961982727,0.8366000652313232,0.06810778379440308,0,-0.8365999460220337,-0.5334011316299438,-0.12483451515436172,0,-0.06810779124498367,-0.12483450025320053,0.9898370504379272,0,-3.613970994949341,0.000003000000106112566,0.000003000000106112566,1,-0.4710328280925751,0.8792071342468262,0.07157643139362335,0,-0.8792068362236023,-0.46134740114212036,-0.11896870285272598,0,-0.0715765580534935,-0.11896870285272598,0.9903150796890259,0,-3.4597599506378174,0,-0.000025999999706982635,1,0.9678009152412415,-0.22722797095775604,0.10829638689756393,0,0.23889301717281342,0.9647120237350464,-0.1107269898056984,0,-0.07931460440158844,0.13303302228450775,0.9879330396652222,0,-3.788809061050415,-2.1669979095458984,3.003087043762207,1,0.9476690292358398,-0.09076429903507233,0.3060820400714874,0,0.045408714562654495,0.987308919429779,0.15218132734298706,0,-0.3160099685192108,-0.13031865656375885,0.939763069152832,0,-3.675442934036255,-2.122009038925171,2.12201189994812,1,0.9492130875587463,-0.25412288308143616,0.18551380932331085,0,0.2653190791606903,0.9634179472923279,-0.03782891482114792,0,-0.16911420226097107,0.08512808382511139,0.9819129109382629,0,-3.394357919692993,-1.95974600315094,1.959792971611023,1,0.9974480271339417,-0.04770990461111069,0.05311188846826553,0,0.04763609543442726,0.9988610148429871,0.0026554097421467304,0,-0.053178105503320694,-0.00011858999641845003,0.9985849857330322,0,-12.266615867614746,-0.231673002243042,2.8220560550689697,1,-0.3171529769897461,0.9452469348907471,0.0769529715180397,0,-0.9452469944953918,-0.308480829000473,-0.1065240353345871,0,-0.07695303857326508,-0.1065240353345871,0.9913279414176941,0,-3.8919670581817627,0,0.000037999998312443495,1,-0.036275945603847504,0.9960470795631409,0.08108805119991302,0,-0.9960470795631409,-0.029453177005052567,-0.08380761742591858,0,-0.08108794689178467,-0.08380761742591858,0.993177056312561,0,-3.415160894393921,0,-0.000009000000318337698,1,0.8479728102684021,0.5251622200012207,-0.07173886150121689,0,-0.5281948447227478,0.8485281467437744,-0.03178125247359276,0,0.04418214038014412,0.06484174728393555,0.9969170093536377,0,-12.147004127502441,0.009890999644994736,-2.2166309356689453,1,-0.49776631593704224,0.8644520044326782,0.07037410140037537,0,-0.8644512295722961,-0.48790475726127625,-0.1211308017373085,0,-0.07037590444087982,-0.12112980335950851,0.9901390075683594,0,-3.6011910438537598,0,0.000035000000934815034,1,-0.1910800337791443,0.9783380627632141,0.07964712381362915,0,-0.9783380031585693,-0.1832379847764969,-0.09632691740989685,0,-0.07964587956666946,-0.09632791578769684,0.9921579957008362,0,-3.307317018508911,0.000003999999989900971,-0.00002099999983329326,1,0.8512299656867981,0.5174570679664612,-0.08744227886199951,0,-0.5215189456939697,0.8526769876480103,-0.030978966504335403,0,0.05852974206209183,0.0719730332493782,0.9956880211830139,0,-10.908193588256836,-0.2263689935207367,-4.725820064544678,1,-0.11524586379528046,0.9900619983673096,0.08060161024332047,0,-0.9900619387626648,-0.10790310800075531,-0.090193971991539,0,-0.08060038089752197,-0.09019497781991959,0.9926570653915405,0,-4.136651992797852,0,0.000025999999706982635,1,-0.11524586379528046,0.9900621771812439,0.08060052245855331,0,-0.9900620579719543,-0.1079031229019165,-0.09019498527050018,0,-0.08060149103403091,-0.0901939868927002,0.992656946182251,0,-2.5948359966278076,-9.999999974752427e-7,-0.000037000001611886546,1,0.9783759713172913,0.04713796451687813,0.20139195024967194,0,-0.034802038222551346,0.9973199963569641,-0.06436283141374588,0,-0.20388604700565338,0.05596217140555382,0.9773939847946167,0,-9.1244535446167,-6.656397819519043,-0.05537800118327141,1,0.9979829788208008,-0.04214507341384888,-0.047466278076171875,0,0.055538926273584366,0.9418319463729858,0.33146315813064575,0,0.030735721811652184,-0.33343085646629333,0.9422730803489685,0,-0.2446800023317337,-40.595436096191406,-0.5145279765129089,1,0.9998419880867004,-0.01660316064953804,0.006281350273638964,0,0.017323842272162437,0.9898340702056885,-0.14116869866847992,0,-0.003873650450259447,0.14125530421733856,0.9899659752845764,0,0.24466900527477264,-42.04787063598633,-2.0602309703826904,1,1,0,0,0,0,0.9976750016212463,-0.06814700365066528,0,0,0.06814700365066528,0.9976750016212463,0,-0.3733600080013275,-10.492194175720215,12.640663146972656,1,0.9887539148330688,0.04783104360103607,-0.14169903099536896,0,-0.09306594729423523,0.9384580850601196,-0.3326197564601898,0,0.11706896871328354,0.3420661985874176,0.9323548674583435,0,9.124452590942383,-6.656398773193359,-0.05537800118327141,1,0.9934359788894653,-0.061288926750421524,0.09658706933259964,0,-0.04331892728805542,0.5799071788787842,0.8135298490524292,0,-0.10587193071842194,-0.8123741149902344,0.5734457969665527,0,0.2446800023317337,-40.59540557861328,-0.517041027545929,1,0.9899079203605652,-0.1415383517742157,-0.007047995459288359,0,0.14156664907932281,0.9899221062660217,0.0036877302918583155,0,0.0064550056122243404,-0.004648270085453987,0.9999679923057556,0,-0.24467000365257263,-42.04800033569336,-2.05764102935791,1,0.9951379895210266,0.09843391925096512,-0.003284270642325282,0,-0.09827309101819992,0.9902019500732422,-0.09920729696750641,0,-0.006513270549476147,0.0990476980805397,0.9950609803199768,0,0.3733600080013275,-10.492193222045898,12.640664100646973,1
