2.933,30,88,67
B0,mixamorig_Hips,-1,0.9939680099487305,-0.0552930012345314,0.0947130024433136,0,0.06111999973654747,0.9963399767875671,-0.059762999415397644,0,-0.09106200188398361,0.06519100069999695,0.9937090277671814,0,0.262611985206604,98.99929809570312,-0.12597699463367462,1
B1,mixamorig_Spine,0,0.9987009763717651,0.04482800140976906,-0.024203000590205193,0,-0.043338000774383545,0.9973210096359253,0.05893699824810028,0,0.026781000196933746,-0.05781099945306778,0.9979680180549622,0,9.999999974752427e-7,9.92345905303955,-1.227334976196289,1
B2,mixamorig_Spine1,1,0.9996150135993958,0.02721099928021431,-0.0053530000150203705,0,-0.027098000049591064,0.9994279742240906,0.02025499939918518,0,0.0059009999968111515,-0.020103000104427338,0.9997810125350952,0,-0.00013899999612476677,11.645440101623535,-1.422340989112854,1
B3,mixamorig_Spine2,2,0.9996119737625122,0.027269000187516212,-0.005708000157028437,0,-0.027150999754667282,0.9994350075721741,0.01981399953365326,0,0.006244999822229147,-0.019650999456644058,0.9997869729995728,0,0.00009100000170292333,13.360203742980957,-1.6264599561691284,1
B4,mixamorig_Neck,3,0.9999679923057556,0.007708999793976545,0.001998000079765916,0,-0.00786800030618906,0.99515300989151,0.09802699834108353,0,-0.001231999951414764,-0.09803999960422516,0.9951819777488708,0,0.00002499999936844688,15.032490730285645,0.7929049730300903,1
B5,mixamorig_Head,4,0.9997079968452454,-0.004399999976158142,-0.023767000064253807,0,0.0012329999590292573,0.9912949800491333,-0.13165199756622314,0,0.024139000102877617,0.1315850019454956,0.9910110235214233,0,0.0000019999999949504854,10.321830749511719,3.1424291133880615,1
B6,mixamorig_HeadTop_End,5,1,0,0,0,0,1,0,0,0,0,1,0,0.0001539999939268455,18.474672317504883,6.636398792266846,1
B7,mixamorig_LeftEye,5,1,0,0,0,0,1,0,0,0,0,1,0,2.9479150772094727,7.681746006011963,9.120731353759766,1
B8,mixamorig_RightEye,5,1,0,0,0,0,1,0,0,0,0,1,0,-2.9444808959960938,7.681746006011963,9.120495796203613,1
B9,mixamorig_LeftShoulder,3,0.9320380091667175,-0.21875,0.28888198733329773,0,0.20361100137233734,0.9756249785423279,0.08184800297021866,0,-0.29974499344825745,-0.017465999349951744,0.9538599848747253,0,6.105823993682861,9.110424041748047,0.705551028251648,1
B10,mixamorig_LeftArm,9,0.32480400800704956,-0.9442369937896729,0.054023999720811844,0,0.8818169832229614,0.3229919970035553,0.3436200022697449,0,-0.3419080078601837,-0.06396900117397308,0.9375540018081665,0,12.655036926269531,-0.2659339904785156,-2.600922107696533,1
B11,mixamorig_LeftForeArm,10,0.999675989151001,0,0.025467999279499054,0,0,1,0,0,-0.025467999279499054,0,0.999675989151001,0,27.40468406677246,0.00003899999865097925,0.000007000000096013537,1
B12,mixamorig_LeftHand,11,0.9938939809799194,-0.07716800272464752,0.07886499911546707,0,0.1077359989285469,0.8330370187759399,-0.5426250100135803,0,-0.023824000731110573,0.5478079915046692,0.8362650275230408,0,27.614463806152344,0.000029000000722589903,0.000019999999494757503,1
B13,mixamorig_LeftHandMiddle1,12,0.9616649746894836,-0.2706089913845062,-0.04439900070428848,0,0.27025699615478516,0.9626880288124084,-0.013863000087440014,0,0.046493999660015106,0.0013330000219866633,0.9989179968833923,0,12.77552318572998,0.000012999999853491317,0.000019999999494757503,1
B14,mixamorig_LeftHandMiddle2,13,0.953764021396637,-0.2989940047264099,-0.03062400035560131,0,0.2989940047264099,0.9542440176010132,-0.004687000066041946,0,0.03062400035560131,-0.004687000066041946,0.9995200037956238,0,3.613970994949341,0.000003000000106112566,0.0000019999999949504854,1
B15,mixamorig_LeftHandMiddle3,14,0.9483060240745544,-0.3157060146331787,-0.032336000353097916,0,0.3157060146331787,0.9488419890403748,-0.005239999853074551,0,0.032336000353097916,-0.005239999853074551,0.9994630217552185,0,3.4597599506378174,9.999999974752427e-7,-0.000025999999706982635,1
B16,mixamorig_LeftHandMiddle4,15,1,0,0,0,0,1,0,0,0,0,1,0,3.680191993713379,0,0.00003300000025774352,1
B17,mixamorig_LeftHandThumb1,12,0.9957360029220581,0.08382000029087067,-0.03852200135588646,0,-0.08420100063085556,0.9964140057563782,-0.008375000208616257,0,0.03768099844455719,0.011583000421524048,0.999222993850708,0,3.7888100147247314,-2.166996955871582,3.0030879974365234,1
B18,mixamorig_LeftHandThumb2,17,0.8634459972381592,0.3713519871234894,-0.341405987739563,0,-0.26491498947143555,0.9097729921340942,0.3195819854736328,0,0.42927899956703186,-0.18549799919128418,0.883916974067688,0,3.675442934036255,-2.1220080852508545,2.12201189994812,1
B19,mixamorig_LeftHandThumb3,18,0.9856849908828735,0.1381089985370636,-0.09669499844312668,0,-0.15691499412059784,0.9612730145454407,-0.22656500339508057,0,0.06165999919176102,0.23849399387836456,0.9691839814186096,0,3.3943591117858887,-1.9597439765930176,1.959792971611023,1
B20,mixamorig_LeftHandThumb4,19,1,0,0,0,0,1,0,0,0,0,1,0,2.6794040203094482,-1.5469449758529663,1.5469199419021606,1
B21,mixamorig_LeftHandIndex1,12,0.9910899996757507,-0.13213999569416046,0.016735000535845757,0,0.13211800158023834,0.9912310242652893,0.002445999998599291,0,-0.016912000253796577,-0.00021399999968707561,0.9998570084571838,0,12.26661491394043,-0.23166899383068085,2.8220579624176025,1
B22,mixamorig_LeftHandIndex2,21,0.9539200067520142,-0.2984980046749115,-0.030573999509215355,0,0.2984980046749115,0.9543989896774292,-0.0046709999442100525,0,0.030573999509215355,-0.0046709999442100525,0.9995219707489014,0,3.8919670581817627,0.0000019999999949504854,0.00003899999865097925,1
B23,mixamorig_LeftHandIndex3,22,0.9900739789009094,-0.13981600105762482,-0.014321000315248966,0,0.13981600105762482,0.9901769757270813,-0.0010059999767690897,0,0.014321000315248966,-0.0010059999767690897,0.9998970031738281,0,3.415160894393921,9.999999974752427e-7,-0.000009000000318337698,1
B24,mixamorig_LeftHandIndex4,23,1,0,0,0,0,1,0,0,0,0,1,0,3.077986001968384,0,-0.000009000000318337698,1
B25,mixamorig_LeftHandRing1,12,0.9308590292930603,-0.36040300130844116,-0.060088999569416046,0,0.3598180115222931,0.9327939748764038,-0.020669000223279,0,0.06349900364875793,-0.002380999969318509,0.9979789853096008,0,12.147005081176758,0.00989499967545271,-2.2166290283203125,1
B26,mixamorig_LeftHandRing2,25,0.9335039854049683,-0.35670000314712524,-0.03653499856591225,0,0.35670000314712524,0.9341949820518494,-0.00674000009894371,0,0.03653499856591225,-0.00674000009894371,0.9993100166320801,0,3.6011910438537598,0.0000019999999949504854,0.000035000000934815034,1
B27,mixamorig_LeftHandRing3,26,0.951308012008667,-0.3066380023956299,-0.03140699863433838,0,0.3066380023956299,0.9518139958381653,-0.004935000091791153,0,0.03140699863433838,-0.004935000091791153,0.9994940161705017,0,3.307317018508911,0.000004999999873689376,-0.00002099999983329326,1
B28,mixamorig_LeftHandRing4,27,1,0,0,0,0,1,0,0,0,0,1,0,3.6601150035858154,0.000003000000106112566,0,1
B29,mixamorig_LeftHandPinky1,12,0.885807991027832,-0.4545310139656067,-0.09351400285959244,0,0.45383501052856445,0.8905869722366333,-0.02981499955058098,0,0.09683500230312347,-0.016029000282287598,0.9951710104942322,0,10.908194541931152,-0.22636500000953674,-4.725818157196045,1
B30,mixamorig_LeftHandPinky2,29,0.9537619948387146,-0.29899999499320984,-0.030625000596046448,0,0.29899999499320984,0.9542419910430908,-0.004687000066041946,0,0.030625000596046448,-0.004687000066041946,0.9995200037956238,0,4.136651992797852,0.0000019999999949504854,0.00002700000004551839,1
B31,mixamorig_LeftHandPinky3,30,0.9583839774131775,-0.28399500250816345,-0.02908799983561039,0,0.28399500250816345,0.9588159918785095,-0.004217999987304211,0,0.02908799983561039,-0.004217999987304211,0.999567985534668,0,2.5948359966278076,0,-0.00003600000127335079,1
B32,mixamorig_LeftHandPinky4,31,1,0,0,0,0,1,0,0,0,0,1,0,2.9238688945770264,9.999999974752427e-7,0.000018999999156221747,1
B33,mixamorig_RightShoulder,3,0.9327470064163208,0.2592419981956482,-0.2505530118942261,0,-0.24487799406051636,0.9656000137329102,0.08746799826622009,0,0.2646090090274811,-0.02023099921643734,0.9641429781913757,0,-6.105696201324463,9.110508918762207,0.7055630087852478,1
B34,mixamorig_RightArm,33,0.4594619870185852,0.8873519897460938,-0.038752999156713486,0,-0.758217990398407,0.4145750105381012,0.5032230019569397,0,0.46260198950767517,-0.2018290013074875,0.8632869720458984,0,-12.655040740966797,-0.2660210132598877,-2.600895881652832,1
B35,mixamorig_RightForeArm,34,0.9931830167770386,0,-0.11656200140714645,0,0,1,0,0,0.11656200140714645,0,0.9931830167770386,0,-27.40468406677246,0.00003300000025774352,0.000004999999873689376,1
B36,mixamorig_RightHand,35,0.9929609894752502,0.11393000185489655,-0.03237900137901306,0,-0.11810199916362762,0.9317020177841187,-0.3434869945049286,0,-0.008965999819338322,0.3448939919471741,0.9385989904403687,0,-27.614463806152344,0.00002300000051036477,0.000018000000636675395,1
B37,mixamorig_RightHandMiddle1,36,0.9652159810066223,0.2588900029659271,0.03653699904680252,0,-0.2586109936237335,0.9659039974212646,-0.012253000400960445,0,-0.03846300020813942,0.002377999946475029,0.9992570281028748,0,-12.77552318572998,0.000009000000318337698,0.000018000000636675395,1
B38,mixamorig_RightHandMiddle2,37,0.953764021396637,0.29956701397895813,0.02438800036907196,0,-0.29956701397895813,0.9540680050849915,-0.003739000065252185,0,-0.02438800036907196,-0.003739000065252185,0.9996960163116455,0,-3.613970994949341,0.000003000000106112566,0.000003000000106112566,1
B39,mixamorig_RightHandMiddle3,38,0.9483060240745544,0.3163110017776489,0.02575100027024746,0,-0.3163110017776489,0.9486460089683533,-0.0041809999383986,0,-0.02575100027024746,-0.0041809999383986,0.9996600151062012,0,-3.4597599506378174,0,-0.000025999999706982635,1
B40,mixamorig_RightHandMiddle4,39,1,0,0,0,0,1,0,0,0,0,1,0,-3.680191993713379,-9.999999974752427e-7,0.00003300000025774352,1
B41,mixamorig_RightHandThumb1,36,0.9972839951515198,-0.07346899807453156,0.005160999950021505,0,0.07358799874782562,0.9968730211257935,-0.02877799980342388,0,-0.003031000029295683,0.029079999774694443,0.9995729923248291,0,-3.788809061050415,-2.1669979095458984,3.003087043762207,1
B42,mixamorig_RightHandThumb2,41,0.8334569931030273,-0.3760940134525299,0.40484899282455444,0,0.2409919947385788,0.9066929817199707,0.3461669981479645,0,-0.49726399779319763,-0.19095000624656677,0.8463249802589417,0,-3.675442934036255,-2.122009038925171,2.12201189994812,1
B43,mixamorig_RightHandThumb3,42,0.9736260175704956,-0.19568300247192383,0.1173039972782135,0,0.219542995095253,0.9434630274772644,-0.2483530044555664,0,-0.062073998153209686,0.26755601167678833,0.9615409970283508,0,-3.394357919692993,-1.95974600315094,1.959792971611023,1
B44,mixamorig_RightHandThumb4,43,1,0,0,0,0,1,0,0,0,0,1,0,-2.6794040203094482,-1.5469460487365723,1.5469199419021606,1
B45,mixamorig_RightHandIndex1,36,0.9926750063896179,0.11882899701595306,-0.021800000220537186,0,-0.11878500133752823,0.9929149746894836,0.003286000108346343,0,0.022035999223589897,-0.0006719999946653843,0.9997569918632507,0,-12.266615867614746,-0.231673002243042,2.8220560550689697,1
B46,mixamorig_RightHandIndex2,45,0.9539200067520142,0.29907000064849854,0.02434699982404709,0,-0.29907000064849854,0.9542239904403687,-0.0037269999738782644,0,-0.02434699982404709,-0.0037269999738782644,0.9996970295906067,0,-3.8919670581817627,0,0.000037999998312443495,1
B47,mixamorig_RightHandIndex3,46,0.9900739789009094,0.14008399844169617,0.011404000222682953,0,-0.14008399844169617,0.9901390075683594,-0.0008030000026337802,0,-0.011404000222682953,-0.0008030000026337802,0.99993497133255,0,-3.415160894393921,0,-0.000009000000318337698,1
B48,mixamorig_RightHandIndex4,47,1,0,0,0,0,1,0,0,0,0,1,0,-3.077986001968384,-9.999999974752427e-7,-0.000009000000318337698,1
B49,mixamorig_RightHandRing1,36,0.9356210231781006,0.3493820130825043,0.050443001091480255,0,-0.348906010389328,0.9369800090789795,-0.018244000151753426,0,-0.053638000041246414,-0.0005300000193528831,0.9985600113868713,0,-12.147004127502441,0.009890999644994736,-2.2166309356689453,1
B50,mixamorig_RightHandRing2,49,0.9335060119628906,0.3573789894580841,0.029093999415636063,0,-0.3573789894580841,0.9339439868927002,-0.005377999972552061,0,-0.029093999415636063,-0.005377999972552061,0.9995620250701904,0,-3.6011910438537598,0,0.000035000000934815034,1
B51,mixamorig_RightHandRing3,50,0.9513120055198669,0.30721399188041687,0.02501000091433525,0,-0.30721399188041687,0.951632022857666,-0.003938000183552504,0,-0.02501000091433525,-0.003938000183552504,0.9996790289878845,0,-3.307317018508911,0.000003999999989900971,-0.00002099999983329326,1
B52,mixamorig_RightHandRing4,51,1,0,0,0,0,1,0,0,0,0,1,0,-3.6601150035858154,0.0000019999999949504854,9.999999974752427e-7,1
B53,mixamorig_RightHandPinky1,36,0.8918870091438293,0.44475799798965454,0.08202700316905975,0,-0.4441690146923065,0.8955569863319397,-0.026304999366402626,0,-0.08516000211238861,-0.012972000055015087,0.9962829947471619,0,-10.908193588256836,-0.2263689935207367,-4.725820064544678,1
B54,mixamorig_RightHandPinky2,53,0.9537619948387146,0.29957300424575806,0.02438800036907196,0,-0.29957300424575806,0.9540659785270691,-0.003739000065252185,0,-0.02438800036907196,-0.0037400000728666782,0.9996960163116455,0,-4.136651992797852,0,0.000025999999706982635,1
B55,mixamorig_RightHandPinky3,54,0.9583839774131775,0.28453999757766724,0.02316400036215782,0,-0.28453999757766724,0.95865797996521,-0.0033660000190138817,0,-0.02316400036215782,-0.0033660000190138817,0.9997259974479675,0,-2.5948359966278076,-9.999999974752427e-7,-0.000037000001611886546,1
B56,mixamorig_RightHandPinky4,55,1,0,0,0,0,1,0,0,0,0,1,0,-2.9238688945770264,9.999999974752427e-7,0.000018999999156221747,1
B57,mixamorig_RightUpLeg,0,0.981902003288269,0.05661600083112717,0.18073099851608276,0,-0.06043799966573715,0.9980480074882507,0.01570199988782406,0,-0.17948900163173676,-0.026340000331401825,0.9834070205688477,0,-9.1244535446167,-6.656397819519043,-0.05537800118327141,1
B58,mixamorig_RightLeg,57,0.9839000105857849,-0.07479999959468842,0.16231200098991394,0,0.056359000504016876,0.991720974445343,0.11538500338792801,0,-0.1695989966392517,-0.10437999665737152,0.9799699783325195,0,-0.2446800023317337,-40.595436096191406,-0.5145279765129089,1
B59,mixamorig_RightFoot,58,0.998179018497467,0.05485299974679947,0.025078000500798225,0,-0.05327500030398369,0.9967889785766602,-0.05977499857544899,0,-0.028277000412344933,0.058329999446868896,0.9978970289230347,0,0.24466900527477264,-42.04787063598633,-2.0602309703826904,1
B60,mixamorig_RightToeBase,59,1,0,0,0,0,0.9919319748878479,-0.12676799297332764,0,0,0.12676799297332764,0.9919319748878479,0,-0.3733600080013275,-10.492194175720215,12.640663146972656,1
B61,mixamorig_RightToe_End,60,1,0,0,0,0,1,0,0,0,0,1,0,0,0,9.992521286010742,1
B62,mixamorig_LeftUpLeg,0,0.951777994632721,0.12717700004577637,-0.2791849970817566,0,-0.1731410026550293,0.9739239811897278,-0.14660899341106415,0,0.25325900316238403,0.18787799775600433,0.9489790201187134,0,9.124452590942383,-6.656398773193359,-0.05537800118327141,1
B63,mixamorig_LeftLeg,62,0.9966779947280884,0.0794370025396347,-0.017969999462366104,0,-0.07326500117778778,0.9708600044250488,0.22817499935626984,0,0.03557199984788895,-0.22609999775886536,0.9734539985656738,0,0.2446800023317337,-40.59540557861328,-0.517041027545929,1
B64,mixamorig_LeftFoot,63,0.9919130206108093,-0.1264050006866455,-0.011388000100851059,0,0.1265529990196228,0.9918699860572815,0.013383000157773495,0,0.009603999555110931,-0.01471600029617548,0.9998459815979004,0,-0.24467000365257263,-42.04800033569336,-2.05764102935791,1
B65,mixamorig_LeftToeBase,64,1,0,0,0,0,0.9963170289993286,-0.08574800193309784,0,0,0.08574800193309784,0.9963170289993286,0,0.3733600080013275,-10.492193222045898,12.640664100646973,1
B66,mixamorig_LeftToe_End,65,1,0,0,0,0,1,0,0,0,0,1,0,0,9.999999974752427e-7,9.992521286010742,1
@52,0,1,2,3,4,5,9,10,11,12,13,14,15,17,18,19,21,22,23,25,26,27,29,30,31,33,34,35,36,37,38,39,41,42,43,45,46,47,49,50,51,53,54,55,57,58,59,60,62,63,64,65
K0.000,0.9939679503440857,-0.055293187499046326,0.09471309185028076,0,0.061119817197322845,0.9963400363922119,-0.05976284295320511,0,-0.09106191247701645,0.06519115716218948,0.9937090277671814,0,0.262611985206604,98.99929809570312,-0.12597699463367462,1,0.9987009167671204,0.0448281355202198,-0.024203412234783173,0,-0.0433378703892231,0.9973210096359253,0.05893675237894058,0,0.026780592277646065,-0.057811249047517776,0.9979680180549622,0,9.999999974752427e-7,9.92345905303955,-1.227334976196289,1,0.9996150135993958,0.027211278676986694,-0.005352941807359457,0,-0.02709772065281868,0.9994280338287354,0.020255420356988907,0,0.005901057738810778,-0.020102577283978462,0.9997810125350952,0,-0.00013899999612476677,11.645440101623535,-1.422340989112854,1,0.9996119737625122,0.02726898342370987,-0.005707962438464165,0,-0.027151014655828476,0.9994349479675293,0.019813837483525276,0,0.006245037075132132,-0.01965116150677204,0.9997869729995728,0,0.00009100000170292333,13.360203742980957,-1.6264599561691284,1,0.9999679923057556,0.007709143217653036,0.0019976941403001547,0,-0.00786785688251257,0.99515300989151,0.09802719950675964,0,-0.001232306007295847,-0.09803979843854904,0.9951819777488708,0,0.00002499999936844688,15.032490730285645,0.7929049730300903,1,0.9997079372406006,-0.0043999492190778255,-0.023766811937093735,0,0.0012330508325248957,0.9912949204444885,-0.1316523551940918,0,0.02413919009268284,0.13158464431762695,0.9910110831260681,0,0.0000019999999949504854,10.321830749511719,3.1424291133880615,1,0.9320380091667175,-0.21874983608722687,0.2888820469379425,0,0.20361119508743286,0.9756249785423279,0.08184808492660522,0,-0.29974493384361267,-0.017465921118855476,0.9538599848747253,0,6.105823993682861,9.110424041748047,0.705551028251648,1,0.3248039186000824,-0.9442370533943176,0.05402420461177826,0,0.8818170428276062,0.3229924142360687,0.34361952543258667,0,-0.3419078588485718,-0.06396953016519547,0.9375540614128113,0,12.655036926269531,-0.2659339904785156,-2.600922107696533,1,0.999675989151001,0,0.025467999279499054,0,0,1,0,0,-0.025467999279499054,0,0.999675989151001,0,27.40468406677246,0.00003899999865097925,0.000007000000096013537,1,0.9938939809799194,-0.07716815918684006,0.0788649246096611,0,0.10773584246635437,0.833037257194519,-0.5426247119903564,0,-0.02382407896220684,0.5478082895278931,0.8362648487091064,0,27.614463806152344,0.000029000000722589903,0.000019999999494757503,1,0.9616649746894836,-0.270609050989151,-0.04439902678132057,0,0.270256906747818,0.9626880288124084,-0.013863296248018742,0,0.046493977308273315,0.001332704327069223,0.9989180564880371,0,12.77552318572998,0.000012999999853491317,0.000019999999494757503,1,0.953764021396637,-0.2989940047264099,-0.03062400594353676,0,0.2989940047264099,0.9542440176010132,-0.004686538130044937,0,0.030623991042375565,-0.004686538130044937,0.9995200037956238,0,3.613970994949341,0.000003000000106112566,0.0000019999999949504854,1,0.9483060240745544,-0.3157061040401459,-0.03233600780367851,0,0.31570589542388916,0.9488420486450195,-0.0052397665567696095,0,0.03233599290251732,-0.005239767022430897,0.9994630217552185,0,3.4597599506378174,9.999999974752427e-7,-0.000025999999706982635,1,0.9957360029220581,0.08381995558738708,-0.03852156549692154,0,-0.08420103043317795,0.9964139461517334,-0.00837507750838995,0,0.03768143430352211,0.01158292219042778,0.9992230534553528,0,3.7888100147247314,-2.166996955871582,3.0030879974365234,1,0.8634459376335144,0.3713523745536804,-0.3414057195186615,0,-0.2649145722389221,0.9097731709480286,0.3195817470550537,0,0.42927929759025574,-0.18549825251102448,0.8839167952537537,0,3.675442934036255,-2.1220080852508545,2.12201189994812,1,0.9856849312782288,0.13810928165912628,-0.0966951921582222,0,-0.15691469609737396,0.9612731337547302,-0.2265646904706955,0,0.061659809201955795,0.23849430680274963,0.9691839218139648,0,3.3943591117858887,-1.9597439765930176,1.959792971611023,1,0.9910899996757507,-0.13214024901390076,0.016735242679715157,0,0.13211774826049805,0.9912310242652893,0.0024464100133627653,0,-0.016911758109927177,-0.00021358986850827932,0.9998569488525391,0,12.26661491394043,-0.23166899383068085,2.8220579624176025,1,0.9539200067520142,-0.29849791526794434,-0.03057398833334446,0,0.2984980642795563,0.9543989300727844,-0.004670753609389067,0,0.0305740125477314,-0.004670754075050354,0.9995219707489014,0,3.8919670581817627,0.0000019999999949504854,0.00003899999865097925,1,0.9900739192962646,-0.13981600105762482,-0.014320999383926392,0,0.13981600105762482,0.9901769757270813,-0.0010061460779979825,0,0.01432100124657154,-0.0010061460779979825,0.9998970627784729,0,3.415160894393921,9.999999974752427e-7,-0.000009000000318337698,1,0.9308590292930603,-0.36040303111076355,-0.06008857861161232,0,0.3598179519176483,0.9327939748764038,-0.020669013261795044,0,0.06349942088127136,-0.0023810132406651974,0.9979789853096008,0,12.147005081176758,0.00989499967545271,-2.2166290283203125,1,0.9335039854049683,-0.3566998839378357,-0.03653498739004135,0,0.3567000925540924,0.9341949224472046,-0.006740113254636526,0,0.03653501346707344,-0.006740113720297813,0.9993100166320801,0,3.6011910438537598,0.0000019999999949504854,0.000035000000934815034,1,0.9513080716133118,-0.3066379427909851,-0.031407006084918976,0,0.30663809180259705,0.9518140554428101,-0.004935447592288256,0,0.031406987458467484,-0.004935447592288256,0.9994940161705017,0,3.307317018508911,0.000004999999873689376,-0.00002099999983329326,1,0.8858081102371216,-0.4545307755470276,-0.09351436048746109,0,0.45383524894714355,0.890586793422699,-0.029815392568707466,0,0.09683465212583542,-0.016029393300414085,0.9951710104942322,0,10.908194541931152,-0.22636500000953674,-4.725818157196045,1,0.9537619352340698,-0.29899999499320984,-0.030625006183981895,0,0.29899999499320984,0.9542419910430908,-0.004686790518462658,0,0.03062499314546585,-0.004686790518462658,0.999519944190979,0,4.136651992797852,0.0000019999999949504854,0.00002700000004551839,1,0.9583839774131775,-0.28399500250816345,-0.029087992385029793,0,0.28399497270584106,0.9588159918785095,-0.004218196030706167,0,0.029088005423545837,-0.004218196030706167,0.9995679259300232,0,2.5948359966278076,0,-0.00003600000127335079,1,0.9327470064163208,0.2592422664165497,-0.25055280327796936,0,-0.24487772583961487,0.9656000733375549,0.08746815472841263,0,0.2646091878414154,-0.020230844616889954,0.964142918586731,0,-6.105696201324463,9.110508918762207,0.7055630087852478,1,0.4594619870185852,0.8873520493507385,-0.03875298053026199,0,-0.7582179307937622,0.4145747125148773,0.5032232999801636,0,0.46260198950767517,-0.20182868838310242,0.863287091255188,0,-12.655040740966797,-0.2660210132598877,-2.600895881652832,1,0.9931830167770386,0,-0.11656199395656586,0,0,1,0,0,0.11656199395656586,0,0.9931830167770386,0,-27.40468406677246,0.00003300000025774352,0.000004999999873689376,1,0.9929609894752502,0.11393006145954132,-0.03237898275256157,0,-0.11810194700956345,0.9317018389701843,-0.34348738193511963,0,-0.008965980261564255,0.34489360451698303,0.9385991096496582,0,-27.614463806152344,0.00002300000051036477,0.000018000000636675395,1,0.9652159810066223,0.2588901221752167,0.036536805331707,0,-0.2586108446121216,0.9659039974212646,-0.01225301343947649,0,-0.038463201373815536,0.0023779873736202717,0.9992570281028748,0,-12.77552318572998,0.000009000000318337698,0.000018000000636675395,1,0.953764021396637,0.2995670735836029,0.02438800036907196,0,-0.29956695437431335,0.9540680646896362,-0.0037393663078546524,0,-0.02438800036907196,-0.0037393663078546524,0.9996960759162903,0,-3.613970994949341,0.000003000000106112566,0.000003000000106112566,1,0.9483059644699097,0.3163110613822937,0.02575099468231201,0,-0.31631097197532654,0.9486460089683533,-0.00418072147294879,0,-0.025751003995537758,-0.00418072147294879,0.9996600151062012,0,-3.4597599506378174,0,-0.000025999999706982635,1,0.997283935546875,-0.07346916198730469,0.005161221604794264,0,0.0735878273844719,0.9968730211257935,-0.028778163716197014,0,-0.0030307781416922808,0.02907983399927616,0.9995729923248291,0,-3.788809061050415,-2.1669979095458984,3.003087043762207,1,0.8334572315216064,-0.3760940134525299,0.4048486053943634,0,0.24099203944206238,0.9066929817199707,0.34616705775260925,0,-0.4972643554210663,-0.19094997644424438,0.8463248014450073,0,-3.675442934036255,-2.122009038925171,2.12201189994812,1,0.9736259579658508,-0.19568312168121338,0.1173042356967926,0,0.21954286098480225,0.9434630274772644,-0.24835288524627686,0,-0.06207374483346939,0.2675561308860779,0.9615409970283508,0,-3.394357919692993,-1.95974600315094,1.959792971611023,1,0.9926750659942627,0.11882872134447098,-0.021800003945827484,0,-0.11878527700901031,0.9929149150848389,0.0032857938203960657,0,0.0220359954982996,-0.0006722061662003398,0.999756932258606,0,-12.266615867614746,-0.231673002243042,2.8220560550689697,1,0.9539200067520142,0.29906991124153137,0.024346988648176193,0,-0.2990700900554657,0.9542239904403687,-0.0037265901919454336,0,-0.024347009137272835,-0.0037265897262841463,0.9996969699859619,0,-3.8919670581817627,0,0.000037999998312443495,1,0.9900739192962646,0.14008401334285736,0.011403998360037804,0,-0.14008396863937378,0.9901390075683594,-0.0008027430158108473,0,-0.011404002085328102,-0.0008027430740185082,0.9999350309371948,0,-3.415160894393921,0,-0.000009000000318337698,1,0.9356210231781006,0.34938207268714905,0.05044285207986832,0,-0.3489059507846832,0.9369800090789795,-0.018244177103042603,0,-0.05363814905285835,-0.0005301766796037555,0.9985600113868713,0,-12.147004127502441,0.009890999644994736,-2.2166309356689453,1,0.9335060119628906,0.3573789596557617,0.029093999415636063,0,-0.3573790192604065,0.9339439868927002,-0.005377580877393484,0,-0.029093999415636063,-0.005377580877393484,0.9995620250701904,0,-3.6011910438537598,0,0.000035000000934815034,1,0.9513120055198669,0.30721405148506165,0.025010008364915848,0,-0.3072139024734497,0.951632022857666,-0.003937566187232733,0,-0.025009991601109505,-0.00393756665289402,0.9996790289878845,0,-3.307317018508911,0.000003999999989900971,-0.00002099999983329326,1,0.8918869495391846,0.4447580873966217,0.08202731609344482,0,-0.44416895508766174,0.8955571055412292,-0.02630547247827053,0,-0.08515967428684235,-0.012972472235560417,0.9962829947471619,0,-10.908193588256836,-0.2263689935207367,-4.725820064544678,1,0.9537619948387146,0.29957306385040283,0.02438807673752308,0,-0.2995729446411133,0.9540659785270691,-0.003738944884389639,0,-0.02438792586326599,-0.003739945124834776,0.9996960759162903,0,-4.136651992797852,0,0.000025999999706982635,1,0.9583839774131775,0.28453999757766724,0.023163996636867523,0,-0.28453999757766724,0.9586579203605652,-0.003365573938935995,0,-0.02316400408744812,-0.003365573938935995,0.9997259974479675,0,-2.5948359966278076,-9.999999974752427e-7,-0.000037000001611886546,1,0.9819020628929138,0.05661647021770477,0.1807308942079544,0,-0.06043752282857895,0.9980480670928955,0.015701621770858765,0,-0.1794891208410263,-0.026340380311012268,0.9834070205688477,0,-9.1244535446167,-6.656397819519043,-0.05537800118327141,1,0.9839000105857849,-0.07479964196681976,0.16231198608875275,0,0.05635934695601463,0.9917209148406982,0.11538524180650711,0,-0.1695989966392517,-0.10437975823879242,0.9799700379371643,0,-0.2446800023317337,-40.595436096191406,-0.5145279765129089,1,0.998179018497467,0.05485309287905693,0.02507833205163479,0,-0.053274914622306824,0.9967889785766602,-0.059774916619062424,0,-0.02827667072415352,0.058330077677965164,0.9978970289230347,0,0.24466900527477264,-42.04787063598633,-2.0602309703826904,1,1,0,0,0,0,0.9919319748878479,-0.12676799297332764,0,0,0.12676799297332764,0.9919319748878479,0,-0.3733600080013275,-10.492194175720215,12.640663146972656,1,0.9517781138420105,0.12717701494693756,-0.2791846692562103,0,-0.1731409728527069,0.973923921585083,-0.14660921692848206,0,0.2532593011856079,0.18787774443626404,0.9489789605140686,0,9.124452590942383,-6.656398773193359,-0.05537800118327141,1,0.9966780543327332,0.07943686097860336,-0.017970090731978416,0,-0.07326514273881912,0.9708600044250488,0.2281748652458191,0,0.03557191044092178,-0.2261001169681549,0.9734539985656738,0,0.2446800023317337,-40.59540557861328,-0.517041027545929,1,0.9919130802154541,-0.12640491127967834,-0.01138812955468893,0,0.12655308842658997,0.9918700456619263,0.01338301133364439,0,0.00960386823862791,-0.014715990051627159,0.9998459219932556,0,-0.24467000365257263,-42.04800033569336,-2.05764102935791,1,1,0,0,0,0,0.9963169693946838,-0.08574799448251724,0,0,0.08574799448251724,0.9963169693946838,0,0.3733600080013275,-10.492193222045898,12.640664100646973,1
