8.567,30,257,67
B0,mixamorig_Hips,-1,0.9997280240058899,-0.02224596031010151,0.0069733476266264915,0,0.022568022832274437,0.9984880089759827,-0.050128139555454254,0,-0.005847652908414602,0.05027185380458832,0.9987180233001709,0,0.020848000422120094,97.72522735595703,0.48307299613952637,1
B1,mixamorig_Spine,0,0.9999859929084778,0.002490050159394741,0.004630180541425943,0,-0.0026079437229782343,0.9996680021286011,0.02563263662159443,0,-0.004564819857478142,-0.025644365698099136,0.9996610879898071,0,9.999999974752427e-7,9.92345905303955,-1.227334976196289,1
B2,mixamorig_Spine1,1,0.9991679787635803,0.0036531209480017424,0.04061589762568474,0,-0.004742873832583427,0.9996299743652344,0.026766814291477203,0,-0.04050310328602791,-0.026937192305922508,0.9988160133361816,0,-0.00013899999612476677,11.645440101623535,-1.422340989112854,1
B3,mixamorig_Spine2,2,0.9991679787635803,0.004558611661195755,0.04051804542541504,0,-0.005638400558382273,0.9996310472488403,0.026575319468975067,0,-0.04038194939494133,-0.026781665161252022,0.9988250136375427,0,0.00009100000170292333,13.360203742980957,-1.6264599561691284,1
B4,mixamorig_Neck,3,0.9995399117469788,-0.023592935875058174,-0.019079048186540604,0,0.02350606396794319,0.9997119903564453,-0.0047638327814638615,0,0.019185952842235565,0.0043131690472364426,0.9998070001602173,0,0.00002499999936844688,15.032490730285645,0.7929049730300903,1
B5,mixamorig_Head,4,0.997530996799469,0.06564171612262726,0.024948611855506897,0,-0.06749430298805237,0.9942960739135742,0.08258399367332458,0,-0.019385358318686485,-0.08406402170658112,0.9962720274925232,0,0.0000019999999949504854,10.321830749511719,3.1424291133880615,1
B6,mixamorig_HeadTop_End,5,1,0,0,0,0,1,0,0,0,0,1,0,0.0001539999939268455,18.474672317504883,6.636398792266846,1
B7,mixamorig_LeftEye,5,1,0,0,0,0,1,0,0,0,0,1,0,2.9479150772094727,7.681746006011963,9.120731353759766,1
B8,mixamorig_RightEye,5,1,0,0,0,0,1,0,0,0,0,1,0,-2.9444808959960938,7.681746006011963,9.120495796203613,1
B9,mixamorig_LeftShoulder,3,0.9951000809669495,-0.021201223134994507,-0.09656884521245956,0,0.020993784070014954,0.9997749328613281,-0.0031639121007174253,0,0.09661416709423065,0.0011210633674636483,0.9953209757804871,0,6.105823993682861,9.110424041748047,0.705551028251648,1
B10,mixamorig_LeftArm,9,0.34920310974121094,-0.9359389543533325,0.045549992471933365,0,0.8535130023956299,0.33775991201400757,0.39677903056144714,0,-0.38674595952033997,-0.09967894107103348,0.9167829751968384,0,12.655036926269531,-0.2659339904785156,-2.600922107696533,1
B11,mixamorig_LeftForeArm,10,0.8420320749282837,0,0.5394269824028015,0,0,1,0,0,-0.5394269824028015,0,0.8420320749282837,0,27.40468406677246,0.00003899999865097925,0.000007000000096013537,1
B12,mixamorig_LeftHand,11,0.9588279128074646,-0.18028514087200165,-0.21942195296287537,0,0.19391880929470062,0.9801139831542969,0.04208686947822571,0,0.20747102797031403,-0.0829041600227356,0.9747219681739807,0,27.614463806152344,0.000029000000722589903,0.000019999999494757503,1
B13,mixamorig_LeftHandMiddle1,12,0.8788369297981262,-0.47251808643341064,-0.06612353771924973,0,0.47277989983558655,0.8810900449752808,-0.012620924040675163,0,0.06422443687915802,-0.02017015591263771,0.9977319836616516,0,12.77552318572998,0.000012999999853491317,0.000019999999494757503,1
B14,mixamorig_LeftHandMiddle2,13,0.8953110575675964,-0.44223588705062866,-0.053345922380685806,0,0.4422360956668854,0.8968129754066467,-0.012447291053831577,0,0.0533459410071373,-0.012447290122509003,0.9984989762306213,0,3.613970994949341,0.000003000000106112566,0.0000019999999949504854,1
B15,mixamorig_LeftHandMiddle3,14,0.9782909154891968,-0.20574702322483063,-0.02481897547841072,0,0.20574694871902466,0.9786019325256348,-0.002581231528893113,0,0.02481897361576557,-0.0025812324602156878,0.999688982963562,0,3.4597599506378174,9.999999974752427e-7,-0.000025999999706982635,1
B16,mixamorig_LeftHandMiddle4,15,1,0,0,0,0,1,0,0,0,0,1,0,3.680191993713379,0,0.00003300000025774352,1
B17,mixamorig_LeftHandThumb1,12,0.9739460349082947,0.10979975759983063,-0.1984291821718216,0,-0.13186515867710114,0.9860460162162781,-0.10160768777132034,0,0.18450374901294708,0.12512625753879547,0.9748340249061584,0,3.7888100147247314,-2.166996955871582,3.0030879974365234,1
B18,mixamorig_LeftHandThumb2,17,0.9641770720481873,0.0789216086268425,-0.25324779748916626,0,-0.037535421550273895,0.9857000112533569,0.16427481174468994,0,0.26259124279022217,-0.14888426661491394,0.9533518552780151,0,3.675442934036255,-2.1220080852508545,2.12201189994812,1
B19,mixamorig_LeftHandThumb3,18,0.9969310164451599,0.051435887813568115,-0.05900871753692627,0,-0.05116211622953415,0.9986709952354431,0.006141924299299717,0,0.05924628674983978,-0.0031040676403790712,0.9982389211654663,0,3.3943591117858887,-1.9597439765930176,1.959792971611023,1
B20,mixamorig_LeftHandThumb4,19,1,0,0,0,0,1,0,0,0,0,1,0,2.6794040203094482,-1.5469449758529663,1.5469199419021606,1
B21,mixamorig_LeftHandIndex1,12,0.9297011494636536,-0.3668864965438843,-0.0324031263589859,0,0.3668144643306732,0.9302568435668945,-0.008358798921108246,0,0.03320996090769768,-0.004114750772714615,0.99944007396698,0,12.26661491394043,-0.23166899383068085,2.8220579624176025,1
B22,mixamorig_LeftHandIndex2,21,0.7877489924430847,-0.6115630269050598,-0.07377099990844727,0,0.611562967300415,0.7907930612564087,-0.025235988199710846,0,0.07377100735902786,-0.025235993787646294,0.9969559907913208,0,3.8919670581817627,0.0000019999999949504854,0.00003899999865097925,1
B23,mixamorig_LeftHandIndex3,22,0.9647430181503296,-0.2612989544868469,-0.03152000904083252,0,0.2612990438938141,0.9652490615844727,-0.004191971849650145,0,0.03152000159025192,-0.004191969521343708,0.9994940161705017,0,3.415160894393921,9.999999974752427e-7,-0.000009000000318337698,1
B24,mixamorig_LeftHandIndex4,23,1,0,0,0,0,1,0,0,0,0,1,0,3.077986001968384,0,-0.000009000000318337698,1
B25,mixamorig_LeftHandRing1,12,0.8055820465087891,-0.5868008136749268,-0.08186401426792145,0,0.5873250961303711,0.809101939201355,-0.020070986822247505,0,0.07801400870084763,-0.03191196545958519,0.9964410066604614,0,12.147005081176758,0.00989499967545271,-2.2166290283203125,1
B26,mixamorig_LeftHandRing2,25,0.9589830636978149,-0.2814250588417053,-0.033948011696338654,0,0.28142493963241577,0.9595710039138794,-0.004876926075667143,0,0.033948007971048355,-0.004876927472651005,0.9994120597839355,0,3.6011910438537598,0.0000019999999949504854,0.000035000000934815034,1
B27,mixamorig_LeftHandRing3,26,0.9924669861793518,-0.12163000553846359,-0.014672020450234413,0,0.121629998087883,0.9925749897956848,-0.0008956523961387575,0,0.014672021381556988,-0.0008956525125540793,0.9998919367790222,0,3.307317018508911,0.000004999999873689376,-0.00002099999983329326,1
B28,mixamorig_LeftHandRing4,27,1,0,0,0,0,1,0,0,0,0,1,0,3.6601150035858154,0.000003000000106112566,0,1
B29,mixamorig_LeftHandPinky1,12,0.6986790895462036,-0.6990099549293518,-0.152420774102211,0,0.7033370137214661,0.7101089358329773,-0.03258296474814415,0,0.13101118803024292,-0.08443813771009445,0.9877779483795166,0,10.908194541931152,-0.22636500000953674,-4.725818157196045,1
B30,mixamorig_LeftHandPinky2,29,0.9360609650611877,-0.35094600915908813,0.025026977062225342,0,0.350600004196167,0.9363670349121094,0.017232632264494896,0,-0.029482148587703705,-0.007356335408985615,0.999538004398346,0,4.136651992797852,0.0000019999999949504854,0.00002700000004551839,1
B31,mixamorig_LeftHandPinky3,30,0.9995189905166626,-0.03078499808907509,-0.0037139970809221268,0,0.030785001814365387,0.9995260238647461,-0.00005718145985156298,0,0.0037139973137527704,-0.00005718145621358417,0.9999930262565613,0,2.5948359966278076,0,-0.00003600000127335079,1
B32,mixamorig_LeftHandPinky4,31,1,0,0,0,0,1,0,0,0,0,1,0,2.9238688945770264,9.999999974752427e-7,0.000018999999156221747,1
B33,mixamorig_RightShoulder,3,0.9982479810714722,0.008524772711098194,-0.0585579052567482,0,-0.007372239138931036,0.9997749924659729,0.019869767129421234,0,0.05871409550309181,-0.01940324530005455,0.9980859756469727,0,-6.105696201324463,9.110508918762207,0.7055630087852478,1
B34,mixamorig_RightArm,33,0.3506729304790497,0.9316730499267578,-0.09494278579950333,0,-0.8578580021858215,0.3602362275123596,0.3664819300174713,0,0.3756430745124817,-0.04706786572933197,0.9255679845809937,0,-12.655040740966797,-0.2660210132598877,-2.600895881652832,1
B35,mixamorig_RightForeArm,34,0.8380380868911743,0,-0.5456119775772095,0,0,1,0,0,0.5456119775772095,0,0.8380380868911743,0,-27.40468406677246,0.00003300000025774352,0.000004999999873689376,1
B36,mixamorig_RightHand,35,0.9761159420013428,0.023947736248373985,0.2159251868724823,0,-0.017130233347415924,0.9992960691452026,-0.03339019790291786,0,-0.21657279133796692,0.028893860056996346,0.9758390784263611,0,-27.614463806152344,0.00002300000051036477,0.000018000000636675395,1
B37,mixamorig_RightHandMiddle1,36,0.9433959126472473,0.31811094284057617,0.09385927766561508,0,-0.3188380300998688,0.9477789402008057,-0.0075471056625247,0,-0.09135869145393372,-0.02280600555241108,0.9955570101737976,0,-12.77552318572998,0.000009000000318337698,0.000018000000636675395,1
B38,mixamorig_RightHandMiddle2,37,0.8203490376472473,0.5676669478416443,0.06914998590946198,0,-0.5676670074462891,0.8229759931564331,-0.02156408689916134,0,-0.06914997100830078,-0.021564079448580742,0.9973729848861694,0,-3.613970994949341,0.000003000000106112566,0.000003000000106112566,1
B39,mixamorig_RightHandMiddle3,38,0.9915300011634827,0.12892599403858185,0.015696071088314056,0,-0.1285569965839386,0.9914439916610718,-0.02260364592075348,0,-0.018475975841283798,0.020394358783960342,0.9996209740638733,0,-3.4597599506378174,0,-0.000025999999706982635,1
B40,mixamorig_RightHandMiddle4,39,1,0,0,0,0,1,0,0,0,0,1,0,-3.680191993713379,-9.999999974752427e-7,0.00003300000025774352,1
B41,mixamorig_RightHandThumb1,36,0.9645879864692688,-0.13091130554676056,0.22898077964782715,0,0.11632562428712845,0.990289032459259,0.07613619416952133,0,-0.2367241531610489,-0.046803709119558334,0.970448911190033,0,-3.788809061050415,-2.1669979095458984,3.003087043762207,1
B42,mixamorig_RightHandThumb2,41,0.9854339361190796,-0.052095577120780945,0.16188226640224457,0,0.02687840536236763,0.9876699447631836,0.15422530472278595,0,-0.167920783162117,-0.14762777090072632,0.9746841192245483,0,-3.675442934036255,-2.122009038925171,2.12201189994812,1
B43,mixamorig_RightHandThumb3,42,0.9973510503768921,-0.05661184340715408,0.04567525535821915,0,0.05684817209839821,0.9983749985694885,-0.003891364438459277,0,-0.04538075625896454,0.006477613467723131,0.9989489912986755,0,-3.394357919692993,-1.95974600315094,1.959792971611023,1
B44,mixamorig_RightHandThumb4,43,1,0,0,0,0,1,0,0,0,0,1,0,-2.6794040203094482,-1.5469460487365723,1.5469199419021606,1
B45,mixamorig_RightHandIndex1,36,0.9812110662460327,0.1674967259168625,0.09575606137514114,0,-0.16803526878356934,0.9857779145240784,-0.0024699210189282894,0,-0.09480796009302139,-0.013666887767612934,0.9954019784927368,0,-12.266615867614746,-0.231673002243042,2.8220560550689697,1
B46,mixamorig_RightHandIndex2,45,0.7491640448570251,0.6575238704681396,0.08009611070156097,0,-0.6575241088867188,0.7528319954872131,-0.03010874055325985,0,-0.08009609580039978,-0.030108725652098656,0.9963319897651672,0,-3.8919670581817627,0,0.000037999998312443495,1
B47,mixamorig_RightHandIndex3,46,0.9828780889511108,0.18290702998638153,0.022280974313616753,0,-0.18290695548057556,0.983128011226654,-0.0020552671048790216,0,-0.022280974313616753,-0.0020552680362015963,0.999750018119812,0,-3.415160894393921,0,-0.000009000000318337698,1
B48,mixamorig_RightHandIndex4,47,1,0,0,0,0,1,0,0,0,0,1,0,-3.077986001968384,-9.999999974752427e-7,-0.000009000000318337698,1
B49,mixamorig_RightHandRing1,36,0.8739298582077026,0.4826311469078064,0.05755797401070595,0,-0.48254281282424927,0.8757200837135315,-0.016352878883481026,0,-0.05829707160592079,-0.013482916168868542,0.9982079863548279,0,-12.147004127502441,0.009890999644994736,-2.2166309356689453,1
B50,mixamorig_RightHandRing2,49,0.9050760865211487,0.42212799191474915,0.051421962678432465,0,-0.42212799191474915,0.9064639806747437,-0.01139411423355341,0,-0.051421988755464554,-0.011394120752811432,0.9986119866371155,0,-3.6011910438537598,0,0.000035000000934815034,1
B51,mixamorig_RightHandRing3,50,0.9945500493049622,0.10348979383707047,0.012679962441325188,0,-0.10318221151828766,0.9943990111351013,-0.022892050445079803,0,-0.014978038147091866,0.0214589461684227,0.9996579885482788,0,-3.307317018508911,0.000003999999989900971,-0.00002099999983329326,1
B52,mixamorig_RightHandRing4,51,1,0,0,0,0,1,0,0,0,0,1,0,-3.6601150035858154,0.0000019999999949504854,9.999999974752427e-7,1
B53,mixamorig_RightHandPinky1,36,0.7927488684654236,0.6067491173744202,0.0583459846675396,0,-0.6064668297767639,0.7947320938110352,-0.02445903792977333,0,-0.06120997667312622,-0.015995042398571968,0.997996985912323,0,-10.908193588256836,-0.2263689935207367,-4.725820064544678,1
B54,mixamorig_RightHandPinky2,53,0.9452230334281921,0.3240300118923187,0.039471980184316635,0,-0.3240300118923187,0.9460239410400391,-0.006575135514140129,0,-0.03947197645902634,-0.006575135514140129,0.9991989731788635,0,-4.136651992797852,0,0.000025999999706982635,1
B55,mixamorig_RightHandPinky3,54,0.9976450204849243,0.06807997822761536,0.008293009363114834,0,-0.06808001548051834,0.9976800680160522,-0.00028262691921554506,0,-0.008293015882372856,-0.0002826270356308669,0.999966025352478,0,-2.5948359966278076,-9.999999974752427e-7,-0.000037000001611886546,1
B56,mixamorig_RightHandPinky4,55,1,0,0,0,0,1,0,0,0,0,1,0,-2.9238688945770264,9.999999974752427e-7,0.000018999999156221747,1
B57,mixamorig_RightUpLeg,0,0.9757599830627441,-0.06373494863510132,0.20935595035552979,0,0.09361211955547333,0.986268937587738,-0.13605131208896637,0,-0.19781003892421722,0.15235167741775513,0.9683279991149902,0,-9.1244535446167,-6.656397819519043,-0.05537800118327141,1
B58,mixamorig_RightLeg,57,0.9960869550704956,-0.054852381348609924,0.06929799169301987,0,0.02709861472249031,0.9358799457550049,0.351275235414505,0,-0.08412286639213562,-0.3480227589607239,0.933704137802124,0,-0.2446800023317337,-40.595436096191406,-0.5145279765129089,1
B59,mixamorig_RightFoot,58,0.9913550019264221,0.12179578840732574,0.048785991966724396,0,-0.11383620649576187,0.9833379983901978,-0.14172783493995667,0,-0.06523504853248596,0.13494914770126343,0.9887030124664307,0,0.24466900527477264,-42.04787063598633,-2.0602309703826904,1
B60,mixamorig_RightToeBase,59,1,0,0,0,0,1,0,0,0,0,1,0,-0.3733600080013275,-10.492194175720215,12.640663146972656,1
B61,mixamorig_RightToe_End,60,1,0,0,0,0,1,0,0,0,0,1,0,0,0,9.992521286010742,1
B62,mixamorig_LeftUpLeg,0,0.994379997253418,0.0517553836107254,-0.09235568344593048,0,-0.06569363921880722,0.9857420921325684,-0.15491175651550293,0,0.08302133530378342,0.160108283162117,0.9836018681526184,0,9.124452590942383,-6.656398773193359,-0.05537800118327141,1
B63,mixamorig_LeftLeg,62,0.9866639375686646,0.08599036931991577,-0.13819904625415802,0,-0.020904749631881714,0.9089722633361816,0.4163335859775543,0,0.1614198088645935,-0.4078923761844635,0.8986478447914124,0,0.2446800023317337,-40.59540557861328,-0.517041027545929,1
B64,mixamorig_LeftFoot,63,0.9903020858764648,-0.10154903680086136,-0.0948096513748169,0,0.08000089973211288,0.9747599959373474,-0.20842692255973816,0,0.11358233541250229,0.19882097840309143,0.9734319448471069,0,-0.24467000365257263,-42.04800033569336,-2.05764102935791,1
B65,mixamorig_LeftToeBase,64,1,0,0,0,0,0.9999970197677612,-0.0026369993574917316,0,0,0.0026369993574917316,0.9999970197677612,0,0.3733600080013275,-10.492193222045898,12.640664100646973,1
B66,mixamorig_LeftToe_End,65,1,0,0,0,0,1,0,0,0,0,1,0,0,9.999999974752427e-7,9.992521286010742,1
@52,0,1,2,3,4,5,9,10,11,12,13,14,15,17,18,19,21,22,23,25,26,27,29,30,31,33,34,35,36,37,38,39,41,42,43,45,46,47,49,50,51,53,54,55,57,58,59,60,62,63,64,65
K0.000,0.9997280240058899,-0.022245967760682106,0.0069733476266264915,0,0.022568030282855034,0.9984880089759827,-0.05012814328074455,0,-0.005847652442753315,0.050271857529878616,0.9987180233001709,0,0.020848000422120094,97.72522735595703,0.48307299613952637,1,0.9999859929084778,0.002490053419023752,0.004630180541425943,0,-0.0026079469826072454,0.9996680021286011,0.02563263662159443,0,-0.004564819857478142,-0.025644365698099136,0.9996610879898071,0,9.999999974752427e-7,9.92345905303955,-1.227334976196289,1,0.9991679787635803,0.003653123741969466,0.04061589762568474,0,-0.004742876160889864,0.9996299743652344,0.026766810566186905,0,-0.04050310328602791,-0.02693718858063221,0.9988160133361816,0,-0.00013899999612476677,11.645440101623535,-1.422340989112854,1,0.9991679787635803,0.004558605141937733,0.04051804915070534,0,-0.005638394504785538,0.9996310472488403,0.026575328782200813,0,-0.04038195312023163,-0.026781674474477768,0.9988250136375427,0,0.00009100000170292333,13.360203742980957,-1.6264599561691284,1,0.9995399117469788,-0.023592935875058174,-0.019079048186540604,0,0.02350606396794319,0.9997119903564453,-0.004763831850141287,0,0.019185952842235565,0.004313168115913868,0.9998070001602173,0,0.00002499999936844688,15.032490730285645,0.7929049730300903,1,0.997530996799469,0.06564170867204666,0.02494862675666809,0,-0.06749429553747177,0.9942960739135742,0.08258397877216339,0,-0.01938537321984768,-0.08406401425600052,0.9962720274925232,0,0.0000019999999949504854,10.321830749511719,3.1424291133880615,1,0.9951000809669495,-0.02120121940970421,-0.09656885266304016,0,0.020993780344724655,0.9997749328613281,-0.0031639242079108953,0,0.09661417454481125,0.0011210758239030838,0.9953209757804871,0,6.105823993682861,9.110424041748047,0.705551028251648,1,0.34920310974121094,-0.9359390139579773,0.04555003345012665,0,0.8535130620002747,0.33775991201400757,0.39677906036376953,0,-0.38674598932266235,-0.09967894107103348,0.9167829751968384,0,12.655036926269531,-0.2659339904785156,-2.600922107696533,1,0.8420320153236389,0,0.5394270420074463,0,0,1,0,0,-0.5394270420074463,0,0.8420320153236389,0,27.40468406677246,0.00003899999865097925,0.000007000000096013537,1,0.9588279128074646,-0.18028515577316284,-0.21942195296287537,0,0.19391882419586182,0.9801139831542969,0.042086854577064514,0,0.20747102797031403,-0.0829041451215744,0.9747219681739807,0,27.614463806152344,0.000029000000722589903,0.000019999999494757503,1,0.8788369297981262,-0.47251808643341064,-0.06612351536750793,0,0.47277989983558655,0.8810900449752808,-0.01262104231864214,0,0.064224474132061,-0.020170042291283607,0.9977319836616516,0,12.77552318572998,0.000012999999853491317,0.000019999999494757503,1,0.8953110575675964,-0.44223591685295105,-0.05334599316120148,0,0.44223612546920776,0.8968129754066467,-0.01244730781763792,0,0.05334600806236267,-0.01244730781763792,0.9984989762306213,0,3.613970994949341,0.000003000000106112566,0.0000019999999949504854,1,0.9782909154891968,-0.20574703812599182,-0.02481899969279766,0,0.20574696362018585,0.9786019325256348,-0.0025812345556914806,0,0.02481899783015251,-0.0025812347885221243,0.999688982963562,0,3.4597599506378174,9.999999974752427e-7,-0.000025999999706982635,1,0.9739460349082947,0.10979979485273361,-0.19842921197414398,0,-0.13186520338058472,0.9860460162162781,-0.10160771012306213,0,0.18450377881526947,0.12512628734111786,0.9748340249061584,0,3.7888100147247314,-2.166996955871582,3.0030879974365234,1,0.9641770720481873,0.0789215937256813,-0.25324779748916626,0,-0.037535410374403,0.9857000112533569,0.16427476704120636,0,0.26259124279022217,-0.14888422191143036,0.9533519148826599,0,3.675442934036255,-2.1220080852508545,2.12201189994812,1,0.9969310164451599,0.051435887813568115,-0.05900871753692627,0,-0.05116211622953415,0.9986709952354431,0.006141928490251303,0,0.05924628674983978,-0.003104071831330657,0.9982389211654663,0,3.3943591117858887,-1.9597439765930176,1.959792971611023,1,0.9297011494636536,-0.36688652634620667,-0.03240308538079262,0,0.3668144941329956,0.9302568435668945,-0.008358766324818134,0,0.0332099087536335,-0.004114766139537096,0.99944007396698,0,12.26661491394043,-0.23166899383068085,2.8220579624176025,1,0.7877489924430847,-0.6115630865097046,-0.07377099245786667,0,0.6115630269050598,0.7907930016517639,-0.025235990062355995,0,0.07377099990844727,-0.025235990062355995,0.9969559907913208,0,3.8919670581817627,0.0000019999999949504854,0.00003899999865097925,1,0.9647430181503296,-0.2612989544868469,-0.03152000531554222,0,0.2612990438938141,0.9652490615844727,-0.00419197091832757,0,0.031519997864961624,-0.00419197091832757,0.9994940161705017,0,3.415160894393921,9.999999974752427e-7,-0.000009000000318337698,1,0.8055821061134338,-0.5868008136749268,-0.08186399936676025,0,0.5873250961303711,0.809101939201355,-0.02007097192108631,0,0.07801399379968643,-0.03191197291016579,0.9964410066604614,0,12.147005081176758,0.00989499967545271,-2.2166290283203125,1,0.9589830636978149,-0.2814250588417053,-0.03394800052046776,0,0.28142493963241577,0.9595710039138794,-0.004876924678683281,0,0.03394799679517746,-0.0048769256100058556,0.9994120597839355,0,3.6011910438537598,0.0000019999999949504854,0.000035000000934815034,1,0.9924669861793518,-0.121629998087883,-0.014671999961137772,0,0.1216299906373024,0.9925749897956848,-0.0008956511737778783,0,0.014672000892460346,-0.0008956511155702174,0.9998919367790222,0,3.307317018508911,0.000004999999873689376,-0.00002099999983329326,1,0.6986790895462036,-0.6990100145339966,-0.1524207592010498,0,0.7033370733261108,0.7101088762283325,-0.03258306533098221,0,0.1310112476348877,-0.08443807065486908,0.9877779483795166,0,10.908194541931152,-0.22636500000953674,-4.725818157196045,1,0.9360609650611877,-0.35094600915908813,0.02502691000699997,0,0.350600004196167,0.9363670349121094,0.017232635989785194,0,-0.02948208712041378,-0.007356362883001566,0.999538004398346,0,4.136651992797852,0.0000019999999949504854,0.00002700000004551839,1,0.9995189905166626,-0.03078499808907509,-0.0037140001077204943,0,0.030785001814365387,0.9995260238647461,-0.00005718150350730866,0,0.003714000340551138,-0.00005718150350730866,0.9999930262565613,0,2.5948359966278076,0,-0.00003600000127335079,1,0.9982479810714722,0.008524766191840172,-0.0585579052567482,0,-0.007372232619673014,0.9997749924659729,0.019869759678840637,0,0.05871409550309181,-0.019403239712119102,0.9980859756469727,0,-6.105696201324463,9.110508918762207,0.7055630087852478,1,0.35067275166511536,0.9316731095314026,-0.09494274109601974,0,-0.8578579425811768,0.3602360486984253,0.36648207902908325,0,0.37564322352409363,-0.047067902982234955,0.9255679249763489,0,-12.655040740966797,-0.2660210132598877,-2.600895881652832,1,0.8380380868911743,0,-0.5456119775772095,0,0,1,0,0,0.5456119775772095,0,0.8380380868911743,0,-27.40468406677246,0.00003300000025774352,0.000004999999873689376,1,0.9761159420013428,0.02394775114953518,0.2159251868724823,0,-0.017130251973867416,0.9992960691452026,-0.03339017182588577,0,-0.21657279133796692,0.02889382839202881,0.9758390784263611,0,-27.614463806152344,0.00002300000051036477,0.000018000000636675395,1,0.9433959126472473,0.31811094284057617,0.09385929256677628,0,-0.31883805990219116,0.9477789402008057,-0.0075470576994121075,0,-0.09135869145393372,-0.02280605584383011,0.9955570101737976,0,-12.77552318572998,0.000009000000318337698,0.000018000000636675395,1,0.8203490376472473,0.5676669478416443,0.06915000826120377,0,-0.5676670074462891,0.8229759931564331,-0.021564088761806488,0,-0.06914999336004257,-0.021564090624451637,0.9973729848861694,0,-3.613970994949341,0.000003000000106112566,0.000003000000106112566,1,0.9915300011634827,0.12892599403858185,0.015696046873927116,0,-0.1285569965839386,0.9914439916610718,-0.02260364219546318,0,-0.018475951626896858,0.020394356921315193,0.9996209740638733,0,-3.4597599506378174,0,-0.000025999999706982635,1,0.9645879864692688,-0.13091136515140533,0.22898082435131073,0,0.11632566899061203,0.990289032459259,0.0761362612247467,0,-0.23672421276569366,-0.046803757548332214,0.970448911190033,0,-3.788809061050415,-2.1669979095458984,3.003087043762207,1,0.9854339361190796,-0.05209558084607124,0.16188225150108337,0,0.026878416538238525,0.9876699447631836,0.15422526001930237,0,-0.1679207682609558,-0.14762772619724274,0.9746841192245483,0,-3.675442934036255,-2.122009038925171,2.12201189994812,1,0.9973510503768921,-0.056611839681863785,0.04567524790763855,0,0.05684817209839821,0.9983749985694885,-0.003891375847160816,0,-0.04538074880838394,0.0064776246435940266,0.9989489912986755,0,-3.394357919692993,-1.95974600315094,1.959792971611023,1,0.9812110662460327,0.1674967259168625,0.09575605392456055,0,-0.16803526878356934,0.9857779145240784,-0.0024699026253074408,0,-0.0948079451918602,-0.013666903600096703,0.9954019784927368,0,-12.266615867614746,-0.231673002243042,2.8220560550689697,1,0.7491640448570251,0.6575238704681396,0.08009600639343262,0,-0.6575241088867188,0.7528319954872131,-0.03010869398713112,0,-0.08009598404169083,-0.03010869212448597,0.996332049369812,0,-3.8919670581817627,0,0.000037999998312443495,1,0.9828780889511108,0.18290704488754272,0.022281000390648842,0,-0.18290697038173676,0.983128011226654,-0.002055270131677389,0,-0.022281000390648842,-0.002055270131677389,0.999750018119812,0,-3.415160894393921,0,-0.000009000000318337698,1,0.8739298582077026,0.4826311469078064,0.05755794420838356,0,-0.48254281282424927,0.8757200837135315,-0.01635289005935192,0,-0.0582970529794693,-0.013482891023159027,0.9982079863548279,0,-12.147004127502441,0.009890999644994736,-2.2166309356689453,1,0.9050760865211487,0.42212799191474915,0.051421988755464554,0,-0.42212799191474915,0.9064639806747437,-0.011394123546779156,0,-0.05142201483249664,-0.011394123546779156,0.9986119866371155,0,-3.6011910438537598,0,0.000035000000934815034,1,0.9945500493049622,0.10348979383707047,0.012679962441325188,0,-0.10318221151828766,0.9943990111351013,-0.022892052307724953,0,-0.014978038147091866,0.021458948031067848,0.9996579885482788,0,-3.307317018508911,0.000003999999989900971,-0.00002099999983329326,1,0.7927488684654236,0.6067491173744202,0.05834599584341049,0,-0.6064668297767639,0.7947320938110352,-0.024459045380353928,0,-0.061209991574287415,-0.015995044261217117,0.997996985912323,0,-10.908193588256836,-0.2263689935207367,-4.725820064544678,1,0.9452229738235474,0.3240300416946411,0.039472002536058426,0,-0.3240300416946411,0.9460239410400391,-0.006575139705091715,0,-0.03947199881076813,-0.006575140170753002,0.9991989731788635,0,-4.136651992797852,0,0.000025999999706982635,1,0.9976450204849243,0.06807997822761536,0.008292997255921364,0,-0.06808001548051834,0.9976800680160522,-0.0002826265408657491,0,-0.008293003775179386,-0.0002826265699695796,0.999966025352478,0,-2.5948359966278076,-9.999999974752427e-7,-0.000037000001611886546,1,0.9757599830627441,-0.06373491138219833,0.2093559354543686,0,0.09361208230257034,0.986268937587738,-0.13605131208896637,0,-0.19781002402305603,0.15235166251659393,0.968328058719635,0,-9.1244535446167,-6.656397819519043,-0.05537800118327141,1,0.9960869550704956,-0.05485239997506142,0.06929805874824524,0,0.027098605409264565,0.9358799457550049,0.351275235414505,0,-0.08412294089794159,-0.3480227589607239,0.933704137802124,0,-0.2446800023317337,-40.595436096191406,-0.5145279765129089,1,0.9913550019264221,0.12179578095674515,0.048785969614982605,0,-0.11383620649576187,0.9833379983901978,-0.14172783493995667,0,-0.06523502618074417,0.13494914770126343,0.9887030124664307,0,0.24466900527477264,-42.04787063598633,-2.0602309703826904,1,1,0,0,0,0,1,0,0,0,0,1,0,-0.3733600080013275,-10.492194175720215,12.640663146972656,1,0.994379997253418,0.05175537243485451,-0.09235566854476929,0,-0.06569362431764603,0.9857420921325684,-0.15491172671318054,0,0.08302132040262222,0.16010825335979462,0.9836018681526184,0,9.124452590942383,-6.656398773193359,-0.05537800118327141,1,0.9866639375686646,0.08599031716585159,-0.13819913566112518,0,-0.0209046620875597,0.9089722037315369,0.4163335859775543,0,0.1614198535680771,-0.4078923761844635,0.8986478447914124,0,0.2446800023317337,-40.59540557861328,-0.517041027545929,1,0.9903020858764648,-0.10154906660318375,-0.0948096513748169,0,0.08000092953443527,0.9747599959373474,-0.20842695236206055,0,0.11358235031366348,0.19882100820541382,0.9734319448471069,0,-0.24467000365257263,-42.04800033569336,-2.05764102935791,1,1,0,0,0,0,0.9999970197677612,-0.002636999823153019,0,0,0.002636999823153019,0.9999970197677612,0,0.3733600080013275,-10.492193222045898,12.640664100646973,1
