<?xml version="1.0" encoding="utf-8"?>
<COLLADA xmlns="http://www.collada.org/2005/11/COLLADASchema" version="1.4.1">
  <asset><contributor><author>Mixamo</author><authoring_tool>COLLADA Mixamo exporter</authoring_tool><comments></comments></contributor><created>2018-05-17T10:43:59Z</created><modified>2018-05-17T10:43:59Z</modified><revision></revision><title></title><unit meter="0.010000"/><up_axis>Y_UP</up_axis></asset>
  <library_animations>
    <animation id="mixamorig_Hips-anim" name="mixamorig_Hips"><source id="mixamorig_Hips-Matrix-animation-input"><float_array id="mixamorig_Hips-Matrix-animation-input-array" count="38">

0.000000 0.033333 0.066667 0.100000 0.133333 0.166667 0.200000 0.233333 0.266667 0.300000 0.333333 0.366667 0.400000 0.433333 0.466667 0.500000
0.533333 0.566667 0.600000 0.633333 0.666667 0.700000 0.733333 0.766667 0.800000 0.833333 0.866667 0.900000 0.933333 0.966667 1.000000 1.033333
1.066667 1.100000 1.133333 1.166667 1.200000 1.233333</float_array><technique_common><accessor source="#mixamorig_Hips-Matrix-animation-input-array" count="38"><param name="TIME" type="float"/></accessor></technique_common></source><source id="mixamorig_Hips-Matrix-animation-output-transform"><float_array id="mixamorig_Hips-Matrix-animation-output-transform-array" count="608">

0.998350 -0.024154 0.052093 -4.733190 0.040532 0.939053 -0.341376 94.239990 -0.040672 0.342924 0.938482 -0.474755 0.000000 0.000000 0.000000 1.000000
0.998334 -0.021174 0.053666 -4.529899 0.038211 0.939608 -0.340114 95.180191 -0.043223 0.341598 0.938852 0.974390 0.000000 0.000000 0.000000 1.000000
0.998580 -0.019381 0.049626 -4.187488 0.035056 0.940458 -0.338097 95.852791 -0.040118 0.339356 0.939802 2.466110 0.000000 0.000000 0.000000 1.000000
0.999004 -0.018443 0.040621 -3.696467 0.031048 0.941282 -0.336190 96.206985 -0.032036 0.337116 0.940918 3.983909 0.000000 0.000000 0.000000 1.000000
0.999451 -0.016584 0.028693 -3.080134 0.025271 0.941492 -0.336086 96.244659 -0.021440 0.336626 0.941394 5.503451 0.000000 0.000000 0.000000 1.000000
0.999803 -0.013611 0.014451 -2.348461 0.017695 0.941040 -0.337832 95.934128 -0.009001 0.338021 0.941096 7.009815 0.000000 0.000000 0.000000 1.000000
0.999951 -0.009814 -0.001248 -1.525403 0.008804 0.940301 -0.340231 95.287331 0.004513 0.340203 0.940341 8.513636 0.000000 0.000000 0.000000 1.000000
0.999835 -0.005535 -0.017305 -0.638728 -0.000712 0.939802 -0.341719 94.356834 0.018155 0.341675 0.939643 10.038714 0.000000 0.000000 0.000000 1.000000
0.999469 -0.001353 -0.032546 0.287521 -0.009867 0.939618 -0.342083 93.244347 0.031043 0.342222 0.939106 11.598977 0.000000 0.000000 0.000000 1.000000
0.998935 0.002213 -0.046092 1.248535 -0.017845 0.939662 -0.341637 92.081680 0.042555 0.342096 0.938701 13.215276 0.000000 0.000000 0.000000 1.000000
0.998399 0.003796 -0.056433 2.224097 -0.022796 0.940123 -0.340072 91.019043 0.051763 0.340814 0.938705 14.898064 0.000000 0.000000 0.000000 1.000000
0.997989 0.003829 -0.063276 3.173167 -0.024988 0.941115 -0.337163 90.199120 0.058259 0.338066 0.939317 16.639755 0.000000 0.000000 0.000000 1.000000
0.997775 0.003076 -0.066599 4.022964 -0.025168 0.942402 -0.333533 89.701050 0.061737 0.334468 0.940383 18.416483 0.000000 0.000000 0.000000 1.000000
0.997805 0.003367 -0.066138 4.704095 -0.025093 0.943455 -0.330549 89.584236 0.061286 0.331483 0.941469 20.200390 0.000000 0.000000 0.000000 1.000000
0.998047 0.006290 -0.062147 5.193835 -0.026447 0.943892 -0.329193 89.876068 0.056589 0.330194 0.942215 21.951874 0.000000 0.000000 0.000000 1.000000
0.998369 0.011903 -0.055838 5.511417 -0.029675 0.943717 -0.329420 90.558289 0.048774 0.330540 0.942531 23.631950 0.000000 0.000000 0.000000 1.000000
0.998593 0.019280 -0.049394 5.683004 -0.034570 0.943073 -0.330785 91.545204 0.040204 0.332027 0.942413 25.206444 0.000000 0.000000 0.000000 1.000000
0.998663 0.025847 -0.044759 5.715842 -0.039291 0.942276 -0.332523 92.686882 0.033580 0.333837 0.942033 26.679256 0.000000 0.000000 0.000000 1.000000
0.998654 0.030400 -0.042016 5.614961 -0.042722 0.941534 -0.334197 93.844925 0.029400 0.335543 0.941566 28.088116 0.000000 0.000000 0.000000 1.000000
0.998832 0.029665 -0.038135 5.328526 -0.040843 0.940093 -0.338464 94.848045 0.025810 0.339626 0.940206 29.470915 0.000000 0.000000 0.000000 1.000000
0.999194 0.023877 -0.032283 4.875212 -0.033578 0.937747 -0.345691 95.599350 0.022020 0.346497 0.937793 30.855062 0.000000 0.000000 0.000000 1.000000
0.999494 0.016951 -0.026904 4.341071 -0.025336 0.935785 -0.351659 96.140083 0.019215 0.352163 0.935741 32.146000 0.000000 0.000000 0.000000 1.000000
0.999621 0.011906 -0.024833 3.756330 -0.019895 0.935687 -0.352269 96.373062 0.019042 0.352629 0.935569 33.456024 0.000000 0.000000 0.000000 1.000000
0.999721 0.006756 -0.022616 3.073712 -0.014275 0.936124 -0.351381 96.287163 0.018798 0.351606 0.935959 34.766773 0.000000 0.000000 0.000000 1.000000
0.999855 0.000691 -0.017005 2.284634 -0.006613 0.936439 -0.350767 95.889183 0.015681 0.350829 0.936308 36.081879 0.000000 0.000000 0.000000 1.000000
0.999965 -0.005286 -0.006551 1.405101 0.002662 0.936866 -0.349678 95.194786 0.007986 0.349648 0.936847 37.423683 0.000000 0.000000 0.000000 1.000000
0.999924 -0.009501 0.007852 0.469583 0.011638 0.937582 -0.347570 94.255264 -0.004060 0.347635 0.937621 38.794743 0.000000 0.000000 0.000000 1.000000
0.999652 -0.011541 0.023716 -0.487078 0.019018 0.938423 -0.344965 93.147369 -0.018274 0.345296 0.938316 40.183464 0.000000 0.000000 0.000000 1.000000
0.999182 -0.011782 0.038674 -1.441163 0.024337 0.939137 -0.342679 91.958542 -0.032283 0.343340 0.938656 41.596619 0.000000 0.000000 0.000000 1.000000
0.998726 -0.010037 0.049450 -2.347641 0.026329 0.939682 -0.341034 90.828148 -0.043044 0.341901 0.938750 43.028053 0.000000 0.000000 0.000000 1.000000
0.998472 -0.007839 0.054695 -3.155125 0.025978 0.940254 -0.339481 89.961510 -0.048766 0.340383 0.939021 44.477936 0.000000 0.000000 0.000000 1.000000
0.998481 -0.007399 0.054600 -3.823297 0.025451 0.940826 -0.337932 89.553986 -0.048868 0.338808 0.939585 45.948811 0.000000 0.000000 0.000000 1.000000
0.998650 -0.010082 0.050957 -4.329544 0.026710 0.941026 -0.337278 89.689552 -0.044552 0.338183 0.940025 47.423710 0.000000 0.000000 0.000000 1.000000
0.998789 -0.015057 0.046829 -4.666705 0.030028 0.940665 -0.338006 90.262589 -0.038961 0.339003 0.939978 48.852192 0.000000 0.000000 0.000000 1.000000
0.998801 -0.020673 0.044381 -4.844206 0.034546 0.939916 -0.339654 91.112259 -0.034693 0.340779 0.939503 50.208561 0.000000 0.000000 0.000000 1.000000
0.998683 -0.025246 0.044659 -4.895709 0.038996 0.939221 -0.341090 92.106194 -0.033333 0.342382 0.938969 51.518990 0.000000 0.000000 0.000000 1.000000
0.998504 -0.026526 0.047812 -4.855692 0.041305 0.938900 -0.341704 93.181831 -0.035826 0.343167 0.938591 52.835365 0.000000 0.000000 0.000000 1.000000
0.998350 -0.024154 0.052093 -4.733190 0.040532 0.939053 -0.341376 94.239990 -0.040672 0.342924 0.938482 54.199245 0.000000 0.000000 0.000000 1.000000</float_array><technique_common><accessor source="#mixamorig_Hips-Matrix-animation-output-transform-array" count="38" stride="16"><param type="float4x4"/></accessor></technique_common></source><source id="mixamorig_Hips-Interpolations"><Name_array id="mixamorig_Hips-Interpolations-array" count="38">
 LINEAR LINEAR LINEAR LINEAR LINEAR LINEAR LINEAR LINEAR LINEAR LINEAR LINEAR
LINEAR LINEAR LINEAR LINEAR LINEAR LINEAR LINEAR LINEAR LINEAR LINEAR LINEAR LINEAR
LINEAR LINEAR LINEAR LINEAR LINEAR LINEAR LINEAR LINEAR LINEAR LINEAR LINEAR LINEAR
LINEAR LINEAR LINEAR</Name_array><technique_common><accessor source="#mixamorig_Hips-Interpolations-array" count="38"><param type="name"/></accessor></technique_common></source><sampler id="mixamorig_Hips-Matrix-animation-transform"><input semantic="INPUT" source="#mixamorig_Hips-Matrix-animation-input"/><input semantic="OUTPUT" source="#mixamorig_Hips-Matrix-animation-output-transform"/><input semantic="INTERPOLATION" source="#mixamorig_Hips-Interpolations"/></sampler><channel source="#mixamorig_Hips-Matrix-animation-transform" target="mixamorig_Hips/matrix"/></animation>
    <animation id="mixamorig_Spine-anim" name="mixamorig_Spine"><source id="mixamorig_Spine-Matrix-animation-input"><float_array id="mixamorig_Spine-Matrix-animation-input-array" count="38">

0.000000 0.033333 0.066667 0.100000 0.133333 0.166667 0.200000 0.233333 0.266667 0.300000 0.333333 0.366667 0.400000 0.433333 0.466667 0.500000
0.533333 0.566667 0.600000 0.633333 0.666667 0.700000 0.733333 0.766667 0.800000 0.833333 0.866667 0.900000 0.933333 0.966667 1.000000 1.033333
1.066667 1.100000 1.133333 1.166667 1.200000 1.233333</float_array><technique_common><accessor source="#mixamorig_Spine-Matrix-animation-input-array" count="38"><param name="TIME" type="float"/></accessor></technique_common></source><source id="mixamorig_Spine-Matrix-animation-output-transform"><float_array id="mixamorig_Spine-Matrix-animation-output-transform-array" count="608">

0.997912 0.014426 0.062954 0.000000 -0.001137 0.978508 -0.206204 9.923500 -0.064575 0.205702 0.976482 -1.227300 0.000000 0.000000 0.000000 1.000000
0.997797 0.015130 0.064588 0.000000 -0.001806 0.979479 -0.201540 9.923500 -0.066312 0.200980 0.977348 -1.227300 0.000000 0.000000 0.000000 1.000000
0.997550 0.017151 0.067827 -0.000000 -0.003349 0.980079 -0.198581 9.923500 -0.069882 0.197867 0.977735 -1.227300 0.000000 0.000000 0.000000 1.000000
0.997197 0.019846 0.072142 -0.000000 -0.005236 0.980327 -0.197312 9.923500 -0.074639 0.196381 0.977683 -1.227300 0.000000 0.000000 0.000000 1.000000
0.996779 0.021465 0.077274 0.000000 -0.005914 0.980565 -0.196103 9.923500 -0.079981 0.195015 0.977534 -1.227300 0.000000 0.000000 0.000000 1.000000
0.996361 0.021558 0.082457 -0.000000 -0.005091 0.980806 -0.194917 9.923500 -0.085077 0.193788 0.977347 -1.227300 0.000000 0.000000 0.000000 1.000000
0.996049 0.020270 0.086456 -0.000000 -0.003056 0.980848 -0.194753 9.923500 -0.088748 0.193719 0.977035 -1.227300 0.000000 0.000000 0.000000 1.000000
0.995936 0.017792 0.088286 0.000000 -0.000067 0.980436 -0.196837 9.923500 -0.090061 0.196031 0.976453 -1.227300 0.000000 0.000000 0.000000 1.000000
0.995956 0.014786 0.088621 0.000000 0.003334 0.979602 -0.200919 9.923500 -0.089784 0.200402 0.975591 -1.227300 0.000000 0.000000 0.000000 1.000000
0.996002 0.011806 0.088551 -0.000000 0.006735 0.978485 -0.206209 9.923500 -0.089080 0.205980 0.974493 -1.227300 0.000000 0.000000 0.000000 1.000000
0.996074 0.010027 0.087955 -0.000000 0.008891 0.977211 -0.212083 9.923500 -0.088077 0.212032 0.973285 -1.227300 0.000000 0.000000 0.000000 1.000000
0.996257 0.008458 0.086022 -0.000000 0.010541 0.975886 -0.218027 9.923500 -0.085792 0.218118 0.972144 -1.227300 0.000000 0.000000 0.000000 1.000000
0.996635 0.005937 0.081747 0.000000 0.012501 0.974695 -0.223190 9.923500 -0.081003 0.223461 0.971341 -1.227300 0.000000 0.000000 0.000000 1.000000
0.997150 0.000955 0.075437 0.000000 0.016187 0.973926 -0.226290 9.923500 -0.073686 0.226866 0.971135 -1.227300 0.000000 0.000000 0.000000 1.000000
0.997584 -0.006704 0.069150 0.000000 0.022283 0.973624 -0.227070 9.923500 -0.065804 0.228062 0.971420 -1.227300 0.000000 0.000000 0.000000 1.000000
0.997787 -0.015937 0.064553 0.000000 0.030181 0.973627 -0.226139 9.923500 -0.059247 0.227587 0.971954 -1.227300 0.000000 0.000000 0.000000 1.000000
0.997724 -0.025281 0.062515 0.000000 0.038724 0.973766 -0.224234 9.923500 -0.055206 0.226144 0.972528 -1.227300 0.000000 0.000000 0.000000 1.000000
0.997552 -0.032704 0.061813 0.000000 0.045679 0.974011 -0.221845 9.923500 -0.052951 0.224125 0.973121 -1.227300 0.000000 0.000000 0.000000 1.000000
0.997406 -0.038140 0.061053 0.000000 0.050672 0.974379 -0.219131 9.923500 -0.051131 0.221656 0.973783 -1.227300 0.000000 0.000000 0.000000 1.000000
0.997393 -0.039350 0.060492 0.000000 0.051467 0.975466 -0.214050 9.923500 -0.050585 0.216605 0.974948 -1.227300 0.000000 0.000000 0.000000 1.000000
0.997528 -0.035883 0.060425 0.000000 0.047665 0.977282 -0.206514 9.923500 -0.051642 0.208884 0.976576 -1.227300 0.000000 0.000000 0.000000 1.000000
0.997753 -0.031092 0.059357 0.000000 0.042396 0.978899 -0.199900 9.923500 -0.051889 0.201967 0.978017 -1.227300 0.000000 0.000000 0.000000 1.000000
0.998044 -0.027385 0.056202 -0.000000 0.038012 0.979516 -0.197747 9.923500 -0.049635 0.199497 0.978641 -1.227300 0.000000 0.000000 0.000000 1.000000
0.998314 -0.023829 0.052936 0.000000 0.033885 0.979605 -0.198053 9.923500 -0.047137 0.199513 0.978761 -1.227300 0.000000 0.000000 0.000000 1.000000
0.998583 -0.019806 0.049384 0.000000 0.029286 0.979492 -0.199343 9.923500 -0.044423 0.200507 0.978685 -1.227300 0.000000 0.000000 0.000000 1.000000
0.998864 -0.016157 0.044830 0.000000 0.024883 0.979168 -0.201521 9.923500 -0.040641 0.202408 0.978458 -1.227300 0.000000 0.000000 0.000000 1.000000
0.999086 -0.014725 0.040122 0.000000 0.022627 0.978653 -0.204269 9.923500 -0.036257 0.204990 0.978092 -1.227300 0.000000 0.000000 0.000000 1.000000
0.999205 -0.015747 0.036613 0.000000 0.022999 0.978070 -0.207003 9.923500 -0.032550 0.207681 0.977655 -1.227300 0.000000 0.000000 0.000000 1.000000
0.999203 -0.017887 0.035681 0.000000 0.024972 0.977539 -0.209270 9.923500 -0.031137 0.209994 0.977207 -1.227300 0.000000 0.000000 0.000000 1.000000
0.999015 -0.020179 0.039529 0.000000 0.028085 0.977084 -0.210993 9.923500 -0.034365 0.211895 0.976688 -1.227300 0.000000 0.000000 0.000000 1.000000
0.998643 -0.021004 0.047659 0.000000 0.030695 0.976621 -0.212766 9.923500 -0.042076 0.213940 0.975940 -1.227300 0.000000 0.000000 0.000000 1.000000
0.998170 -0.018641 0.057517 0.000000 0.030602 0.976203 -0.214689 9.923500 -0.052146 0.216056 0.974987 -1.227300 0.000000 0.000000 0.000000 1.000000
0.997797 -0.012614 0.065125 -0.000000 0.026437 0.976036 -0.215996 9.923500 -0.060840 0.217242 0.974220 -1.227300 0.000000 0.000000 0.000000 1.000000
0.997632 -0.004405 0.068644 0.000000 0.019196 0.976129 -0.216341 9.923500 -0.066052 0.217147 0.973902 -1.227300 0.000000 0.000000 0.000000 1.000000
0.997661 0.003889 0.068247 -0.000000 0.010945 0.976412 -0.215638 9.923500 -0.067475 0.215880 0.974086 -1.227300 0.000000 0.000000 0.000000 1.000000
0.997798 0.010412 0.065505 0.000000 0.003863 0.976802 -0.214109 9.923500 -0.066215 0.213891 0.974611 -1.227300 0.000000 0.000000 0.000000 1.000000
0.997903 0.013831 0.063229 0.000000 -0.000176 0.977480 -0.211026 9.923500 -0.064724 0.210572 0.975433 -1.227300 0.000000 0.000000 0.000000 1.000000
0.997912 0.014426 0.062953 0.000000 -0.001137 0.978508 -0.206204 9.923500 -0.064575 0.205702 0.976482 -1.227300 0.000000 0.000000 0.000000 1.000000</float_array><technique_common><accessor source="#mixamorig_Spine-Matrix-animation-output-transform-array" count="38" stride="16"><param type="float4x4"/></accessor></technique_common></source><source id="mixamorig_Spine-Interpolations"><Name_array id="mixamorig_Spine-Interpolations-array" count="38">
 LINEAR LINEAR LINEAR LINEAR LINEAR LINEAR LINEAR LINEAR LINEAR LINEAR LINEAR
LINEAR LINEAR LINEAR LINEAR LINEAR LINEAR LINEAR LINEAR LINEAR LINEAR LINEAR LINEAR
LINEAR LINEAR LINEAR LINEAR LINEAR LINEAR LINEAR LINEAR LINEAR LINEAR LINEAR LINEAR
LINEAR LINEAR LINEAR</Name_array><technique_common><accessor source="#mixamorig_Spine-Interpolations-array" count="38"><param type="name"/></accessor></technique_common></source><sampler id="mixamorig_Spine-Matrix-animation-transform"><input semantic="INPUT" source="#mixamorig_Spine-Matrix-animation-input"/><input semantic="OUTPUT" source="#mixamorig_Spine-Matrix-animation-output-transform"/><input semantic="INTERPOLATION" source="#mixamorig_Spine-Interpolations"/></sampler><channel source="#mixamorig_Spine-Matrix-animation-transform" target="mixamorig_Spine/matrix"/></animation>
    <animation id="mixamorig_Spine1-anim" name="mixamorig_Spine1"><source id="mixamorig_Spine1-Matrix-animation-input"><float_array id="mixamorig_Spine1-Matrix-animation-input-array" count="38">

0.000000 0.033333 0.066667 0.100000 0.133333 0.166667 0.200000 0.233333 0.266667 0.300000 0.333333 0.366667 0.400000 0.433333 0.466667 0.500000
0.533333 0.566667 0.600000 0.633333 0.666667 0.700000 0.733333 0.766667 0.800000 0.833333 0.866667 0.900000 0.933333 0.966667 1.000000 1.033333
1.066667 1.100000 1.133333 1.166667 1.200000 1.233333</float_array><technique_common><accessor source="#mixamorig_Spine1-Matrix-animation-input-array" count="38"><param name="TIME" type="float"/></accessor></technique_common></source><source id="mixamorig_Spine1-Matrix-animation-output-transform"><float_array id="mixamorig_Spine1-Matrix-animation-output-transform-array" count="608">

0.999934 -0.006113 0.009727 -0.000100 0.006288 0.999818 -0.018033 11.645400 -0.009615 0.018093 0.999790 -1.422300 0.000000 0.000000 0.000000 1.000000
0.999929 -0.006547 0.009970 -0.000100 0.006726 0.999815 -0.018004 11.645400 -0.009851 0.018070 0.999788 -1.422300 0.000000 0.000000 0.000000 1.000000
0.999922 -0.006747 0.010548 -0.000100 0.006936 0.999814 -0.017984 11.645400 -0.010425 0.018056 0.999783 -1.422300 0.000000 0.000000 0.000000 1.000000
0.999912 -0.006884 0.011348 -0.000100 0.007088 0.999813 -0.018015 11.645400 -0.011222 0.018094 0.999773 -1.422300 0.000000 0.000000 0.000000 1.000000
0.999899 -0.007240 0.012256 -0.000100 0.007460 0.999810 -0.018008 11.645400 -0.012123 0.018098 0.999763 -1.422300 0.000000 0.000000 0.000000 1.000000
0.999884 -0.007718 0.013143 -0.000100 0.007954 0.999807 -0.017975 11.645400 -0.013002 0.018078 0.999752 -1.422300 0.000000 0.000000 0.000000 1.000000
0.999871 -0.008061 0.013889 -0.000100 0.008313 0.999800 -0.018184 11.645400 -0.013740 0.018297 0.999738 -1.422300 0.000000 0.000000 0.000000 1.000000
0.999865 -0.007942 0.014368 -0.000100 0.008212 0.999790 -0.018797 11.645400 -0.014215 0.018913 0.999720 -1.422300 0.000000 0.000000 0.000000 1.000000
0.999867 -0.007288 0.014591 -0.000100 0.007572 0.999781 -0.019496 11.645400 -0.014445 0.019604 0.999703 -1.422300 0.000000 0.000000 0.000000 1.000000
0.999873 -0.006308 0.014632 -0.000100 0.006598 0.999781 -0.019873 11.645400 -0.014503 0.019967 0.999695 -1.422300 0.000000 0.000000 0.000000 1.000000
0.999881 -0.005246 0.014525 -0.000100 0.005532 0.999790 -0.019734 11.645400 -0.014419 0.019812 0.999700 -1.422300 0.000000 0.000000 0.000000 1.000000
0.999890 -0.004270 0.014196 -0.000100 0.004548 0.999797 -0.019640 11.645400 -0.014109 0.019703 0.999706 -1.422300 0.000000 0.000000 0.000000 1.000000
0.999903 -0.003325 0.013511 -0.000100 0.003594 0.999795 -0.019926 11.645400 -0.013442 0.019972 0.999710 -1.422300 0.000000 0.000000 0.000000 1.000000
0.999919 -0.002569 0.012438 -0.000100 0.002823 0.999787 -0.020445 11.645400 -0.012383 0.020479 0.999714 -1.422300 0.000000 0.000000 0.000000 1.000000
0.999933 -0.002533 0.011253 -0.000100 0.002767 0.999778 -0.020876 11.645400 -0.011198 0.020906 0.999719 -1.422300 0.000000 0.000000 0.000000 1.000000
0.999941 -0.003485 0.010243 -0.000100 0.003702 0.999769 -0.021183 11.645400 -0.010167 0.021220 0.999723 -1.422300 0.000000 0.000000 0.000000 1.000000
0.999940 -0.005236 0.009578 -0.000100 0.005442 0.999753 -0.021544 11.645400 -0.009463 0.021595 0.999722 -1.422300 0.000000 0.000000 0.000000 1.000000
0.999935 -0.006866 0.009151 -0.000100 0.007065 0.999736 -0.021881 11.645400 -0.008999 0.021944 0.999719 -1.422300 0.000000 0.000000 0.000000 1.000000
0.999931 -0.007852 0.008765 -0.000100 0.008044 0.999725 -0.022022 11.645400 -0.008590 0.022091 0.999719 -1.422300 0.000000 0.000000 0.000000 1.000000
0.999934 -0.007625 0.008560 -0.000100 0.007805 0.999746 -0.021141 11.645400 -0.008397 0.021207 0.999740 -1.422300 0.000000 0.000000 0.000000 1.000000
0.999942 -0.006480 0.008639 -0.000100 0.006646 0.999791 -0.019334 11.645400 -0.008512 0.019390 0.999776 -1.422300 0.000000 0.000000 0.000000 1.000000
0.999950 -0.005119 0.008635 -0.000100 0.005272 0.999828 -0.017774 11.645400 -0.008542 0.017819 0.999805 -1.422300 0.000000 0.000000 0.000000 1.000000
0.999957 -0.004226 0.008251 -0.000100 0.004370 0.999836 -0.017577 11.645400 -0.008175 0.017612 0.999811 -1.422300 0.000000 0.000000 0.000000 1.000000
0.999965 -0.003344 0.007725 -0.000100 0.003483 0.999830 -0.018109 11.645400 -0.007663 0.018136 0.999806 -1.422300 0.000000 0.000000 0.000000 1.000000
0.999972 -0.002464 0.007093 -0.000100 0.002597 0.999821 -0.018755 11.645400 -0.007046 0.018773 0.999799 -1.422300 0.000000 0.000000 0.000000 1.000000
0.999978 -0.001933 0.006279 -0.000100 0.002055 0.999809 -0.019417 11.645400 -0.006240 0.019429 0.999792 -1.422300 0.000000 0.000000 0.000000 1.000000
0.999983 -0.002119 0.005361 -0.000100 0.002226 0.999796 -0.020065 11.645400 -0.005318 0.020077 0.999784 -1.422300 0.000000 0.000000 0.000000 1.000000
0.999985 -0.002931 0.004574 -0.000100 0.003024 0.999789 -0.020334 11.645400 -0.004513 0.020348 0.999783 -1.422300 0.000000 0.000000 0.000000 1.000000
0.999983 -0.004025 0.004221 -0.000100 0.004108 0.999797 -0.019733 11.645400 -0.004141 0.019750 0.999796 -1.422300 0.000000 0.000000 0.000000 1.000000
0.999976 -0.005162 0.004629 -0.000100 0.005246 0.999819 -0.018305 11.645400 -0.004533 0.018329 0.999822 -1.422300 0.000000 0.000000 0.000000 1.000000
0.999965 -0.006054 0.005739 -0.000100 0.006151 0.999836 -0.017032 11.645400 -0.005635 0.017066 0.999838 -1.422300 0.000000 0.000000 0.000000 1.000000
0.999953 -0.006373 0.007280 -0.000100 0.006493 0.999841 -0.016582 11.645400 -0.007173 0.016628 0.999836 -1.422300 0.000000 0.000000 0.000000 1.000000
0.999944 -0.005995 0.008723 -0.000100 0.006141 0.999839 -0.016871 11.645400 -0.008621 0.016924 0.999820 -1.422300 0.000000 0.000000 0.000000 1.000000
0.999939 -0.005341 0.009687 -0.000100 0.005509 0.999833 -0.017442 11.645400 -0.009592 0.017494 0.999801 -1.422300 0.000000 0.000000 0.000000 1.000000
0.999937 -0.004936 0.010070 -0.000100 0.005116 0.999826 -0.017920 11.645400 -0.009980 0.017970 0.999789 -1.422300 0.000000 0.000000 0.000000 1.000000
0.999938 -0.005003 0.009990 -0.000100 0.005183 0.999823 -0.018110 11.645400 -0.009898 0.018160 0.999786 -1.422300 0.000000 0.000000 0.000000 1.000000
0.999937 -0.005456 0.009790 -0.000100 0.005632 0.999820 -0.018115 11.645400 -0.009689 0.018169 0.999788 -1.422300 0.000000 0.000000 0.000000 1.000000
0.999934 -0.006113 0.009727 -0.000100 0.006288 0.999818 -0.018033 11.645400 -0.009615 0.018093 0.999790 -1.422300 0.000000 0.000000 0.000000 1.000000</float_array><technique_common><accessor source="#mixamorig_Spine1-Matrix-animation-output-transform-array" count="38" stride="16"><param type="float4x4"/></accessor></technique_common></source><source id="mixamorig_Spine1-Interpolations"><Name_array id="mixamorig_Spine1-Interpolations-array" count="38">
 LINEAR LINEAR LINEAR LINEAR LINEAR LINEAR LINEAR LINEAR LINEAR LINEAR LINEAR
LINEAR LINEAR LINEAR LINEAR LINEAR LINEAR LINEAR LINEAR LINEAR LINEAR LINEAR LINEAR
LINEAR LINEAR LINEAR LINEAR LINEAR LINEAR LINEAR LINEAR LINEAR LINEAR LINEAR LINEAR
LINEAR LINEAR LINEAR</Name_array><technique_common><accessor source="#mixamorig_Spine1-Interpolations-array" count="38"><param type="name"/></accessor></technique_common></source><sampler id="mixamorig_Spine1-Matrix-animation-transform"><input semantic="INPUT" source="#mixamorig_Spine1-Matrix-animation-input"/><input semantic="OUTPUT" source="#mixamorig_Spine1-Matrix-animation-output-transform"/><input semantic="INTERPOLATION" source="#mixamorig_Spine1-Interpolations"/></sampler><channel source="#mixamorig_Spine1-Matrix-animation-transform" target="mixamorig_Spine1/matrix"/></animation>
    <animation id="mixamorig_Spine2-anim" name="mixamorig_Spine2"><source id="mixamorig_Spine2-Matrix-animation-input"><float_array id="mixamorig_Spine2-Matrix-animation-input-array" count="38">

0.000000 0.033333 0.066667 0.100000 0.133333 0.166667 0.200000 0.233333 0.266667 0.300000 0.333333 0.366667 0.400000 0.433333 0.466667 0.500000
0.533333 0.566667 0.600000 0.633333 0.666667 0.700000 0.733333 0.766667 0.800000 0.833333 0.866667 0.900000 0.933333 0.966667 1.000000 1.033333
1.066667 1.100000 1.133333 1.166667 1.200000 1.233333</float_array><technique_common><accessor source="#mixamorig_Spine2-Matrix-animation-input-array" count="38"><param name="TIME" type="float"/></accessor></technique_common></source><source id="mixamorig_Spine2-Matrix-animation-output-transform"><float_array id="mixamorig_Spine2-Matrix-animation-output-transform-array" count="608">

0.999930 -0.005916 0.010210 0.000100 0.006099 0.999821 -0.017934 13.360200 -0.010102 0.017995 0.999787 -1.626500 0.000000 0.000000 0.000000 1.000000
0.999925 -0.006348 0.010469 0.000100 0.006535 0.999819 -0.017889 13.360200 -0.010353 0.017956 0.999785 -1.626500 0.000000 0.000000 0.000000 1.000000
0.999917 -0.006542 0.011059 0.000100 0.006739 0.999818 -0.017860 13.360200 -0.010940 0.017933 0.999779 -1.626500 0.000000 0.000000 0.000000 1.000000
0.999907 -0.006677 0.011876 0.000100 0.006889 0.999817 -0.017875 13.360200 -0.011754 0.017955 0.999770 -1.626500 0.000000 0.000000 0.000000 1.000000
0.999893 -0.007011 0.012806 0.000100 0.007239 0.999814 -0.017849 13.360200 -0.012678 0.017940 0.999759 -1.626500 0.000000 0.000000 0.000000 1.000000
0.999878 -0.007475 0.013714 0.000100 0.007718 0.999812 -0.017799 13.360200 -0.013578 0.017903 0.999748 -1.626500 0.000000 0.000000 0.000000 1.000000
0.999865 -0.007809 0.014464 0.000100 0.008069 0.999805 -0.017999 13.360200 -0.014320 0.018113 0.999733 -1.626500 0.000000 0.000000 0.000000 1.000000
0.999859 -0.007692 0.014914 0.000100 0.007969 0.999795 -0.018622 13.360200 -0.014767 0.018738 0.999715 -1.626500 0.000000 0.000000 0.000000 1.000000
0.999862 -0.007041 0.015079 0.000100 0.007332 0.999786 -0.019347 13.360200 -0.014940 0.019455 0.999699 -1.626500 0.000000 0.000000 0.000000 1.000000
0.999868 -0.006059 0.015053 0.000100 0.006356 0.999785 -0.019757 13.360200 -0.014930 0.019850 0.999691 -1.626500 0.000000 0.000000 0.000000 1.000000
0.999877 -0.004985 0.014885 0.000100 0.005277 0.999793 -0.019651 13.360200 -0.014784 0.019727 0.999696 -1.626500 0.000000 0.000000 0.000000 1.000000
0.999887 -0.004002 0.014496 0.000100 0.004286 0.999799 -0.019585 13.360200 -0.014414 0.019645 0.999703 -1.626500 0.000000 0.000000 0.000000 1.000000
0.999901 -0.003067 0.013734 0.000100 0.003340 0.999796 -0.019901 13.360200 -0.013670 0.019945 0.999708 -1.626500 0.000000 0.000000 0.000000 1.000000
0.999918 -0.002338 0.012572 0.000100 0.002595 0.999788 -0.020448 13.360200 -0.012521 0.020479 0.999712 -1.626500 0.000000 0.000000 0.000000 1.000000
0.999933 -0.002334 0.011328 0.000100 0.002570 0.999778 -0.020893 13.360200 -0.011277 0.020921 0.999718 -1.626500 0.000000 0.000000 0.000000 1.000000
0.999941 -0.003311 0.010322 0.000100 0.003529 0.999769 -0.021199 13.360200 -0.010249 0.021234 0.999722 -1.626500 0.000000 0.000000 0.000000 1.000000
0.999940 -0.005077 0.009717 0.000100 0.005286 0.999754 -0.021548 13.360200 -0.009605 0.021598 0.999721 -1.626500 0.000000 0.000000 0.000000 1.000000
0.999934 -0.006718 0.009352 0.000100 0.006921 0.999737 -0.021874 13.360200 -0.009203 0.021937 0.999717 -1.626500 0.000000 0.000000 0.000000 1.000000
0.999930 -0.007715 0.008994 0.000100 0.007912 0.999726 -0.022010 13.360200 -0.008821 0.022079 0.999717 -1.626500 0.000000 0.000000 0.000000 1.000000
0.999933 -0.007493 0.008768 0.000100 0.007677 0.999747 -0.021134 13.360200 -0.008608 0.021199 0.999738 -1.626500 0.000000 0.000000 0.000000 1.000000
0.999941 -0.006343 0.008805 0.000100 0.006512 0.999792 -0.019337 13.360200 -0.008680 0.019393 0.999774 -1.626500 0.000000 0.000000 0.000000 1.000000
0.999949 -0.004979 0.008753 0.000100 0.005134 0.999829 -0.017788 13.360200 -0.008663 0.017832 0.999803 -1.626500 0.000000 0.000000 0.000000 1.000000
0.999957 -0.004095 0.008336 0.000100 0.004242 0.999836 -0.017596 13.360200 -0.008263 0.017630 0.999810 -1.626500 0.000000 0.000000 0.000000 1.000000
0.999965 -0.003229 0.007772 0.000100 0.003369 0.999830 -0.018131 13.360200 -0.007712 0.018157 0.999805 -1.626500 0.000000 0.000000 0.000000 1.000000
0.999972 -0.002365 0.007107 0.000100 0.002498 0.999821 -0.018777 13.360200 -0.007061 0.018794 0.999798 -1.626500 0.000000 0.000000 0.000000 1.000000
0.999979 -0.001849 0.006281 0.000100 0.001971 0.999809 -0.019435 13.360200 -0.006243 0.019447 0.999791 -1.626500 0.000000 0.000000 0.000000 1.000000
0.999983 -0.002049 0.005386 0.000100 0.002157 0.999796 -0.020075 13.360200 -0.005344 0.020086 0.999784 -1.626500 0.000000 0.000000 0.000000 1.000000
0.999985 -0.002869 0.004652 0.000100 0.002964 0.999789 -0.020334 13.360200 -0.004593 0.020348 0.999782 -1.626500 0.000000 0.000000 0.000000 1.000000
0.999983 -0.003958 0.004372 0.000100 0.004044 0.999797 -0.019725 13.360200 -0.004293 0.019742 0.999796 -1.626500 0.000000 0.000000 0.000000 1.000000
0.999975 -0.005072 0.004861 0.000100 0.005161 0.999819 -0.018288 13.360200 -0.004768 0.018312 0.999821 -1.626500 0.000000 0.000000 0.000000 1.000000
0.999964 -0.005927 0.006047 0.000100 0.006029 0.999837 -0.017002 13.360200 -0.005945 0.017037 0.999837 -1.626500 0.000000 0.000000 0.000000 1.000000
0.999952 -0.006204 0.007637 0.000100 0.006329 0.999843 -0.016538 13.360200 -0.007534 0.016586 0.999834 -1.626500 0.000000 0.000000 0.000000 1.000000
0.999942 -0.005794 0.009097 0.000100 0.005946 0.999841 -0.016818 13.360200 -0.008998 0.016871 0.999817 -1.626500 0.000000 0.000000 0.000000 1.000000
0.999936 -0.005126 0.010062 0.000100 0.005300 0.999835 -0.017383 13.360200 -0.009971 0.017435 0.999798 -1.626500 0.000000 0.000000 0.000000 1.000000
0.999934 -0.004719 0.010458 0.000100 0.004906 0.999829 -0.017854 13.360200 -0.010372 0.017904 0.999786 -1.626500 0.000000 0.000000 0.000000 1.000000
0.999934 -0.004791 0.010400 0.000100 0.004978 0.999825 -0.018034 13.360200 -0.010311 0.018085 0.999783 -1.626500 0.000000 0.000000 0.000000 1.000000
0.999934 -0.005251 0.010242 0.000100 0.005435 0.999823 -0.018027 13.360200 -0.010145 0.018082 0.999785 -1.626500 0.000000 0.000000 0.000000 1.000000
0.999930 -0.005916 0.010210 0.000100 0.006099 0.999821 -0.017934 13.360200 -0.010102 0.017995 0.999787 -1.626500 0.000000 0.000000 0.000000 1.000000</float_array><technique_common><accessor source="#mixamorig_Spine2-Matrix-animation-output-transform-array" count="38" stride="16"><param type="float4x4"/></accessor></technique_common></source><source id="mixamorig_Spine2-Interpolations"><Name_array id="mixamorig_Spine2-Interpolations-array" count="38">
 LINEAR LINEAR LINEAR LINEAR LINEAR LINEAR LINEAR LINEAR LINEAR LINEAR LINEAR
LINEAR LINEAR LINEAR LINEAR LINEAR LINEAR LINEAR LINEAR LINEAR LINEAR LINEAR LINEAR
LINEAR LINEAR LINEAR LINEAR LINEAR LINEAR LINEAR LINEAR LINEAR LINEAR LINEAR LINEAR
LINEAR LINEAR LINEAR</Name_array><technique_common><accessor source="#mixamorig_Spine2-Interpolations-array" count="38"><param type="name"/></accessor></technique_common></source><sampler id="mixamorig_Spine2-Matrix-animation-transform"><input semantic="INPUT" source="#mixamorig_Spine2-Matrix-animation-input"/><input semantic="OUTPUT" source="#mixamorig_Spine2-Matrix-animation-output-transform"/><input semantic="INTERPOLATION" source="#mixamorig_Spine2-Interpolations"/></sampler><channel source="#mixamorig_Spine2-Matrix-animation-transform" target="mixamorig_Spine2/matrix"/></animation>
    <animation id="mixamorig_Neck-anim" name="mixamorig_Neck"><source id="mixamorig_Neck-Matrix-animation-input"><float_array id="mixamorig_Neck-Matrix-animation-input-array" count="38">

0.000000 0.033333 0.066667 0.100000 0.133333 0.166667 0.200000 0.233333 0.266667 0.300000 0.333333 0.366667 0.400000 0.433333 0.466667 0.500000
0.533333 0.566667 0.600000 0.633333 0.666667 0.700000 0.733333 0.766667 0.800000 0.833333 0.866667 0.900000 0.933333 0.966667 1.000000 1.033333
1.066667 1.100000 1.133333 1.166667 1.200000 1.233333</float_array><technique_common><accessor source="#mixamorig_Neck-Matrix-animation-input-array" count="38"><param name="TIME" type="float"/></accessor></technique_common></source><source id="mixamorig_Neck-Matrix-animation-output-transform"><float_array id="mixamorig_Neck-Matrix-animation-output-transform-array" count="608">

0.999779 0.020384 0.005099 0.000000 -0.021007 0.964811 0.262104 15.032500 0.000423 -0.262154 0.965026 0.792900 0.000000 0.000000 0.000000 1.000000
0.999821 0.018484 0.004159 -0.000000 -0.018929 0.965325 0.260366 15.032500 0.000797 -0.260398 0.965501 0.792900 0.000000 0.000000 0.000000 1.000000
0.999843 0.017210 0.004141 -0.000000 -0.017695 0.965632 0.259310 15.032500 0.000464 -0.259342 0.965785 0.792900 0.000000 0.000000 0.000000 1.000000
0.999853 0.016469 0.004839 0.000000 -0.017161 0.965697 0.259105 15.032500 -0.000406 -0.259150 0.965837 0.792900 0.000000 0.000000 0.000000 1.000000
0.999866 0.015424 0.005559 -0.000000 -0.016338 0.965648 0.259339 15.032500 -0.001368 -0.259395 0.965770 0.792900 0.000000 0.000000 0.000000 1.000000
0.999887 0.013690 0.006192 -0.000000 -0.014829 0.965532 0.259863 15.032500 -0.002421 -0.259925 0.965626 0.792900 0.000000 0.000000 0.000000 1.000000
0.999914 0.011164 0.006842 0.000000 -0.012561 0.965380 0.260543 15.032500 -0.003696 -0.260607 0.965438 0.792900 0.000000 0.000000 0.000000 1.000000
0.999937 0.008179 0.007703 0.000000 -0.009908 0.965213 0.261276 15.032500 -0.005299 -0.261336 0.965233 0.792900 0.000000 0.000000 0.000000 1.000000
0.999949 0.005205 0.008707 0.000000 -0.007307 0.964977 0.262231 15.032500 -0.007037 -0.262281 0.964966 0.792900 0.000000 0.000000 0.000000 1.000000
0.999951 0.002336 0.009575 -0.000000 -0.004776 0.964661 0.263450 15.032500 -0.008622 -0.263483 0.964625 0.792900 0.000000 0.000000 0.000000 1.000000
0.999949 -0.000305 0.010048 0.000000 -0.002364 0.964380 0.264511 15.032500 -0.009771 -0.264521 0.964330 0.792900 0.000000 0.000000 0.000000 1.000000
0.999943 -0.001719 0.010519 -0.000000 -0.001132 0.964204 0.265159 15.032500 -0.010598 -0.265156 0.964147 0.792900 0.000000 0.000000 0.000000 1.000000
0.999933 -0.001036 0.011520 0.000000 -0.002059 0.964116 0.265473 15.032500 -0.011382 -0.265479 0.964049 0.792900 0.000000 0.000000 0.000000 1.000000
0.999914 0.001483 0.013063 0.000000 -0.004902 0.964031 0.265744 15.032500 -0.012199 -0.265786 0.963955 0.792900 0.000000 0.000000 0.000000 1.000000
0.999890 0.003805 0.014342 0.000000 -0.007489 0.963826 0.266427 15.032500 -0.012809 -0.266505 0.963748 0.792900 0.000000 0.000000 0.000000 1.000000
0.999880 0.004456 0.014832 0.000000 -0.008266 0.963443 0.267787 15.032500 -0.013096 -0.267878 0.963364 0.792900 0.000000 0.000000 0.000000 1.000000
0.999888 0.003262 0.014630 0.000000 -0.007090 0.962865 0.269891 15.032500 -0.013207 -0.269965 0.962780 0.792900 0.000000 0.000000 0.000000 1.000000
0.999895 0.001437 0.014408 0.000000 -0.005303 0.962275 0.272026 15.032500 -0.013473 -0.272074 0.962182 0.792900 0.000000 0.000000 0.000000 1.000000
0.999894 0.000182 0.014572 0.000000 -0.004160 0.961891 0.273402 15.032500 -0.013967 -0.273434 0.961789 0.792900 0.000000 0.000000 0.000000 1.000000
0.999897 0.000024 0.014332 -0.000000 -0.003941 0.961914 0.273323 15.032500 -0.013780 -0.273352 0.961815 0.792900 0.000000 0.000000 0.000000 1.000000
0.999913 0.000094 0.013211 -0.000000 -0.003689 0.962189 0.272357 15.032500 -0.012686 -0.272382 0.962106 0.792900 0.000000 0.000000 0.000000 1.000000
0.999926 0.000011 0.012195 0.000000 -0.003318 0.962526 0.271170 15.032500 -0.011735 -0.271190 0.962454 0.792900 0.000000 0.000000 0.000000 1.000000
0.999927 -0.000671 0.012077 -0.000000 -0.002620 0.962753 0.270371 15.032500 -0.011808 -0.270383 0.962681 0.792900 0.000000 0.000000 0.000000 1.000000
0.999927 -0.000370 0.012108 0.000000 -0.002918 0.962752 0.270370 15.032500 -0.011757 -0.270386 0.962680 0.792900 0.000000 0.000000 0.000000 1.000000
0.999929 0.001175 0.011846 0.000000 -0.004338 0.962657 0.270689 15.032500 -0.011086 -0.270721 0.962594 0.792900 0.000000 0.000000 0.000000 1.000000
0.999928 0.003724 0.011368 0.000000 -0.006662 0.962684 0.270546 15.032500 -0.009937 -0.270602 0.962640 0.792900 0.000000 0.000000 0.000000 1.000000
0.999912 0.007437 0.010967 -0.000000 -0.010116 0.963007 0.269286 15.032500 -0.008559 -0.269373 0.962998 0.792900 0.000000 0.000000 0.000000 1.000000
0.999868 0.012156 0.010789 0.000000 -0.014596 0.963574 0.267045 15.032500 -0.007150 -0.267167 0.963624 0.792900 0.000000 0.000000 0.000000 1.000000
0.999796 0.017126 0.010703 -0.000000 -0.019347 0.964234 0.264347 15.032500 -0.005793 -0.264500 0.964368 0.792900 0.000000 0.000000 0.000000 1.000000
0.999720 0.021262 0.010430 -0.000000 -0.023252 0.964834 0.261831 15.032500 -0.004497 -0.262000 0.965057 0.792900 0.000000 0.000000 0.000000 1.000000
0.999662 0.024031 0.009939 0.000000 -0.025790 0.965247 0.260064 15.032500 -0.003344 -0.260232 0.965540 0.792900 0.000000 0.000000 0.000000 1.000000
0.999633 0.025386 0.009444 -0.000000 -0.026967 0.965394 0.259397 15.032500 -0.002532 -0.259557 0.965725 0.792900 0.000000 0.000000 0.000000 1.000000
0.999630 0.025611 0.009185 0.000000 -0.027118 0.965253 0.259906 15.032500 -0.002209 -0.260058 0.965590 0.792900 0.000000 0.000000 0.000000 1.000000
0.999644 0.025117 0.008977 0.000000 -0.026590 0.964910 0.261229 15.032500 -0.002101 -0.261375 0.965235 0.792900 0.000000 0.000000 0.000000 1.000000
0.999668 0.024292 0.008538 -0.000000 -0.025682 0.964525 0.262741 15.032500 -0.001852 -0.262873 0.964829 0.792900 0.000000 0.000000 0.000000 1.000000
0.999693 0.023507 0.007775 0.000000 -0.024726 0.964265 0.263782 15.032500 -0.001296 -0.263893 0.964551 0.792900 0.000000 0.000000 0.000000 1.000000
0.999730 0.022286 0.006564 0.000000 -0.023228 0.964357 0.263585 15.032500 -0.000455 -0.263666 0.964614 0.792900 0.000000 0.000000 0.000000 1.000000
0.999779 0.020384 0.005099 -0.000000 -0.021007 0.964811 0.262104 15.032500 0.000423 -0.262154 0.965026 0.792900 0.000000 0.000000 0.000000 1.000000</float_array><technique_common><accessor source="#mixamorig_Neck-Matrix-animation-output-transform-array" count="38" stride="16"><param type="float4x4"/></accessor></technique_common></source><source id="mixamorig_Neck-Interpolations"><Name_array id="mixamorig_Neck-Interpolations-array" count="38">
 LINEAR LINEAR LINEAR LINEAR LINEAR LINEAR LINEAR LINEAR LINEAR LINEAR LINEAR
LINEAR LINEAR LINEAR LINEAR LINEAR LINEAR LINEAR LINEAR LINEAR LINEAR LINEAR LINEAR
LINEAR LINEAR LINEAR LINEAR LINEAR LINEAR LINEAR LINEAR LINEAR LINEAR LINEAR LINEAR
LINEAR LINEAR LINEAR</Name_array><technique_common><accessor source="#mixamorig_Neck-Interpolations-array" count="38"><param type="name"/></accessor></technique_common></source><sampler id="mixamorig_Neck-Matrix-animation-transform"><input semantic="INPUT" source="#mixamorig_Neck-Matrix-animation-input"/><input semantic="OUTPUT" source="#mixamorig_Neck-Matrix-animation-output-transform"/><input semantic="INTERPOLATION" source="#mixamorig_Neck-Interpolations"/></sampler><channel source="#mixamorig_Neck-Matrix-animation-transform" target="mixamorig_Neck/matrix"/></animation>
    <animation id="mixamorig_Head-anim" name="mixamorig_Head"><source id="mixamorig_Head-Matrix-animation-input"><float_array id="mixamorig_Head-Matrix-animation-input-array" count="38">

0.000000 0.033333 0.066667 0.100000 0.133333 0.166667 0.200000 0.233333 0.266667 0.300000 0.333333 0.366667 0.400000 0.433333 0.466667 0.500000
0.533333 0.566667 0.600000 0.633333 0.666667 0.700000 0.733333 0.766667 0.800000 0.833333 0.866667 0.900000 0.933333 0.966667 1.000000 1.033333
1.066667 1.100000 1.133333 1.166667 1.200000 1.233333</float_array><technique_common><accessor source="#mixamorig_Head-Matrix-animation-input-array" count="38"><param name="TIME" type="float"/></accessor></technique_common></source><source id="mixamorig_Head-Matrix-animation-output-transform"><float_array id="mixamorig_Head-Matrix-animation-output-transform-array" count="608">

0.997807 0.060233 0.027439 0.000000 -0.065496 0.838731 0.540593 10.321800 0.009548 -0.541205 0.840836 3.142400 0.000000 0.000000 0.000000 1.000000
0.997958 0.058177 0.026376 -0.000000 -0.063234 0.841300 0.536857 10.321800 0.009042 -0.537429 0.843261 3.142400 0.000000 0.000000 0.000000 1.000000
