0.833,30,25,67
B0,mixamorig_Hips,-1,0.983500063419342,-0.053755100816488266,0.17273885011672974,0,0.030411820858716965,0.9903729557991028,0.13504530489444733,0,-0.17833513021469116,-0.12756367027759552,0.9756659865379333,0,-0.2671529948711395,89.02684783935547,0.22494399547576904,1
B1,mixamorig_Spine,0,0.9974370002746582,0.057875897735357285,-0.04207500442862511,0,-0.054155077785253525,0.9949289560317993,0.08475641161203384,0,0.0467669814825058,-0.08226058632135391,0.9955130815505981,0,9.999999974752427e-7,9.92345905303955,-1.227334976196289,1
B2,mixamorig_Spine1,1,0.996487021446228,-0.013516778126358986,-0.08264411240816116,0,0.020020201802253723,0.9967229962348938,0.0783768892288208,0,0.08131387829780579,-0.07975608855485916,0.9934920072555542,0,-0.00013899999612476677,11.645440101623535,-1.422340989112854,1
B3,mixamorig_Spine2,2,0.9967929124832153,-0.015203901566565037,-0.07856817543506622,0,0.021250059828162193,0.996828019618988,0.07670070976018906,0,0.0771527886390686,-0.0781242772936821,0.9939540028572083,0,0.00009100000170292333,13.360203742980957,-1.6264599561691284,1
B4,mixamorig_Neck,3,0.9998080134391785,0.017795225605368614,-0.00818238127976656,0,-0.017863772809505463,0.9998049736022949,-0.008382217958569527,0,0.008031623438000679,0.008526776917278767,0.9999309778213501,0,0.00002499999936844688,15.032490730285645,0.7929049730300903,1
B5,mixamorig_Head,4,0.9988539814949036,0.011832168325781822,-0.046369343996047974,0,-0.03449467942118645,0.8496249318122864,-0.5262580513954163,0,0.03316980227828026,0.5272548794746399,0.84906005859375,0,0.0000019999999949504854,10.321830749511719,3.1424291133880615,1
B6,mixamorig_HeadTop_End,5,1,0,0,0,0,1,0,0,0,0,1,0,0.0001539999939268455,18.474672317504883,6.636398792266846,1
B7,mixamorig_LeftEye,5,1,0,0,0,0,1,0,0,0,0,1,0,2.9479150772094727,7.681746006011963,9.120731353759766,1
B8,mixamorig_RightEye,5,1,0,0,0,0,1,0,0,0,0,1,0,-2.9444808959960938,7.681746006011963,9.120495796203613,1
B9,mixamorig_LeftShoulder,3,0.974291980266571,-0.20389606058597565,-0.09581976383924484,0,0.20413194596767426,0.9789149761199951,-0.007439034059643745,0,0.09531622380018234,-0.01231208723038435,0.9953710436820984,0,6.105823993682861,9.110424041748047,0.705551028251648,1
B10,mixamorig_LeftArm,9,0.5077540278434753,-0.8124930262565613,-0.28642699122428894,0,0.8571329712867737,0.44299808144569397,0.2628239393234253,0,-0.08665604889392853,-0.37895604968070984,0.9213489890098572,0,12.655036926269531,-0.2659339904785156,-2.600922107696533,1
B11,mixamorig_LeftForeArm,10,-0.3002850413322449,0,0.9538500308990479,0,0,1,0,0,-0.9538500308990479,0,-0.3002850413322449,0,27.40468406677246,0.00003899999865097925,0.000007000000096013537,1
B12,mixamorig_LeftHand,11,0.9889169931411743,0.07271473854780197,0.12944696843624115,0,0.018875785171985626,0.80321204662323,-0.5953938961029053,0,-0.1472671627998352,0.5912380814552307,0.7929369211196899,0,27.614463806152344,0.000029000000722589903,0.000019999999494757503,1
B13,mixamorig_LeftHandMiddle1,12,0.8924760818481445,-0.44784781336784363,-0.05402291193604469,0,0.4478481411933899,0.8940188884735107,-0.012784341350197792,0,0.05402292683720589,-0.012784336693584919,0.9984579682350159,0,12.77552318572998,0.000012999999853491317,0.000019999999494757503,1
B14,mixamorig_LeftHandMiddle2,13,0.9339170455932617,-0.3549169600009918,-0.042812980711460114,0,0.354917049407959,0.9348650574684143,-0.007857139222323895,0,0.04281296953558922,-0.007857135497033596,0.9990519881248474,0,3.613970994949341,0.000003000000106112566,0.0000019999999949504854,1
B15,mixamorig_LeftHandMiddle3,14,0.9833660125732422,-0.18032795190811157,-0.02175203152000904,0,0.18032804131507874,0.9836050271987915,-0.0019776991102844477,0,0.021752020344138145,-0.0019776972476392984,0.9997609853744507,0,3.4597599506378174,9.999999974752427e-7,-0.000025999999706982635,1
B16,mixamorig_LeftHandMiddle4,15,1,0,0,0,0,1,0,0,0,0,1,0,3.680191993713379,0,0.00003300000025774352,1
B17,mixamorig_LeftHandThumb1,12,0.9921969771385193,0.10525671392679214,-0.06683323532342911,0,-0.10679429024457932,0.9940829873085022,-0.019856242462992668,0,0.0643477812409401,0.026838714256882668,0.9975670576095581,0,3.7888100147247314,-2.166996955871582,3.0030879974365234,1
B18,mixamorig_LeftHandThumb2,17,0.9232579469680786,0.06491199135780334,-0.3786560893058777,0,-0.028691008687019348,0.9945200085639954,0.10053202509880066,0,0.38310688734054565,-0.08195298165082932,0.9200610518455505,0,3.675442934036255,-2.1220080852508545,2.12201189994812,1
B19,mixamorig_LeftHandThumb3,18,0.9865279793739319,0.05669885873794556,-0.15345197916030884,0,-0.05582810938358307,0.9983909726142883,0.00998120941221714,0,0.15377099812030792,-0.0012798092793673277,0.9881060719490051,0,3.3943591117858887,-1.9597439765930176,1.959792971611023,1
B20,mixamorig_LeftHandThumb4,19,1,0,0,0,0,1,0,0,0,0,1,0,2.6794040203094482,-1.5469449758529663,1.5469199419021606,1
B21,mixamorig_LeftHandIndex1,12,0.8923500180244446,-0.44809597730636597,-0.05405314266681671,0,0.44809606671333313,0.8938940763473511,-0.012798928655683994,0,0.05405291169881821,-0.01279987022280693,0.9984560012817383,0,12.26661491394043,-0.23166899383068085,2.8220579624176025,1
B22,mixamorig_LeftHandIndex2,21,0.9340170621871948,-0.3546558916568756,-0.04278193414211273,0,0.35465607047080994,0.9349639415740967,-0.007845265790820122,0,0.04278197139501572,-0.007845267653465271,0.9990540146827698,0,3.8919670581817627,0.0000019999999949504854,0.00003899999865097925,1
B23,mixamorig_LeftHandIndex3,22,0.9833660125732422,-0.18032795190811157,-0.02175203152000904,0,0.18032804131507874,0.9836050271987915,-0.0019776991102844477,0,0.021752020344138145,-0.0019776972476392984,0.9997609853744507,0,3.415160894393921,9.999999974752427e-7,-0.000009000000318337698,1
B24,mixamorig_LeftHandIndex4,23,1,0,0,0,0,1,0,0,0,0,1,0,3.077986001968384,0,-0.000009000000318337698,1
B25,mixamorig_LeftHandRing1,12,0.8923500180244446,-0.44809597730636597,-0.05405314266681671,0,0.44809606671333313,0.8938940763473511,-0.012798928655683994,0,0.05405291169881821,-0.01279987022280693,0.9984560012817383,0,12.147005081176758,0.00989499967545271,-2.2166290283203125,1
B26,mixamorig_LeftHandRing2,25,0.9340170621871948,-0.3546558916568756,-0.04278193414211273,0,0.35465607047080994,0.9349639415740967,-0.007845265790820122,0,0.04278197139501572,-0.007845267653465271,0.9990540146827698,0,3.6011910438537598,0.0000019999999949504854,0.000035000000934815034,1
B27,mixamorig_LeftHandRing3,26,0.9833660125732422,-0.18032795190811157,-0.02175203152000904,0,0.18032804131507874,0.9836050271987915,-0.0019776991102844477,0,0.021752020344138145,-0.0019776972476392984,0.9997609853744507,0,3.307317018508911,0.000004999999873689376,-0.00002099999983329326,1
B28,mixamorig_LeftHandRing4,27,1,0,0,0,0,1,0,0,0,0,1,0,3.6601150035858154,0.000003000000106112566,0,1
B29,mixamorig_LeftHandPinky1,12,0.8902449607849121,-0.4381031095981598,-0.12462176382541656,0,0.4401598870754242,0.8978390097618103,-0.01200393121689558,0,0.1171492338180542,-0.04416705667972565,0.9921319484710693,0,10.908194541931152,-0.22636500000953674,-4.725818157196045,1
B30,mixamorig_LeftHandPinky2,29,0.9315140843391418,-0.36296209692955017,0.023250333964824677,0,0.3626239597797394,0.9317700266838074,0.017543373629450798,0,-0.02803155407309532,-0.00791077222675085,0.9995759725570679,0,4.136651992797852,0.0000019999999949504854,0.00002700000004551839,1
B31,mixamorig_LeftHandPinky3,30,0.9833659529685974,-0.18032793700695038,-0.02175302244722843,0,0.18032802641391754,0.9836050271987915,-0.0019777892157435417,0,0.021753013134002686,-0.0019777873530983925,0.9997609853744507,0,2.5948359966278076,0,-0.00003600000127335079,1
B32,mixamorig_LeftHandPinky4,31,1,0,0,0,0,1,0,0,0,0,1,0,2.9238688945770264,9.999999974752427e-7,0.000018999999156221747,1
B33,mixamorig_RightShoulder,3,0.9786180853843689,0.19317904114723206,0.07062361389398575,0,-0.1928129643201828,0.9811620116233826,-0.012031162157654762,0,-0.07161734998226166,-0.0018432358046993613,0.9974300265312195,0,-6.105696201324463,9.110508918762207,0.7055630087852478,1
B34,mixamorig_RightArm,33,0.5773317813873291,0.7869561910629272,-0.21768881380558014,0,-0.7459377646446228,0.6167672276496887,0.2513461410999298,0,0.3320618271827698,0.017272181808948517,0.9430999755859375,0,-12.655040740966797,-0.2660210132598877,-2.600895881652832,1
B35,mixamorig_RightForeArm,34,-0.18153107166290283,0,-0.9833849668502808,0,0,1,0,0,0.9833849668502808,0,-0.18153107166290283,0,-27.40468406677246,0.00003300000025774352,0.000004999999873689376,1
B36,mixamorig_RightHand,35,0.9805809259414673,-0.10360104590654373,-0.16651608049869537,0,0.08179192245006561,0.9877499938011169,-0.13289010524749756,0,0.17824389040470123,0.11668988317251205,0.9770430326461792,0,-27.614463806152344,0.00002300000051036477,0.000018000000636675395,1
B37,mixamorig_RightHandMiddle1,36,0.8923499584197998,0.44803300499916077,0.05457708239555359,0,-0.44803300499916077,0.8939239978790283,-0.012921673245728016,0,-0.054577071219682693,-0.012921671383082867,0.998426079750061,0,-12.77552318572998,0.000009000000318337698,0.000018000000636675395,1
B38,mixamorig_RightHandMiddle2,37,0.9340179562568665,0.35460615158081055,0.04319600388407707,0,-0.35460588335990906,0.9349820613861084,-0.007920067757368088,0,-0.043195970356464386,-0.007920067757368088,0.9990350008010864,0,-3.613970994949341,0.000003000000106112566,0.000003000000106112566,1
B39,mixamorig_RightHandMiddle3,38,0.9833660125732422,0.18030200898647308,0.021963033825159073,0,-0.1803019791841507,0.9836090207099915,-0.0019965949468314648,0,-0.02196304127573967,-0.0019965958781540394,0.9997570514678955,0,-3.4597599506378174,0,-0.000025999999706982635,1
B40,mixamorig_RightHandMiddle4,39,1,0,0,0,0,1,0,0,0,0,1,0,-3.680191993713379,-9.999999974752427e-7,0.00003300000025774352,1
B41,mixamorig_RightHandThumb1,36,0.9914590120315552,-0.11265087127685547,0.06571916490793228,0,0.11449013650417328,0.9931120276451111,-0.024914288893342018,0,-0.06245985999703407,0.032225679606199265,0.997527003288269,0,-3.788809061050415,-2.1669979095458984,3.003087043762207,1
B42,mixamorig_RightHandThumb2,41,0.91889888048172,-0.0607542023062706,0.38978615403175354,0,0.018642811104655266,0.9936540722846985,0.11092697829008102,0,-0.39405179023742676,-0.09466395527124405,0.9142000675201416,0,-3.675442934036255,-2.122009038925171,2.12201189994812,1
B43,mixamorig_RightHandThumb3,42,0.9910370111465454,-0.04851118475198746,0.12446693331003189,0,0.049464769661426544,0.9987649917602539,-0.0045806774869561195,0,-0.12409104406833649,0.0106963524594903,0.9922130107879639,0,-3.394357919692993,-1.95974600315094,1.959792971611023,1
B44,mixamorig_RightHandThumb4,43,1,0,0,0,0,1,0,0,0,0,1,0,-2.6794040203094482,-1.5469460487365723,1.5469199419021606,1
B45,mixamorig_RightHandIndex1,36,0.8923499584197998,0.44803300499916077,0.05457708239555359,0,-0.44803300499916077,0.8939239978790283,-0.012921673245728016,0,-0.054577071219682693,-0.012921671383082867,0.998426079750061,0,-12.266615867614746,-0.231673002243042,2.8220560550689697,1
B46,mixamorig_RightHandIndex2,45,0.9340179562568665,0.35460615158081055,0.04319600388407707,0,-0.35460588335990906,0.9349820613861084,-0.007920067757368088,0,-0.043195970356464386,-0.007920067757368088,0.9990350008010864,0,-3.8919670581817627,0,0.000037999998312443495,1
B47,mixamorig_RightHandIndex3,46,0.9833660125732422,0.18030200898647308,0.021963033825159073,0,-0.1803019791841507,0.9836090207099915,-0.0019965949468314648,0,-0.02196304127573967,-0.0019965958781540394,0.9997570514678955,0,-3.415160894393921,0,-0.000009000000318337698,1
B48,mixamorig_RightHandIndex4,47,1,0,0,0,0,1,0,0,0,0,1,0,-3.077986001968384,-9.999999974752427e-7,-0.000009000000318337698,1
B49,mixamorig_RightHandRing1,36,0.8923499584197998,0.44803300499916077,0.05457708239555359,0,-0.44803300499916077,0.8939239978790283,-0.012921673245728016,0,-0.054577071219682693,-0.012921671383082867,0.998426079750061,0,-12.147004127502441,0.009890999644994736,-2.2166309356689453,1
B50,mixamorig_RightHandRing2,49,0.9340179562568665,0.35460615158081055,0.04319600388407707,0,-0.35460588335990906,0.9349820613861084,-0.007920067757368088,0,-0.043195970356464386,-0.007920067757368088,0.9990350008010864,0,-3.6011910438537598,0,0.000035000000934815034,1
B51,mixamorig_RightHandRing3,50,0.9833660125732422,0.18030200898647308,0.021963033825159073,0,-0.1803019791841507,0.9836090207099915,-0.0019965949468314648,0,-0.02196304127573967,-0.0019965958781540394,0.9997570514678955,0,-3.307317018508911,0.000003999999989900971,-0.00002099999983329326,1
B52,mixamorig_RightHandRing4,51,1,0,0,0,0,1,0,0,0,0,1,0,-3.6601150035858154,0.0000019999999949504854,9.999999974752427e-7,1
B53,mixamorig_RightHandPinky1,36,0.8923499584197998,0.44803300499916077,0.05457708239555359,0,-0.44803300499916077,0.8939239978790283,-0.012921673245728016,0,-0.054577071219682693,-0.012921671383082867,0.998426079750061,0,-10.908193588256836,-0.2263689935207367,-4.725820064544678,1
B54,mixamorig_RightHandPinky2,53,0.9340179562568665,0.35460615158081055,0.04319600388407707,0,-0.35460588335990906,0.9349820613861084,-0.007920067757368088,0,-0.043195970356464386,-0.007920067757368088,0.9990350008010864,0,-4.136651992797852,0,0.000025999999706982635,1
B55,mixamorig_RightHandPinky3,54,0.9833660125732422,0.18030200898647308,0.021963033825159073,0,-0.1803019791841507,0.9836090207099915,-0.0019965949468314648,0,-0.02196304127573967,-0.0019965958781540394,0.9997570514678955,0,-2.5948359966278076,-9.999999974752427e-7,-0.000037000001611886546,1
B56,mixamorig_RightHandPinky4,55,1,0,0,0,0,1,0,0,0,0,1,0,-2.9238688945770264,9.999999974752427e-7,0.000018999999156221747,1
B57,mixamorig_RightUpLeg,0,0.9928810000419617,0.09328587353229523,-0.07406642287969589,0,-0.11370295286178589,0.9275510311126709,-0.35597890615463257,0,0.03549255430698395,0.3618660271167755,0.9315540194511414,0,-9.1244535446167,-6.656397819519043,-0.05537800118327141,1
B58,mixamorig_RightLeg,57,0.9988650679588318,0.02307102270424366,0.04167492687702179,0,-0.046606048941612244,0.6541719436645508,0.7549080848693848,0,-0.009846070781350136,-0.7559940218925476,0.6545050740242004,0,-0.2446800023317337,-40.595436096191406,-0.5145279765129089,1
B59,mixamorig_RightFoot,58,0.9964249730110168,-0.0802658349275589,0.026364972814917564,0,0.08069515228271484,0.8117799758911133,-0.5783609747886658,0,0.025020072236657143,0.5784209370613098,0.8153550624847412,0,0.24466900527477264,-42.04787063598633,-2.0602309703826904,1
B60,mixamorig_RightToeBase,59,1,0,0,0,0,0.9999790191650391,-0.006444998551160097,0,0,0.006444998551160097,0.9999790191650391,0,-0.3733600080013275,-10.492194175720215,12.640663146972656,1
B61,mixamorig_RightToe_End,60,1,0,0,0,0,1,0,0,0,0,1,0,0,0,9.992521286010742,1
B62,mixamorig_LeftUpLeg,0,0.9736390113830566,-0.027476660907268524,-0.22643494606018066,0,-0.1476798802614212,0.680624783039093,-0.717593252658844,0,0.17383433878421783,0.7321167588233948,0.6586252450942993,0,9.124452590942383,-6.656398773193359,-0.05537800118327141,1
B63,mixamorig_LeftLeg,62,0.9879929423332214,0.13325734436511993,0.07818209379911423,0,-0.04887795448303223,-0.21045313775539398,0.9763808846473694,0,0.14656364917755127,-0.9684789776802063,-0.2014128863811493,0,0.2446800023317337,-40.59540557861328,-0.517041027545929,1
B64,mixamorig_LeftFoot,63,0.9704370498657227,0.24087490141391754,0.015205741859972477,0,-0.24127811193466187,0.9697880148887634,0.03601498156785965,0,-0.006071241572499275,-0.03861908242106438,0.9992360472679138,0,-0.24467000365257263,-42.04800033569336,-2.05764102935791,1
B65,mixamorig_LeftToeBase,64,1,0,0,0,0,0.9998599886894226,-0.016728999093174934,0,0,0.016728999093174934,0.9998599886894226,0,0.3733600080013275,-10.492193222045898,12.640664100646973,1
B66,mixamorig_LeftToe_End,65,1,0,0,0,0,1,0,0,0,0,1,0,0,9.999999974752427e-7,9.992521286010742,1
@52,0,1,2,3,4,5,9,10,11,12,13,14,15,17,18,19,21,22,23,25,26,27,29,30,31,33,34,35,36,37,38,39,41,42,43,45,46,47,49,50,51,53,54,55,57,58,59,60,62,63,64,65
K0.000,0.983500063419342,-0.05375514551997185,0.17273885011672974,0,0.0304118599742651,0.9903729557991028,0.13504531979560852,0,-0.17833513021469116,-0.1275636851787567,0.9756659865379333,0,-0.2671529948711395,89.02684783935547,0.22494399547576904,1,0.9974370002746582,0.05787590518593788,-0.042075011879205704,0,-0.05415508523583412,0.9949289560317993,0.08475641161203384,0,0.046766988933086395,-0.08226058632135391,0.9955130815505981,0,9.999999974752427e-7,9.92345905303955,-1.227334976196289,1,0.996487021446228,-0.013516786508262157,-0.08264411985874176,0,0.02002021297812462,0.9967229962348938,0.0783768966794014,0,0.08131388574838638,-0.07975610345602036,0.9934920072555542,0,-0.00013899999612476677,11.645440101623535,-1.422340989112854,1,0.9967929124832153,-0.015203919261693954,-0.07856818288564682,0,0.021250080317258835,0.996828019618988,0.07670070976018906,0,0.0771527960896492,-0.0781242772936821,0.9939540028572083,0,0.00009100000170292333,13.360203742980957,-1.6264599561691284,1,0.9998080134391785,0.017795225605368614,-0.008182378485798836,0,-0.017863772809505463,0.9998049736022949,-0.00838222075253725,0,0.008031620644032955,0.00852677971124649,0.9999309778213501,0,0.00002499999936844688,15.032490730285645,0.7929049730300903,1,0.9988539814949036,0.011832263320684433,-0.046369291841983795,0,-0.034494735300540924,0.8496249318122864,-0.5262580513954163,0,0.0331697091460228,0.5272548794746399,0.84906005859375,0,0.0000019999999949504854,10.321830749511719,3.1424291133880615,1,0.974291980266571,-0.20389607548713684,-0.09581977874040604,0,0.20413193106651306,0.9789149761199951,-0.007439061533659697,0,0.09531624615192413,-0.012312062084674835,0.9953710436820984,0,6.105823993682861,9.110424041748047,0.705551028251648,1,0.5077540278434753,-0.8124930262565613,-0.28642702102661133,0,0.8571329712867737,0.44299808144569397,0.2628239393234253,0,-0.08665603399276733,-0.3789561092853546,0.9213489890098572,0,12.655036926269531,-0.2659339904785156,-2.600922107696533,1,-0.3002850413322449,0,0.9538500308990479,0,0,1,0,0,-0.9538500308990479,0,-0.3002850413322449,0,27.40468406677246,0.00003899999865097925,0.000007000000096013537,1,0.9889169931411743,0.07271473109722137,0.12944689393043518,0,0.018875740468502045,0.80321204662323,-0.5953938961029053,0,-0.14726710319519043,0.5912380814552307,0.7929369211196899,0,27.614463806152344,0.000029000000722589903,0.000019999999494757503,1,0.8924760818481445,-0.44784781336784363,-0.05402299016714096,0,0.4478481411933899,0.8940188884735107,-0.01278435718268156,0,0.054023001343011856,-0.012784358114004135,0.9984579682350159,0,12.77552318572998,0.000012999999853491317,0.000019999999494757503,1,0.9339170455932617,-0.3549169600009918,-0.0428130067884922,0,0.354917049407959,0.9348650574684143,-0.007857142016291618,0,0.04281299188733101,-0.007857142016291618,0.9990519881248474,0,3.613970994949341,0.000003000000106112566,0.0000019999999949504854,1,0.9833660125732422,-0.18032795190811157,-0.02175200544297695,0,0.18032804131507874,0.9836050271987915,-0.0019776958506554365,0,0.021751994267106056,-0.0019776958506554365,0.9997609853744507,0,3.4597599506378174,9.999999974752427e-7,-0.000025999999706982635,1,0.9921969771385193,0.10525671392679214,-0.06683322787284851,0,-0.10679429024457932,0.9940829873085022,-0.01985626481473446,0,0.0643477737903595,0.02683873660862446,0.9975670576095581,0,3.7888100147247314,-2.166996955871582,3.0030879974365234,1,0.9232579469680786,0.06491199135780334,-0.3786561191082001,0,-0.028691008687019348,0.9945200085639954,0.10053202509880066,0,0.38310691714286804,-0.08195297420024872,0.9200610518455505,0,3.675442934036255,-2.1220080852508545,2.12201189994812,1,0.9865279793739319,0.05669887363910675,-0.15345199406147003,0,-0.05582812428474426,0.9983909726142883,0.009981201961636543,0,0.15377101302146912,-0.0012797979870811105,0.9881060719490051,0,3.3943591117858887,-1.9597439765930176,1.959792971611023,1,0.8923500180244446,-0.44809600710868835,-0.05405312404036522,0,0.4480960965156555,0.8938940763473511,-0.012798895128071308,0,0.05405288189649582,-0.012799893505871296,0.9984560608863831,0,12.26661491394043,-0.23166899383068085,2.8220579624176025,1,0.9340170621871948,-0.3546558916568756,-0.042781978845596313,0,0.35465607047080994,0.9349638819694519,-0.007845276035368443,0,0.0427820198237896,-0.007845276035368443,0.9990540146827698,0,3.8919670581817627,0.0000019999999949504854,0.00003899999865097925,1,0.9833660125732422,-0.18032795190811157,-0.02175200544297695,0,0.18032804131507874,0.9836050271987915,-0.0019776958506554365,0,0.021751994267106056,-0.0019776958506554365,0.9997609853744507,0,3.415160894393921,9.999999974752427e-7,-0.000009000000318337698,1,0.8923500180244446,-0.44809600710868835,-0.05405312404036522,0,0.4480960965156555,0.8938940763473511,-0.012798895128071308,0,0.05405288189649582,-0.012799893505871296,0.9984560608863831,0,12.147005081176758,0.00989499967545271,-2.2166290283203125,1,0.9340170621871948,-0.3546558916568756,-0.042781978845596313,0,0.35465607047080994,0.9349638819694519,-0.007845276035368443,0,0.0427820198237896,-0.007845276035368443,0.9990540146827698,0,3.6011910438537598,0.0000019999999949504854,0.000035000000934815034,1,0.9833660125732422,-0.18032795190811157,-0.02175200544297695,0,0.18032804131507874,0.9836050271987915,-0.0019776958506554365,0,0.021751994267106056,-0.0019776958506554365,0.9997609853744507,0,3.307317018508911,0.000004999999873689376,-0.00002099999983329326,1,0.8902449607849121,-0.4381030797958374,-0.12462175637483597,0,0.4401598572731018,0.8978390693664551,-0.012003992684185505,0,0.11714925616979599,-0.04416699334979057,0.9921319484710693,0,10.908194541931152,-0.22636500000953674,-4.725818157196045,1,0.9315140843391418,-0.3629620671272278,0.023250404745340347,0,0.362623929977417,0.9317700266838074,0.017543310299515724,0,-0.028031596913933754,-0.007910688407719135,0.9995759725570679,0,4.136651992797852,0.0000019999999949504854,0.00002700000004551839,1,0.9833659529685974,-0.18032793700695038,-0.02175300382077694,0,0.18032802641391754,0.9836050271987915,-0.001977786421775818,0,0.021752992644906044,-0.001977786421775818,0.9997609853744507,0,2.5948359966278076,0,-0.00003600000127335079,1,0.9786180853843689,0.19317904114723206,0.07062362879514694,0,-0.1928129643201828,0.9811620116233826,-0.012031200341880322,0,-0.07161737233400345,-0.0018432002980262041,0.9974299669265747,0,-6.105696201324463,9.110508918762207,0.7055630087852478,1,0.5773316621780396,0.7869561910629272,-0.2176889330148697,0,-0.7459377646446228,0.6167672276496887,0.251346230506897,0,0.3320619761943817,0.01727225072681904,0.9430999159812927,0,-12.655040740966797,-0.2660210132598877,-2.600895881652832,1,-0.18153107166290283,0,-0.9833850264549255,0,0,1,0,0,0.9833850264549255,0,-0.18153107166290283,0,-27.40468406677246,0.00003300000025774352,0.000004999999873689376,1,0.9805809259414673,-0.10360105335712433,-0.16651609539985657,0,0.08179192990064621,0.9877499938011169,-0.13289012014865875,0,0.17824390530586243,0.11668989807367325,0.9770430326461792,0,-27.614463806152344,0.00002300000051036477,0.000018000000636675395,1,0.8923499584197998,0.44803300499916077,0.05457700788974762,0,-0.44803300499916077,0.8939239978790283,-0.012921654619276524,0,-0.054576996713876724,-0.012921655550599098,0.998426079750061,0,-12.77552318572998,0.000009000000318337698,0.000018000000636675395,1,0.9340179562568665,0.35460612177848816,0.043196018785238266,0,-0.35460585355758667,0.9349820613861084,-0.007920069620013237,0,-0.04319598525762558,-0.007920069620013237,0.9990350008010864,0,-3.613970994949341,0.000003000000106112566,0.000003000000106112566,1,0.9833660125732422,0.18030200898647308,0.021962996572256088,0,-0.1803019791841507,0.9836090207099915,-0.001996592152863741,0,-0.021963004022836685,-0.001996592152863741,0.9997570514678955,0,-3.4597599506378174,0,-0.000025999999706982635,1,0.9914590120315552,-0.11265087127685547,0.06571915745735168,0,0.11449013650417328,0.9931120276451111,-0.02491430565714836,0,-0.06245984882116318,0.03222569450736046,0.997527003288269,0,-3.788809061050415,-2.1669979095458984,3.003087043762207,1,0.91889888048172,-0.0607542060315609,0.3897861838340759,0,0.01864279806613922,0.9936540722846985,0.11092701554298401,0,-0.39405182003974915,-0.09466398507356644,0.9142000675201416,0,-3.675442934036255,-2.122009038925171,2.12201189994812,1,0.9910370111465454,-0.048511210829019547,0.12446694821119308,0,0.049464792013168335,0.9987649917602539,-0.0045806607231497765,0,-0.12409105896949768,0.010696339420974255,0.9922130107879639,0,-3.394357919692993,-1.95974600315094,1.959792971611023,1,0.8923499584197998,0.44803300499916077,0.05457700788974762,0,-0.44803300499916077,0.8939239978790283,-0.012921654619276524,0,-0.054576996713876724,-0.012921655550599098,0.998426079750061,0,-12.266615867614746,-0.231673002243042,2.8220560550689697,1,0.9340179562568665,0.35460612177848816,0.043196018785238266,0,-0.35460585355758667,0.9349820613861084,-0.007920069620013237,0,-0.04319598525762558,-0.007920069620013237,0.9990350008010864,0,-3.8919670581817627,0,0.000037999998312443495,1,0.9833660125732422,0.18030200898647308,0.021962996572256088,0,-0.1803019791841507,0.9836090207099915,-0.001996592152863741,0,-0.021963004022836685,-0.001996592152863741,0.9997570514678955,0,-3.415160894393921,0,-0.000009000000318337698,1,0.8923499584197998,0.44803300499916077,0.05457700788974762,0,-0.44803300499916077,0.8939239978790283,-0.012921654619276524,0,-0.054576996713876724,-0.012921655550599098,0.998426079750061,0,-12.147004127502441,0.009890999644994736,-2.2166309356689453,1,0.9340179562568665,0.35460612177848816,0.043196018785238266,0,-0.35460585355758667,0.9349820613861084,-0.007920069620013237,0,-0.04319598525762558,-0.007920069620013237,0.9990350008010864,0,-3.6011910438537598,0,0.000035000000934815034,1,0.9833660125732422,0.18030200898647308,0.021962996572256088,0,-0.1803019791841507,0.9836090207099915,-0.001996592152863741,0,-0.021963004022836685,-0.001996592152863741,0.9997570514678955,0,-3.307317018508911,0.000003999999989900971,-0.00002099999983329326,1,0.8923499584197998,0.44803300499916077,0.05457700788974762,0,-0.44803300499916077,0.8939239978790283,-0.012921654619276524,0,-0.054576996713876724,-0.012921655550599098,0.998426079750061,0,-10.908193588256836,-0.2263689935207367,-4.725820064544678,1,0.9340179562568665,0.35460612177848816,0.043196018785238266,0,-0.35460585355758667,0.9349820613861084,-0.007920069620013237,0,-0.04319598525762558,-0.007920069620013237,0.9990350008010864,0,-4.136651992797852,0,0.000025999999706982635,1,0.9833660125732422,0.18030200898647308,0.021962996572256088,0,-0.1803019791841507,0.9836090207099915,-0.001996592152863741,0,-0.021963004022836685,-0.001996592152863741,0.9997570514678955,0,-2.5948359966278076,-9.999999974752427e-7,-0.000037000001611886546,1,0.9928809404373169,0.0932859554886818,-0.07406645268201828,0,-0.11370303481817245,0.9275510311126709,-0.35597893595695496,0,0.03549254685640335,0.3618660569190979,0.9315540194511414,0,-9.1244535446167,-6.656397819519043,-0.05537800118327141,1,0.9988650679588318,0.023070989176630974,0.041674915701150894,0,-0.046606022864580154,0.6541719436645508,0.7549080848693848,0,-0.009846089407801628,-0.7559940218925476,0.6545050740242004,0,-0.2446800023317337,-40.595436096191406,-0.5145279765129089,1,0.9964249730110168,-0.0802658274769783,0.026365026831626892,0,0.08069517463445663,0.8117799162864685,-0.5783609747886658,0,0.02502002753317356,0.5784209966659546,0.8153550624847412,0,0.24466900527477264,-42.04787063598633,-2.0602309703826904,1,1,0,0,0,0,0.9999790191650391,-0.006444999948143959,0,0,0.006444999948143959,0.9999790191650391,0,-0.3733600080013275,-10.492194175720215,12.640663146972656,1,0.9736390709877014,-0.027476709336042404,-0.22643476724624634,0,-0.14767971634864807,0.680624783039093,-0.717593252658844,0,0.17383424937725067,0.7321167588233948,0.6586252450942993,0,9.124452590942383,-6.656398773193359,-0.05537800118327141,1,0.9879929423332214,0.13325747847557068,0.0781816616654396,0,-0.048877518624067307,-0.2104530930519104,0.9763810038566589,0,0.14656367897987366,-0.9684790372848511,-0.20141290128231049,0,0.2446800023317337,-40.59540557861328,-0.517041027545929,1,0.9704370498657227,0.24087490141391754,0.01520574651658535,0,-0.24127811193466187,0.9697880148887634,0.03601495176553726,0,-0.006071253679692745,-0.03861905634403229,0.9992360472679138,0,-0.24467000365257263,-42.04800033569336,-2.05764102935791,1,1,0,0,0,0,0.9998599886894226,-0.016728999093174934,0,0,0.016728999093174934,0.9998599886894226,0,0.3733600080013275,-10.492193222045898,12.640664100646973,1
