0.633,30,19,67
B0,mixamorig_Hips,-1,0.9924569725990295,-0.06456294655799866,0.10421285033226013,0,0.0499899797141552,0.9893299341201782,0.1368463933467865,0,-0.11193611472845078,-0.1306045800447464,0.9850950241088867,0,0.4397889971733093,91.62837982177734,0.6760129928588867,1
B1,mixamorig_Spine,0,0.9710981249809265,0.0703868642449379,-0.22806864976882935,0,-0.017986055463552475,0.9743919968605042,0.22413501143455505,0,0.23800434172153473,-0.2135549634695053,0.9474958777427673,0,9.999999974752427e-7,9.92345905303955,-1.227334976196289,1
B2,mixamorig_Spine1,1,0.9993870854377747,0.017033163458108902,-0.030599065124988556,0,-0.01859484240412712,0.9985000491142273,-0.05149931460618973,0,0.02967594936490059,0.052036695182323456,0.9982040524482727,0,-0.00013899999612476677,11.645440101623535,-1.422340989112854,1
B3,mixamorig_Spine2,2,0.9994279742240906,0.014413096942007542,-0.03057893179357052,0,-0.0159539096057415,0.998583972454071,-0.05075708031654358,0,0.02980407513678074,0.051215916872024536,0.9982430338859558,0,0.00009100000170292333,13.360203742980957,-1.6264599561691284,1
B4,mixamorig_Neck,3,0.9980980157852173,-0.050623659044504166,0.03517578914761543,0,0.047510337084531784,0.995305061340332,0.08431975543498993,0,-0.03927924856543541,-0.08248824626207352,0.995818018913269,0,0.00002499999936844688,15.032490730285645,0.7929049730300903,1
B5,mixamorig_Head,4,0.9943300485610962,0.028768321499228477,0.1023750752210617,0,0.007481280714273453,0.9414010047912598,-0.33720502257347107,0,-0.10607682168483734,0.33605894446372986,0.9358479976654053,0,0.0000019999999949504854,10.321830749511719,3.1424291133880615,1
B6,mixamorig_HeadTop_End,5,1,0,0,0,0,1,0,0,0,0,1,0,0.0001539999939268455,18.474672317504883,6.636398792266846,1
B7,mixamorig_LeftEye,5,1,0,0,0,0,1,0,0,0,0,1,0,2.9479150772094727,7.681746006011963,9.120731353759766,1
B8,mixamorig_RightEye,5,1,0,0,0,0,1,0,0,0,0,1,0,-2.9444808959960938,7.681746006011963,9.120495796203613,1
B9,mixamorig_LeftShoulder,3,0.9885219931602478,-0.06722329556941986,0.13529495894908905,0,0.06053469330072403,0.9967600107192993,0.05296294018626213,0,-0.13841702044010162,-0.04416501894593239,0.9893890619277954,0,6.105823993682861,9.110424041748047,0.705551028251648,1
B10,mixamorig_LeftArm,9,0.4361599087715149,-0.43167683482170105,-0.7895691394805908,0,0.8988679647445679,0.25036725401878357,0.35965487360954285,0,0.04242756590247154,-0.8665860295295715,0.4972210228443146,0,12.655036926269531,-0.2659339904785156,-2.600922107696533,1
B11,mixamorig_LeftForeArm,10,0.33238595724105835,0,0.9431430101394653,0,0,1,0,0,-0.9431430101394653,0,0.33238595724105835,0,27.40468406677246,0.00003899999865097925,0.000007000000096013537,1
B12,mixamorig_LeftHand,11,0.9993829131126404,-0.028867950662970543,-0.02002210170030594,0,0.024694064632058144,0.982591986656189,-0.18412597477436066,0,0.02498890459537506,0.18351800739765167,0.982698917388916,0,27.614463806152344,0.000029000000722589903,0.000019999999494757503,1
B13,mixamorig_LeftHandMiddle1,12,0.994935929775238,-0.09979002177715302,-0.012037995271384716,0,0.09978996217250824,0.9950079917907715,-0.0006021601730026305,0,0.012037987820804119,-0.0006021601730026305,0.9999269843101501,0,12.77552318572998,0.000012999999853491317,0.000019999999494757503,1
B14,mixamorig_LeftHandMiddle2,13,0.977403998374939,-0.2098570168018341,-0.02531503513455391,0,0.2098570019006729,0.977728009223938,-0.0026866223197430372,0,0.025315046310424805,-0.0026866234838962555,0.9996760487556458,0,3.613970994949341,0.000003000000106112566,0.0000019999999949504854,1
B15,mixamorig_LeftHandMiddle3,14,0.9987260103225708,-0.050101008266210556,-0.0060439868830144405,0,0.05010099336504936,0.998744010925293,-0.00015200136112980545,0,0.0060440124943852425,-0.00015100205200724304,0.9999819397926331,0,3.4597599506378174,9.999999974752427e-7,-0.000025999999706982635,1
B16,mixamorig_LeftHandMiddle4,15,1,0,0,0,0,1,0,0,0,0,1,0,3.680191993713379,0,0.00003300000025774352,1
B17,mixamorig_LeftHandThumb1,12,0.9927319288253784,0.10445300489664078,-0.05977519229054451,0,-0.10610896348953247,0.994035005569458,-0.025224825367331505,0,0.05678378418087959,0.03138415142893791,0.9978929758071899,0,3.7888100147247314,-2.166996955871582,3.0030879974365234,1
B18,mixamorig_LeftHandThumb2,17,0.9889320135116577,0.0263631884008646,-0.1460079699754715,0,-0.016079772263765335,0.9973349571228027,0.07116822153329849,0,0.14749501645565033,-0.06803273409605026,0.9867200255393982,0,3.675442934036255,-2.1220080852508545,2.12201189994812,1
B19,mixamorig_LeftHandThumb3,18,0.9984279870986938,0.04565204679965973,-0.03251761198043823,0,-0.0459519624710083,0.9989070892333984,-0.008536092936992645,0,0.032092392444610596,0.010016925632953644,0.9994349479675293,0,3.3943591117858887,-1.9597439765930176,1.959792971611023,1
B20,mixamorig_LeftHandThumb4,19,1,0,0,0,0,1,0,0,0,0,1,0,2.6794040203094482,-1.5469449758529663,1.5469199419021606,1
B21,mixamorig_LeftHandIndex1,12,0.994907021522522,-0.10006800293922424,-0.012071022763848305,0,0.10006800293922424,0.994979977607727,-0.0006050036754459143,0,0.012070978060364723,-0.000606001412961632,0.9999269843101501,0,12.26661491394043,-0.23166899383068085,2.8220579624176025,1
B22,mixamorig_LeftHandIndex2,21,0.9774640202522278,-0.2095850259065628,-0.025281941518187523,0,0.20958495140075684,0.9777870178222656,-0.0026800502091646194,0,0.02528204210102558,-0.0026790613774210215,0.9996770024299622,0,3.8919670581817627,0.0000019999999949504854,0.00003899999865097925,1
B23,mixamorig_LeftHandIndex3,22,0.9987260103225708,-0.050101008266210556,-0.006044012028723955,0,0.05010099336504936,0.998744010925293,-0.00015100199379958212,0,0.006043987348675728,-0.00015200141933746636,0.9999819397926331,0,3.415160894393921,9.999999974752427e-7,-0.000009000000318337698,1
B24,mixamorig_LeftHandIndex4,23,1,0,0,0,0,1,0,0,0,0,1,0,3.077986001968384,0,-0.000009000000318337698,1
B25,mixamorig_LeftHandRing1,12,0.994907021522522,-0.10006800293922424,-0.012071022763848305,0,0.10006800293922424,0.994979977607727,-0.0006050036754459143,0,0.012070978060364723,-0.000606001412961632,0.9999269843101501,0,12.147005081176758,0.00989499967545271,-2.2166290283203125,1
B26,mixamorig_LeftHandRing2,25,0.9774640202522278,-0.2095850259065628,-0.025281941518187523,0,0.20958495140075684,0.9777870178222656,-0.0026800502091646194,0,0.02528204210102558,-0.0026790613774210215,0.9996770024299622,0,3.6011910438537598,0.0000019999999949504854,0.000035000000934815034,1
B27,mixamorig_LeftHandRing3,26,0.9884439706802368,-0.15049804747104645,-0.018154004588723183,0,0.1504979282617569,0.9886090159416199,-0.0013740089489147067,0,0.018153995275497437,-0.0013740090653300285,0.9998340010643005,0,3.307317018508911,0.000004999999873689376,-0.00002099999983329326,1
B28,mixamorig_LeftHandRing4,27,1,0,0,0,0,1,0,0,0,0,1,0,3.6601150035858154,0.000003000000106112566,0,1
B29,mixamorig_LeftHandPinky1,12,0.9924150705337524,-0.09092164784669876,-0.08274216949939728,0,0.09121933579444885,0.9958309531211853,-0.00018305749108549207,0,0.08241381496191025,-0.007366012781858444,0.9965709447860718,0,10.908194541931152,-0.22636500000953674,-4.725818157196045,1
B30,mixamorig_LeftHandPinky2,29,0.9749019742012024,-0.21827706694602966,0.04382389411330223,0,0.2179369479417801,0.9758830070495605,0.01245267316699028,0,-0.04548517242074013,-0.0025892939884215593,0.9989620447158813,0,4.136651992797852,0.0000019999999949504854,0.00002700000004551839,1
B31,mixamorig_LeftHandPinky3,30,0.9884439706802368,-0.15049804747104645,-0.018154004588723183,0,0.1504979282617569,0.9886090159416199,-0.0013740089489147067,0,0.018153995275497437,-0.0013740090653300285,0.9998340010643005,0,2.5948359966278076,0,-0.00003600000127335079,1
B32,mixamorig_LeftHandPinky4,31,1,0,0,0,0,1,0,0,0,0,1,0,2.9238688945770264,9.999999974752427e-7,0.000018999999156221747,1
B33,mixamorig_RightShoulder,3,0.9937599897384644,0.08152388781309128,-0.07612793147563934,0,-0.07942711561918259,0.9963840246200562,0.03018098883330822,0,0.07831306010484695,-0.023946015164256096,0.9966409206390381,0,-6.105696201324463,9.110508918762207,0.7055630087852478,1
B34,mixamorig_RightArm,33,0.5869957208633423,0.7466862797737122,-0.31288185715675354,0,-0.7906957864761353,0.6117593050003052,-0.023468133062124252,0,0.17388509213924408,0.2611701190471649,0.9495019316673279,0,-12.655040740966797,-0.2660210132598877,-2.600895881652832,1
B35,mixamorig_RightForeArm,34,-0.023870082572102547,2.387002062675947e-8,-0.9997150301933289,0,0.0000019997153231088305,1,-2.3870024179473148e-8,0,0.9997150301933289,-0.000001999715095735155,-0.023870082572102547,0,-27.40468406677246,0.00003300000025774352,0.000004999999873689376,1
B36,mixamorig_RightHand,35,0.9421459436416626,-0.33506807684898376,-0.009510252624750137,0,0.32225891947746277,0.9132079482078552,-0.2494025081396103,0,0.09225158393383026,0.23190860450267792,0.9683530926704407,0,-27.614463806152344,0.00002300000051036477,0.000018000000636675395,1
B37,mixamorig_RightHandMiddle1,36,0.9980369210243225,0.06217401847243309,0.007574012037366629,0,-0.06217397749423981,0.9980649948120117,-0.0002356844925088808,0,-0.007574006915092468,-0.00023568450706079602,0.9999709725379944,0,-12.77552318572998,0.000009000000318337698,0.000018000000636675395,1
B38,mixamorig_RightHandMiddle2,37,0.9593530893325806,0.2801390588283539,0.03412499651312828,0,-0.28013893961906433,0.9599469900131226,-0.00487902807071805,0,-0.03412499651312828,-0.0048790303990244865,0.9994060397148132,0,-3.613970994949341,0.000003000000106112566,0.000003000000106112566,1
B39,mixamorig_RightHandMiddle3,38,0.9995089769363403,0.031102001667022705,0.0037890004459768534,0,-0.031101997941732407,0.9995160102844238,-0.00005893721026950516,0,-0.0037890016101300716,-0.00005893723573535681,0.999993085861206,0,-3.4597599506378174,0,-0.000025999999706982635,1
B40,mixamorig_RightHandMiddle4,39,1,0,0,0,0,1,0,0,0,0,1,0,-3.680191993713379,-9.999999974752427e-7,0.00003300000025774352,1
B41,mixamorig_RightHandThumb1,36,0.9562370181083679,-0.2404581904411316,0.166705921292305,0,0.2377118021249771,0.9706479907035828,0.03654000908136368,0,-0.1705990582704544,0.004687055479735136,0.9853289723396301,0,-3.788809061050415,-2.1669979095458984,3.003087043762207,1
B42,mixamorig_RightHandThumb2,41,0.9842069745063782,-0.09528504312038422,0.14918577671051025,0,0.08466093242168427,0.9935050010681152,0.07602791488170624,0,-0.15546122193336487,-0.06219703331589699,0.9858819246292114,0,-3.675442934036255,-2.122009038925171,2.12201189994812,1
B43,mixamorig_RightHandThumb3,42,0.9970970153808594,-0.07611773163080215,0.0019709370099008083,0,0.07614227384328842,0.9966210126876831,-0.030797161161899567,0,0.0003799329570028931,0.030857840552926064,0.999523937702179,0,-3.394357919692993,-1.95974600315094,1.959792971611023,1
B44,mixamorig_RightHandThumb4,43,1,0,0,0,0,1,0,0,0,0,1,0,-2.6794040203094482,-1.5469460487365723,1.5469199419021606,1
B45,mixamorig_RightHandIndex1,36,0.9980369210243225,0.06217401847243309,0.007574012037366629,0,-0.06217397749423981,0.9980649948120117,-0.0002356844925088808,0,-0.007574006915092468,-0.00023568450706079602,0.9999709725379944,0,-12.266615867614746,-0.231673002243042,2.8220560550689697,1
B46,mixamorig_RightHandIndex2,45,0.9593530893325806,0.2801390588283539,0.03412499651312828,0,-0.28013893961906433,0.9599469900131226,-0.00487902807071805,0,-0.03412499651312828,-0.0048790303990244865,0.9994060397148132,0,-3.8919670581817627,0,0.000037999998312443495,1
B47,mixamorig_RightHandIndex3,46,0.9995089769363403,0.031102001667022705,0.0037890004459768534,0,-0.031101997941732407,0.9995160102844238,-0.00005893721026950516,0,-0.0037890016101300716,-0.00005893723573535681,0.999993085861206,0,-3.415160894393921,0,-0.000009000000318337698,1
B48,mixamorig_RightHandIndex4,47,1,0,0,0,0,1,0,0,0,0,1,0,-3.077986001968384,-9.999999974752427e-7,-0.000009000000318337698,1
B49,mixamorig_RightHandRing1,36,0.9980369210243225,0.06217401847243309,0.007574012037366629,0,-0.06217397749423981,0.9980649948120117,-0.0002356844925088808,0,-0.007574006915092468,-0.00023568450706079602,0.9999709725379944,0,-12.147004127502441,0.009890999644994736,-2.2166309356689453,1
B50,mixamorig_RightHandRing2,49,0.9593530893325806,0.2801390588283539,0.03412499651312828,0,-0.28013893961906433,0.9599469900131226,-0.00487902807071805,0,-0.03412499651312828,-0.0048790303990244865,0.9994060397148132,0,-3.6011910438537598,0,0.000035000000934815034,1
B51,mixamorig_RightHandRing3,50,0.9995089769363403,0.031102001667022705,0.0037890004459768534,0,-0.031101997941732407,0.9995160102844238,-0.00005893721026950516,0,-0.0037890016101300716,-0.00005893723573535681,0.999993085861206,0,-3.307317018508911,0.000003999999989900971,-0.00002099999983329326,1
B52,mixamorig_RightHandRing4,51,1,0,0,0,0,1,0,0,0,0,1,0,-3.6601150035858154,0.0000019999999949504854,9.999999974752427e-7,1
B53,mixamorig_RightHandPinky1,36,0.9980369210243225,0.06217401847243309,0.007574012037366629,0,-0.06217397749423981,0.9980649948120117,-0.0002356844925088808,0,-0.007574006915092468,-0.00023568450706079602,0.9999709725379944,0,-10.908193588256836,-0.2263689935207367,-4.725820064544678,1
B54,mixamorig_RightHandPinky2,53,0.9593530893325806,0.2801390588283539,0.03412499651312828,0,-0.28013893961906433,0.9599469900131226,-0.00487902807071805,0,-0.03412499651312828,-0.0048790303990244865,0.9994060397148132,0,-4.136651992797852,0,0.000025999999706982635,1
B55,mixamorig_RightHandPinky3,54,0.9995089769363403,0.031102001667022705,0.0037890004459768534,0,-0.031101997941732407,0.9995160102844238,-0.00005893721026950516,0,-0.0037890016101300716,-0.00005893723573535681,0.999993085861206,0,-2.5948359966278076,-9.999999974752427e-7,-0.000037000001611886546,1
B56,mixamorig_RightHandPinky4,55,1,0,0,0,0,1,0,0,0,0,1,0,-2.9238688945770264,9.999999974752427e-7,0.000018999999156221747,1
B57,mixamorig_RightUpLeg,0,0.9929260611534119,0.09358195215463638,0.07308227568864822,0,-0.09071007370948792,0.9950049519538879,-0.04168058931827545,0,-0.0766177698969841,0.034756436944007874,0.9964550733566284,0,-9.1244535446167,-6.656397819519043,-0.05537800118327141,1
B58,mixamorig_RightLeg,57,0.991366982460022,0.02478756196796894,-0.12875396013259888,0,0.05511866882443428,0.8122050762176514,0.5807620286941528,0,0.11897028237581253,-0.5828450322151184,0.8038269281387329,0,-0.2446800023317337,-40.595436096191406,-0.5145279765129089,1
B59,mixamorig_RightFoot,58,0.9837129712104797,-0.1497429758310318,-0.09942970424890518,0,0.11603990197181702,0.9514989256858826,-0.28492820262908936,0,0.13727325201034546,0.26874974370002747,0.9533780217170715,0,0.24466900527477264,-42.04787063598633,-2.0602309703826904,1
B60,mixamorig_RightToeBase,59,1,0,0,0,0,0.8573269844055176,-0.5147729516029358,0,0,0.5147729516029358,0.8573269844055176,0,-0.3733600080013275,-10.492194175720215,12.640663146972656,1
B61,mixamorig_RightToe_End,60,1,0,0,0,0,1,0,0,0,0,1,0,0,0,9.992521286010742,1
B62,mixamorig_LeftUpLeg,0,0.9866070747375488,0.09314008057117462,-0.13391199707984924,0,-0.16284695267677307,0.6097238659858704,-0.775705099105835,0,0.009400096721947193,0.787122905254364,0.6167251467704773,0,9.124452590942383,-6.656398773193359,-0.05537800118327141,1
B63,mixamorig_LeftLeg,62,0.9915069937705994,0.11773508787155151,0.05525271221995354,0,0.026165680959820747,-0.5967357158660889,0.8020111918449402,0,0.1273960918188095,-0.7937537431716919,-0.5947481393814087,0,0.2446800023317337,-40.59540557861328,-0.517041027545929,1
B64,mixamorig_LeftFoot,63,0.9947320818901062,0.095368891954422,-0.03758397325873375,0,-0.0908651277422905,0.9900609850883484,0.10734779387712479,0,0.047448065131902695,-0.10336721688508987,0.9935110211372375,0,-0.24467000365257263,-42.04800033569336,-2.05764102935791,1
B65,mixamorig_LeftToeBase,64,1,0,0,0,0,0.9999549984931946,0.009496998973190784,0,0,-0.009496998973190784,0.9999549984931946,0,0.3733600080013275,-10.492193222045898,12.640664100646973,1
B66,mixamorig_LeftToe_End,65,1,0,0,0,0,1,0,0,0,0,1,0,0,9.999999974752427e-7,9.992521286010742,1
@52,0,1,2,3,4,5,9,10,11,12,13,14,15,17,18,19,21,22,23,25,26,27,29,30,31,33,34,35,36,37,38,39,41,42,43,45,46,47,49,50,51,53,54,55,57,58,59,60,62,63,64,65
K0.000,0.9924569725990295,-0.06456297636032104,0.10421285778284073,0,0.049990009516477585,0.9893299341201782,0.1368464082479477,0,-0.11193612217903137,-0.1306045949459076,0.9850950241088867,0,0.4397889971733093,91.62837982177734,0.6760129928588867,1,0.9710981249809265,0.07038690894842148,-0.22806864976882935,0,-0.017986098304390907,0.9743919968605042,0.22413502633571625,0,0.23800435662269592,-0.2135549783706665,0.9474958777427673,0,9.999999974752427e-7,9.92345905303955,-1.227334976196289,1,0.9993870854377747,0.017033159732818604,-0.03059905767440796,0,-0.018594838678836823,0.9985000491142273,-0.05149931088089943,0,0.029675941914319992,0.05203669145703316,0.9982040524482727,0,-0.00013899999612476677,11.645440101623535,-1.422340989112854,1,0.9994279742240906,0.014413094148039818,-0.03057892993092537,0,-0.01595390774309635,0.998583972454071,-0.05075708031654358,0,0.02980407327413559,0.051215916872024536,0.9982430338859558,0,0.00009100000170292333,13.360203742980957,-1.6264599561691284,1,0.9980980157852173,-0.050623662769794464,0.03517577052116394,0,0.04751034080982208,0.995305061340332,0.08431975543498993,0,-0.03927922993898392,-0.08248824626207352,0.995818018913269,0,0.00002499999936844688,15.032490730285645,0.7929049730300903,1,0.9943300485610962,0.02876831218600273,0.10237513482570648,0,0.007481311447918415,0.941400945186615,-0.33720505237579346,0,-0.10607686638832092,0.33605900406837463,0.9358479976654053,0,0.0000019999999949504854,10.321830749511719,3.1424291133880615,1,0.9885219931602478,-0.06722329556941986,0.13529497385025024,0,0.06053469330072403,0.9967600107192993,0.05296296626329422,0,-0.13841703534126282,-0.04416503757238388,0.9893890023231506,0,6.105823993682861,9.110424041748047,0.705551028251648,1,0.43615972995758057,-0.4316767752170563,-0.7895693182945251,0,0.8988680839538574,0.25036710500717163,0.3596547544002533,0,0.04242758825421333,-0.8665861487388611,0.49722087383270264,0,12.655036926269531,-0.2659339904785156,-2.600922107696533,1,0.33238595724105835,0,0.9431430101394653,0,0,1,0,0,-0.9431430101394653,0,0.33238595724105835,0,27.40468406677246,0.00003899999865097925,0.000007000000096013537,1,0.9993829131126404,-0.028867939487099648,-0.02002209611237049,0,0.024694055318832397,0.982591986656189,-0.18412597477436066,0,0.024988899007439613,0.18351800739765167,0.982698917388916,0,27.614463806152344,0.000029000000722589903,0.000019999999494757503,1,0.994935929775238,-0.09979002177715302,-0.012038003653287888,0,0.09978996217250824,0.9950079917907715,-0.0006021605804562569,0,0.01203799620270729,-0.0006021605804562569,0.9999269843101501,0,12.77552318572998,0.000012999999853491317,0.000019999999494757503,1,0.977403998374939,-0.2098570168018341,-0.025314996019005775,0,0.2098570019006729,0.977728009223938,-0.0026866185944527388,0,0.02531500719487667,-0.0026866185944527388,0.9996760487556458,0,3.613970994949341,0.000003000000106112566,0.0000019999999949504854,1,0.9987260103225708,-0.050101008266210556,-0.0060439868830144405,0,0.05010099336504936,0.998744010925293,-0.00015200171037577093,0,0.0060440124943852425,-0.00015100170276127756,0.9999819397926331,0,3.4597599506378174,9.999999974752427e-7,-0.000025999999706982635,1,0.9927319288253784,0.10445301979780197,-0.059775203466415405,0,-0.10610897839069366,0.994035005569458,-0.02522483468055725,0,0.05678379163146019,0.03138416260480881,0.9978929758071899,0,3.7888100147247314,-2.166996955871582,3.0030879974365234,1,0.9889320135116577,0.026363208889961243,-0.1460079699754715,0,-0.016079790890216827,0.9973349571228027,0.07116824388504028,0,0.14749501645565033,-0.06803274899721146,0.9867200255393982,0,3.675442934036255,-2.1220080852508545,2.12201189994812,1,0.9984279870986938,0.04565204679965973,-0.03251761198043823,0,-0.0459519624710083,0.9989070892333984,-0.008536083623766899,0,0.032092392444610596,0.010016916319727898,0.9994349479675293,0,3.3943591117858887,-1.9597439765930176,1.959792971611023,1,0.994907021522522,-0.10006800293922424,-0.01207102369517088,0,0.10006800293922424,0.994979977607727,-0.0006050025695003569,0,0.012070978060364723,-0.0006060025189071894,0.9999269843101501,0,12.26661491394043,-0.23166899383068085,2.8220579624176025,1,0.9774640202522278,-0.2095850110054016,-0.02528194710612297,0,0.20958493649959564,0.9777870178222656,-0.0026800562627613544,0,0.02528204768896103,-0.002679056255146861,0.9996770024299622,0,3.8919670581817627,0.0000019999999949504854,0.00003899999865097925,1,0.9987260103225708,-0.050101008266210556,-0.006044012028723955,0,0.05010099336504936,0.998744010925293,-0.00015100171731319278,0,0.006043987348675728,-0.0001520016958238557,0.9999819397926331,0,3.415160894393921,9.999999974752427e-7,-0.000009000000318337698,1,0.994907021522522,-0.10006800293922424,-0.01207102369517088,0,0.10006800293922424,0.994979977607727,-0.0006050025695003569,0,0.012070978060364723,-0.0006060025189071894,0.9999269843101501,0,12.147005081176758,0.00989499967545271,-2.2166290283203125,1,0.9774640202522278,-0.2095850110054016,-0.02528194710612297,0,0.20958493649959564,0.9777870178222656,-0.0026800562627613544,0,0.02528204768896103,-0.002679056255146861,0.9996770024299622,0,3.6011910438537598,0.0000019999999949504854,0.000035000000934815034,1,0.9884439706802368,-0.15049806237220764,-0.018154006451368332,0,0.1504979431629181,0.9886090159416199,-0.0013740092981606722,0,0.018153997138142586,-0.0013740092981606722,0.9998340010643005,0,3.307317018508911,0.000004999999873689376,-0.00002099999983329326,1,0.9924150705337524,-0.09092165529727936,-0.08274217694997787,0,0.09121934324502945,0.9958309531211853,-0.00018303583783563226,0,0.08241382241249084,-0.00736603606492281,0.9965709447860718,0,10.908194541931152,-0.22636500000953674,-4.725818157196045,1,0.9749019742012024,-0.21827706694602966,0.043823856860399246,0,0.2179369330406189,0.9758830070495605,0.012452686205506325,0,-0.04548514261841774,-0.0025893147103488445,0.9989620447158813,0,4.136651992797852,0.0000019999999949504854,0.00002700000004551839,1,0.9884439706802368,-0.15049806237220764,-0.018154006451368332,0,0.1504979431629181,0.9886090159416199,-0.0013740092981606722,0,0.018153997138142586,-0.0013740092981606722,0.9998340010643005,0,2.5948359966278076,0,-0.00003600000127335079,1,0.9937599897384644,0.08152388036251068,-0.07612792402505875,0,-0.07942710816860199,0.9963840246200562,0.03018098510801792,0,0.07831305265426636,-0.023946013301610947,0.9966409206390381,0,-6.105696201324463,9.110508918762207,0.7055630087852478,1,0.5869957208633423,0.7466862201690674,-0.31288182735443115,0,-0.7906957268714905,0.61175936460495,-0.023468010127544403,0,0.17388518154621124,0.26116999983787537,0.9495019316673279,0,-12.655040740966797,-0.2660210132598877,-2.600895881652832,1,-0.023870082572102547,2.4161913358966558e-8,-0.9997150301933289,0,0.0000020241618585714605,1,-2.416175526320785e-8,0,0.9997150301933289,-0.000002024161631197785,-0.023870082572102547,0,-27.40468406677246,0.00003300000025774352,0.000004999999873689376,1,0.9421459436416626,-0.33506807684898376,-0.009510346688330173,0,0.32225891947746277,0.9132079482078552,-0.2494024634361267,0,0.09225165843963623,0.23190852999687195,0.9683530926704407,0,-27.614463806152344,0.00002300000051036477,0.000018000000636675395,1,0.9980369210243225,0.06217401847243309,0.0075740027241408825,0,-0.06217397749423981,0.9980649948120117,-0.00023568421602249146,0,-0.007573997601866722,-0.00023568421602249146,0.9999709725379944,0,-12.77552318572998,0.000009000000318337698,0.000018000000636675395,1,0.9593530893325806,0.2801390588283539,0.03412500023841858,0,-0.28013893961906433,0.9599469900131226,-0.004879029467701912,0,-0.03412500023841858,-0.004879029933363199,0.9994060397148132,0,-3.613970994949341,0.000003000000106112566,0.000003000000106112566,1,0.9995089769363403,0.031102001667022705,0.0037889997474849224,0,-0.031101997941732407,0.9995160102844238,-0.00005893721026950516,0,-0.0037890009116381407,-0.000058937213907483965,0.999993085861206,0,-3.4597599506378174,0,-0.000025999999706982635,1,0.9562370181083679,-0.2404581904411316,0.166705921292305,0,0.2377118021249771,0.9706479907035828,0.03654003515839577,0,-0.1705990582704544,0.004687031265348196,0.9853289723396301,0,-3.788809061050415,-2.1669979095458984,3.003087043762207,1,0.9842069745063782,-0.09528505057096481,0.14918577671051025,0,0.08466093242168427,0.9935050010681152,0.07602793723344803,0,-0.15546122193336487,-0.06219705566763878,0.9858819246292114,0,-3.675442934036255,-2.122009038925171,2.12201189994812,1,0.9970970153808594,-0.07611773163080215,0.0019709349144250154,0,0.07614227384328842,0.9966210126876831,-0.030797159299254417,0,0.00037993479054421186,0.030857836827635765,0.999523937702179,0,-3.394357919692993,-1.95974600315094,1.959792971611023,1,0.9980369210243225,0.06217401847243309,0.0075740027241408825,0,-0.06217397749423981,0.9980649948120117,-0.00023568421602249146,0,-0.007573997601866722,-0.00023568421602249146,0.9999709725379944,0,-12.266615867614746,-0.231673002243042,2.8220560550689697,1,0.9593530893325806,0.2801390588283539,0.03412500023841858,0,-0.28013893961906433,0.9599469900131226,-0.004879029467701912,0,-0.03412500023841858,-0.004879029933363199,0.9994060397148132,0,-3.8919670581817627,0,0.000037999998312443495,1,0.9995089769363403,0.031102001667022705,0.0037889997474849224,0,-0.031101997941732407,0.9995160102844238,-0.00005893721026950516,0,-0.0037890009116381407,-0.000058937213907483965,0.999993085861206,0,-3.415160894393921,0,-0.000009000000318337698,1,0.9980369210243225,0.06217401847243309,0.0075740027241408825,0,-0.06217397749423981,0.9980649948120117,-0.00023568421602249146,0,-0.007573997601866722,-0.00023568421602249146,0.9999709725379944,0,-12.147004127502441,0.009890999644994736,-2.2166309356689453,1,0.9593530893325806,0.2801390588283539,0.03412500023841858,0,-0.28013893961906433,0.9599469900131226,-0.004879029467701912,0,-0.03412500023841858,-0.004879029933363199,0.9994060397148132,0,-3.6011910438537598,0,0.000035000000934815034,1,0.9995089769363403,0.031102001667022705,0.0037889997474849224,0,-0.031101997941732407,0.9995160102844238,-0.00005893721026950516,0,-0.0037890009116381407,-0.000058937213907483965,0.999993085861206,0,-3.307317018508911,0.000003999999989900971,-0.00002099999983329326,1,0.9980369210243225,0.06217401847243309,0.0075740027241408825,0,-0.06217397749423981,0.9980649948120117,-0.00023568421602249146,0,-0.007573997601866722,-0.00023568421602249146,0.9999709725379944,0,-10.908193588256836,-0.2263689935207367,-4.725820064544678,1,0.9593530893325806,0.2801390588283539,0.03412500023841858,0,-0.28013893961906433,0.9599469900131226,-0.004879029467701912,0,-0.03412500023841858,-0.004879029933363199,0.9994060397148132,0,-4.136651992797852,0,0.000025999999706982635,1,0.9995089769363403,0.031102001667022705,0.0037889997474849224,0,-0.031101997941732407,0.9995160102844238,-0.00005893721026950516,0,-0.0037890009116381407,-0.000058937213907483965,0.999993085861206,0,-2.5948359966278076,-9.999999974752427e-7,-0.000037000001611886546,1,0.9929260611534119,0.09358192980289459,0.07308225333690643,0,-0.09071005880832672,0.9950049519538879,-0.04168057441711426,0,-0.07661774754524231,0.03475642576813698,0.9964550733566284,0,-9.1244535446167,-6.656397819519043,-0.05537800118327141,1,0.991366982460022,0.024787575006484985,-0.12875381112098694,0,0.05511857569217682,0.8122050762176514,0.5807620286941528,0,0.11897017806768417,-0.5828449726104736,0.8038269877433777,0,-0.2446800023317337,-40.595436096191406,-0.5145279765129089,1,0.9837129712104797,-0.14974303543567657,-0.09942971915006638,0,0.11603993922472,0.9514988660812378,-0.28492823243141174,0,0.13727328181266785,0.26874977350234985,0.9533780217170715,0,0.24466900527477264,-42.04787063598633,-2.0602309703826904,1,1,0,0,0,0,0.8573269844055176,-0.5147729516029358,0,0,0.5147729516029358,0.8573269844055176,0,-0.3733600080013275,-10.492194175720215,12.640663146972656,1,0.9866070747375488,0.09314008057117462,-0.13391193747520447,0,-0.1628469079732895,0.6097238659858704,-0.775705099105835,0,0.009400063194334507,0.787122905254364,0.6167251467704773,0,9.124452590942383,-6.656398773193359,-0.05537800118327141,1,0.9915069341659546,0.11773525178432465,0.05525274574756622,0,0.02616574428975582,-0.5967357754707336,0.802011251449585,0,0.12739625573158264,-0.7937538027763367,-0.5947481393814087,0,0.2446800023317337,-40.59540557861328,-0.517041027545929,1,0.9947320818901062,0.0953688845038414,-0.037583958357572556,0,-0.0908651202917099,0.9900609850883484,0.10734778642654419,0,0.0474480465054512,-0.10336721688508987,0.9935110211372375,0,-0.24467000365257263,-42.04800033569336,-2.05764102935791,1,1,0,0,0,0,0.9999549984931946,0.009496999904513359,0,0,-0.009496999904513359,0.9999549984931946,0,0.3733600080013275,-10.492193222045898,12.640664100646973,1
