<?xml version="1.0" encoding="utf-8"?>
<COLLADA xmlns="http://www.collada.org/2005/11/COLLADASchema" version="1.4.1">
  <asset><contributor><author>Mixamo</author><authoring_tool>COLLADA Mixamo exporter</authoring_tool><comments></comments></contributor><created>2018-04-27T09:08:59Z</created><modified>2018-04-27T09:08:59Z</modified><revision></revision><title></title><unit meter="0.010000"/><up_axis>Y_UP</up_axis></asset>
  <library_animations>
    <animation id="mixamorig_Hips-anim" name="mixamorig_Hips"><source id="mixamorig_Hips-Matrix-animation-input"><float_array id="mixamorig_Hips-Matrix-animation-input-array" count="22">

0.000000 0.033333 0.066667 0.100000 0.133333 0.166667 0.200000 0.233333 0.266667 0.300000 0.333333 0.366667 0.400000 0.433333 0.466667 0.500000
0.533333 0.566667 0.600000 0.633333 0.666667 0.700000</float_array><technique_common><accessor source="#mixamorig_Hips-Matrix-animation-input-array" count="22"><param name="TIME" type="float"/></accessor></technique_common></source><source id="mixamorig_Hips-Matrix-animation-output-transform"><float_array id="mixamorig_Hips-Matrix-animation-output-transform-array" count="352">

0.996491 0.081294 -0.019924 0.372604 -0.083623 0.977120 -0.195562 88.122681 0.003570 0.196542 0.980489 0.130032 0.000000 0.000000 0.000000 1.000000
0.999474 0.015209 -0.028659 0.423481 -0.019733 0.986116 -0.164880 88.795837 0.025754 0.165359 0.985897 14.087729 0.000000 0.000000 0.000000 1.000000
0.996982 -0.072754 -0.027082 0.172729 0.066932 0.982304 -0.174926 90.824081 0.039329 0.172586 0.984209 28.444487 0.000000 0.000000 0.000000 1.000000
0.983555 -0.180597 -0.002218 -0.197629 0.177225 0.967414 -0.180834 92.511673 0.034804 0.177467 0.983511 42.701973 0.000000 0.000000 0.000000 1.000000
0.979683 -0.197856 0.032770 -0.319597 0.200484 0.961963 -0.185564 94.329247 0.005191 0.188364 0.982086 56.784206 0.000000 0.000000 0.000000 1.000000
0.988949 -0.142486 0.040969 -0.278488 0.147728 0.970409 -0.191004 94.971428 -0.012541 0.194945 0.980734 70.613159 0.000000 0.000000 0.000000 1.000000
0.994835 -0.095282 0.034992 -0.223829 0.099562 0.983095 -0.153661 94.816162 -0.019759 0.156351 0.987504 83.967590 0.000000 0.000000 0.000000 1.000000
0.996736 -0.037259 0.071612 -0.055989 0.046587 0.989974 -0.133347 93.666046 -0.065926 0.136248 0.988479 97.693054 0.000000 0.000000 0.000000 1.000000
0.995267 -0.019174 0.095265 -0.116357 0.032512 0.989547 -0.140499 91.358696 -0.091576 0.142931 0.985487 111.785332 0.000000 0.000000 0.000000 1.000000
0.995718 -0.023729 0.089350 -0.348524 0.038989 0.984125 -0.173140 89.649307 -0.083823 0.175882 0.980836 126.133575 0.000000 0.000000 0.000000 1.000000
0.996996 -0.028541 0.072005 -1.086707 0.041355 0.982189 -0.183288 87.883774 -0.065491 0.185715 0.980419 140.240234 0.000000 0.000000 0.000000 1.000000
0.997168 0.021324 0.072120 -1.777875 -0.007866 0.983272 -0.181973 87.857994 -0.074794 0.180890 0.980655 154.260208 0.000000 0.000000 0.000000 1.000000
0.993710 0.075969 0.082270 -1.643768 -0.059490 0.980573 -0.186917 89.543251 -0.094871 0.180847 0.978925 168.454453 0.000000 0.000000 0.000000 1.000000
0.993573 0.106678 0.037847 -1.313920 -0.097934 0.977820 -0.185142 92.029808 -0.056758 0.180246 0.981983 182.611099 0.000000 0.000000 0.000000 1.000000
0.992301 0.123658 0.006915 -0.749779 -0.120403 0.976248 -0.180117 93.824196 -0.029024 0.177898 0.983621 196.563568 0.000000 0.000000 0.000000 1.000000
0.998055 0.059230 0.019428 -0.834077 -0.055190 0.984526 -0.166324 94.969673 -0.028978 0.164928 0.985880 210.277878 0.000000 0.000000 0.000000 1.000000
0.998332 -0.054081 0.020222 -1.303767 0.056393 0.988471 -0.140514 95.364777 -0.012389 0.141420 0.989872 223.940170 0.000000 0.000000 0.000000 1.000000
0.998331 -0.057632 0.003678 -1.319776 0.057660 0.991240 -0.118822 94.813889 0.003202 0.118836 0.992909 237.511719 0.000000 0.000000 0.000000 1.000000
0.999249 -0.022527 -0.031522 -0.965773 0.018776 0.993232 -0.114616 93.338028 0.033891 0.113938 0.992910 251.384781 0.000000 0.000000 0.000000 1.000000
0.998385 0.042001 -0.038244 -0.227370 -0.046534 0.990865 -0.126577 91.162399 0.032578 0.128152 0.991219 265.474182 0.000000 0.000000 0.000000 1.000000
0.996415 0.081947 -0.021009 0.120771 -0.084329 0.981898 -0.169603 89.171524 0.006730 0.170766 0.985289 279.755615 0.000000 0.000000 0.000000 1.000000
0.996491 0.081294 -0.019924 0.372604 -0.083623 0.977120 -0.195562 88.122688 0.003570 0.196542 0.980489 293.950073 0.000000 0.000000 0.000000 1.000000</float_array><technique_common><accessor source="#mixamorig_Hips-Matrix-animation-output-transform-array" count="22" stride="16"><param type="float4x4"/></accessor></technique_common></source><source id="mixamorig_Hips-Interpolations"><Name_array id="mixamorig_Hips-Interpolations-array" count="22">
 LINEAR LINEAR LINEAR LINEAR LINEAR LINEAR LINEAR LINEAR LINEAR LINEAR LINEAR
LINEAR LINEAR LINEAR LINEAR LINEAR LINEAR LINEAR LINEAR LINEAR LINEAR LINEAR</Name_array><technique_common><accessor source="#mixamorig_Hips-Interpolations-array" count="22"><param type="name"/></accessor></technique_common></source><sampler id="mixamorig_Hips-Matrix-animation-transform"><input semantic="INPUT" source="#mixamorig_Hips-Matrix-animation-input"/><input semantic="OUTPUT" source="#mixamorig_Hips-Matrix-animation-output-transform"/><input semantic="INTERPOLATION" source="#mixamorig_Hips-Interpolations"/></sampler><channel source="#mixamorig_Hips-Matrix-animation-transform" target="mixamorig_Hips/matrix"/></animation>
    <animation id="mixamorig_Spine-anim" name="mixamorig_Spine"><source id="mixamorig_Spine-Matrix-animation-input"><float_array id="mixamorig_Spine-Matrix-animation-input-array" count="22">

0.000000 0.033333 0.066667 0.100000 0.133333 0.166667 0.200000 0.233333 0.266667 0.300000 0.333333 0.366667 0.400000 0.433333 0.466667 0.500000
0.533333 0.566667 0.600000 0.633333 0.666667 0.700000</float_array><technique_common><accessor source="#mixamorig_Spine-Matrix-animation-input-array" count="22"><param name="TIME" type="float"/></accessor></technique_common></source><source id="mixamorig_Spine-Matrix-animation-output-transform"><float_array id="mixamorig_Spine-Matrix-animation-output-transform-array" count="352">

0.992632 -0.118301 0.026201 0.000000 0.121063 0.977297 -0.173879 9.923500 -0.005036 0.175769 0.984418 -1.227300 0.000000 0.000000 0.000000 1.000000
0.993158 -0.034393 0.111599 0.000000 0.054657 0.981412 -0.183963 9.923500 -0.103197 0.188804 0.976577 -1.227300 0.000000 0.000000 0.000000 1.000000
0.984053 0.073782 0.161850 -0.000000 -0.045670 0.984214 -0.170991 9.923500 -0.171911 0.160872 0.971888 -1.227300 0.000000 0.000000 0.000000 1.000000
0.958946 0.209965 0.190625 -0.000000 -0.177153 0.968412 -0.175485 9.923500 -0.221449 0.134511 0.965851 -1.227300 0.000000 0.000000 0.000000 1.000000
0.942299 0.237625 0.235811 0.000000 -0.203625 0.965939 -0.159685 9.923500 -0.265724 0.102454 0.958589 -1.227300 0.000000 0.000000 0.000000 1.000000
0.944106 0.185367 0.272584 -0.000000 -0.154984 0.979425 -0.129251 9.923500 -0.290935 0.079781 0.953411 -1.227300 0.000000 0.000000 0.000000 1.000000
0.958235 0.133149 0.253095 0.000000 -0.103216 0.986372 -0.128130 9.923500 -0.266706 0.096656 0.958919 -1.227300 0.000000 0.000000 0.000000 1.000000
0.984593 0.055017 0.165980 0.000000 -0.035542 0.992365 -0.118103 9.923500 -0.171210 0.110384 0.979031 -1.227300 0.000000 0.000000 0.000000 1.000000
0.996774 0.025770 0.076011 0.000000 -0.016993 0.993342 -0.113939 9.923500 -0.078441 0.112280 0.990576 -1.227300 0.000000 0.000000 0.000000 1.000000
0.999617 0.027655 0.000219 -0.000000 -0.027402 0.991482 -0.127325 9.923500 -0.003739 0.127271 0.991861 -1.227300 0.000000 0.000000 0.000000 1.000000
0.996700 0.044669 -0.067780 0.000000 -0.054300 0.987548 -0.147653 9.923500 0.060340 0.150846 0.986714 -1.227300 0.000000 0.000000 0.000000 1.000000
0.991016 -0.007622 -0.133527 0.000000 -0.014239 0.986688 -0.162000 9.923500 0.132985 0.162446 0.977715 -1.227300 0.000000 0.000000 0.000000 1.000000
0.975943 -0.071045 -0.206127 0.000000 0.034657 0.983950 -0.175046 9.923500 0.215255 0.163691 0.962741 -1.227300 0.000000 0.000000 0.000000 1.000000
0.960616 -0.110362 -0.255025 0.000000 0.066578 0.982428 -0.174364 9.923500 0.269787 0.150517 0.951083 -1.227300 0.000000 0.000000 0.000000 1.000000
0.934006 -0.153447 -0.322624 0.000000 0.099497 0.979057 -0.177616 9.923500 0.343122 0.133794 0.929713 -1.227300 0.000000 0.000000 0.000000 1.000000
0.914035 -0.085476 -0.396527 0.000000 0.028443 0.988646 -0.147549 9.923500 0.404636 0.123587 0.906088 -1.227300 0.000000 0.000000 0.000000 1.000000
0.904780 0.051118 -0.422800 0.000000 -0.098817 0.990875 -0.091664 9.923500 0.414256 0.124715 0.901575 -1.227300 0.000000 0.000000 0.000000 1.000000
0.920370 0.052139 -0.387556 0.000000 -0.105219 0.987540 -0.117019 9.923500 0.376626 0.148479 0.914389 -1.227300 0.000000 0.000000 0.000000 1.000000
0.950173 0.012512 -0.311471 0.000000 -0.063325 0.986107 -0.153568 9.923500 0.305222 0.165640 0.937765 -1.227300 0.000000 0.000000 0.000000 1.000000
0.977199 -0.076577 -0.198033 -0.000000 0.040133 0.982500 -0.181885 9.923500 0.208496 0.169791 0.963172 -1.227300 0.000000 0.000000 0.000000 1.000000
0.987371 -0.129701 -0.090974 0.000000 0.111747 0.977226 -0.180393 9.923500 0.112299 0.167949 0.979378 -1.227300 0.000000 0.000000 0.000000 1.000000
0.992632 -0.118301 0.026201 0.000000 0.121063 0.977297 -0.173879 9.923500 -0.005036 0.175769 0.984418 -1.227300 0.000000 0.000000 0.000000 1.000000</float_array><technique_common><accessor source="#mixamorig_Spine-Matrix-animation-output-transform-array" count="22" stride="16"><param type="float4x4"/></accessor></technique_common></source><source id="mixamorig_Spine-Interpolations"><Name_array id="mixamorig_Spine-Interpolations-array" count="22">
 LINEAR LINEAR LINEAR LINEAR LINEAR LINEAR LINEAR LINEAR LINEAR LINEAR LINEAR
LINEAR LINEAR LINEAR LINEAR LINEAR LINEAR LINEAR LINEAR LINEAR LINEAR LINEAR</Name_array><technique_common><accessor source="#mixamorig_Spine-Interpolations-array" count="22"><param type="name"/></accessor></technique_common></source><sampler id="mixamorig_Spine-Matrix-animation-transform"><input semantic="INPUT" source="#mixamorig_Spine-Matrix-animation-input"/><input semantic="OUTPUT" source="#mixamorig_Spine-Matrix-animation-output-transform"/><input semantic="INTERPOLATION" source="#mixamorig_Spine-Interpolations"/></sampler><channel source="#mixamorig_Spine-Matrix-animation-transform" target="mixamorig_Spine/matrix"/></animation>
    <animation id="mixamorig_Spine1-anim" name="mixamorig_Spine1"><source id="mixamorig_Spine1-Matrix-animation-input"><float_array id="mixamorig_Spine1-Matrix-animation-input-array" count="22">

0.000000 0.033333 0.066667 0.100000 0.133333 0.166667 0.200000 0.233333 0.266667 0.300000 0.333333 0.366667 0.400000 0.433333 0.466667 0.500000
0.533333 0.566667 0.600000 0.633333 0.666667 0.700000</float_array><technique_common><accessor source="#mixamorig_Spine1-Matrix-animation-input-array" count="22"><param name="TIME" type="float"/></accessor></technique_common></source><source id="mixamorig_Spine1-Matrix-animation-output-transform"><float_array id="mixamorig_Spine1-Matrix-animation-output-transform-array" count="352">

0.999960 -0.008875 -0.000820 -0.000100 0.008840 0.999334 -0.035407 11.645400 0.001134 0.035399 0.999373 -1.422300 0.000000 0.000000 0.000000 1.000000
0.998894 -0.003232 0.046910 -0.000100 0.005237 0.999075 -0.042681 11.645400 -0.046729 0.042879 0.997987 -1.422300 0.000000 0.000000 0.000000 1.000000
0.997285 0.002259 0.073605 -0.000100 0.000056 0.999506 -0.031434 11.645400 -0.073639 0.031352 0.996792 -1.422300 0.000000 0.000000 0.000000 1.000000
0.996321 0.008578 0.085270 -0.000100 -0.006786 0.999751 -0.021280 11.645400 -0.085432 0.020623 0.996131 -1.422300 0.000000 0.000000 0.000000 1.000000
0.995111 0.013508 0.097832 -0.000100 -0.012724 0.999882 -0.008637 11.645400 -0.097938 0.007350 0.995165 -1.422300 0.000000 0.000000 0.000000 1.000000
0.994503 0.007546 0.104432 -0.000100 -0.007876 0.999965 0.002747 11.645400 -0.104407 -0.003554 0.994528 -1.422300 0.000000 0.000000 0.000000 1.000000
0.995413 0.006126 0.095471 -0.000100 -0.005919 0.999979 -0.002452 11.645400 -0.095484 0.001875 0.995429 -1.422300 0.000000 0.000000 0.000000 1.000000
0.997215 0.011307 0.073725 -0.000100 -0.010929 0.999925 -0.005527 11.645400 -0.073782 0.004706 0.997263 -1.422300 0.000000 0.000000 0.000000 1.000000
0.998581 0.018571 0.049914 -0.000100 -0.018372 0.999821 -0.004452 11.645400 -0.049988 0.003529 0.998744 -1.422300 0.000000 0.000000 0.000000 1.000000
0.999557 0.024313 0.017183 -0.000100 -0.024212 0.999689 -0.006041 11.645400 -0.017324 0.005622 0.999834 -1.422300 0.000000 0.000000 0.000000 1.000000
0.999545 0.023977 -0.018274 -0.000100 -0.024151 0.999665 -0.009336 11.645400 0.018044 0.009773 0.999789 -1.422300 0.000000 0.000000 0.000000 1.000000
0.998369 0.015404 -0.054978 -0.000100 -0.016184 0.999774 -0.013772 11.645400 0.054754 0.014639 0.998393 -1.422300 0.000000 0.000000 0.000000 1.000000
0.995126 0.004823 -0.098497 -0.000100 -0.006521 0.999835 -0.016927 11.645400 0.098400 0.017487 0.994993 -1.422300 0.000000 0.000000 0.000000 1.000000
0.991928 -0.003529 -0.126751 -0.000100 0.001920 0.999916 -0.012821 11.645400 0.126786 0.012474 0.991852 -1.422300 0.000000 0.000000 0.000000 1.000000
0.989353 -0.004775 -0.145460 -0.000100 0.003611 0.999959 -0.008266 11.645400 0.145494 0.007653 0.989330 -1.422300 0.000000 0.000000 0.000000 1.000000
0.988340 -0.002099 -0.152246 -0.000100 0.000996 0.999973 -0.007325 11.645400 0.152257 0.007088 0.988316 -1.422300 0.000000 0.000000 0.000000 1.000000
0.987483 0.004311 -0.157667 -0.000100 -0.005535 0.999958 -0.007326 11.645400 0.157629 0.008107 0.987465 -1.422300 0.000000 0.000000 0.000000 1.000000
0.988254 0.012581 -0.152302 -0.000100 -0.015188 0.999757 -0.015971 11.645400 0.152064 0.018096 0.988205 -1.422300 0.000000 0.000000 0.000000 1.000000
0.991430 0.003075 -0.130605 -0.000100 -0.006721 0.999600 -0.027484 11.645400 0.130468 0.028126 0.991053 -1.422300 0.000000 0.000000 0.000000 1.000000
0.995155 -0.005722 -0.098150 -0.000100 0.002726 0.999527 -0.030635 11.645400 0.098279 0.030219 0.994700 -1.422300 0.000000 0.000000 0.000000 1.000000
0.998329 -0.006704 -0.057397 -0.000100 0.004925 0.999505 -0.031080 11.645400 0.057577 0.030745 0.997868 -1.422300 0.000000 0.000000 0.000000 1.000000
0.999960 -0.008875 -0.000820 -0.000100 0.008840 0.999334 -0.035407 11.645400 0.001134 0.035399 0.999373 -1.422300 0.000000 0.000000 0.000000 1.000000</float_array><technique_common><accessor source="#mixamorig_Spine1-Matrix-animation-output-transform-array" count="22" stride="16"><param type="float4x4"/></accessor></technique_common></source><source id="mixamorig_Spine1-Interpolations"><Name_array id="mixamorig_Spine1-Interpolations-array" count="22">
 LINEAR LINEAR LINEAR LINEAR LINEAR LINEAR LINEAR LINEAR LINEAR LINEAR LINEAR
LINEAR LINEAR LINEAR LINEAR LINEAR LINEAR LINEAR LINEAR LINEAR LINEAR LINEAR</Name_array><technique_common><accessor source="#mixamorig_Spine1-Interpolations-array" count="22"><param type="name"/></accessor></technique_common></source><sampler id="mixamorig_Spine1-Matrix-animation-transform"><input semantic="INPUT" source="#mixamorig_Spine1-Matrix-animation-input"/><input semantic="OUTPUT" source="#mixamorig_Spine1-Matrix-animation-output-transform"/><input semantic="INTERPOLATION" source="#mixamorig_Spine1-Interpolations"/></sampler><channel source="#mixamorig_Spine1-Matrix-animation-transform" target="mixamorig_Spine1/matrix"/></animation>
    <animation id="mixamorig_Spine2-anim" name="mixamorig_Spine2"><source id="mixamorig_Spine2-Matrix-animation-input"><float_array id="mixamorig_Spine2-Matrix-animation-input-array" count="22">

0.000000 0.033333 0.066667 0.100000 0.133333 0.166667 0.200000 0.233333 0.266667 0.300000 0.333333 0.366667 0.400000 0.433333 0.466667 0.500000
0.533333 0.566667 0.600000 0.633333 0.666667 0.700000</float_array><technique_common><accessor source="#mixamorig_Spine2-Matrix-animation-input-array" count="22"><param name="TIME" type="float"/></accessor></technique_common></source><source id="mixamorig_Spine2-Matrix-animation-output-transform"><float_array id="mixamorig_Spine2-Matrix-animation-output-transform-array" count="352">

0.999994 -0.003256 -0.000917 0.000100 0.003164 0.996209 -0.086933 13.360200 0.001196 0.086930 0.996214 -1.626500 0.000000 0.000000 0.000000 1.000000
0.998873 0.002795 0.047388 0.000100 0.001672 0.995574 -0.093966 13.360200 -0.047441 0.093940 0.994447 -1.626500 0.000000 0.000000 0.000000 1.000000
0.997187 0.008486 0.074473 0.000100 -0.002387 0.996663 -0.081596 13.360200 -0.074917 0.081189 0.993879 -1.626500 0.000000 0.000000 0.000000 1.000000
0.996159 0.015207 0.086229 0.000100 -0.009177 0.997511 -0.069907 13.360200 -0.087077 0.068847 0.993820 -1.626500 0.000000 0.000000 0.000000 1.000000
0.994934 0.020756 0.098367 0.000100 -0.015252 0.998293 -0.056376 13.360200 -0.099370 0.054590 0.993552 -1.626500 0.000000 0.000000 0.000000 1.000000
0.994388 0.014924 0.104732 0.000100 -0.010225 0.998923 -0.045256 13.360200 -0.105295 0.043931 0.993470 -1.626500 0.000000 0.000000 0.000000 1.000000
0.995305 0.013776 0.095798 0.000100 -0.008851 0.998626 -0.051646 13.360200 -0.096378 0.050556 0.994060 -1.626500 0.000000 0.000000 0.000000 1.000000
0.997089 0.018863 0.073875 0.000100 -0.014730 0.998317 -0.056096 13.360200 -0.074809 0.054845 0.995689 -1.626500 0.000000 0.000000 0.000000 1.000000
0.998431 0.025587 0.049803 0.000100 -0.022809 0.998194 -0.055565 13.360200 -0.051135 0.054342 0.997212 -1.626500 0.000000 0.000000 0.000000 1.000000
0.999396 0.030387 0.016872 0.000100 -0.029376 0.997927 -0.057263 13.360200 -0.018577 0.056733 0.998217 -1.626500 0.000000 0.000000 0.000000 1.000000
0.999401 0.028848 -0.019107 0.000100 -0.029958 0.997710 -0.060644 13.360200 0.017313 0.061180 0.997977 -1.626500 0.000000 0.000000 0.000000 1.000000
0.998278 0.018613 -0.055627 0.000100 -0.022218 0.997644 -0.064900 13.360200 0.054288 0.066024 0.996340 -1.626500 0.000000 0.000000 0.000000 1.000000
0.995094 0.007221 -0.098675 0.000100 -0.013927 0.997626 -0.067437 13.360200 0.097954 0.068480 0.992832 -1.626500 0.000000 0.000000 0.000000 1.000000
0.991917 -0.001665 -0.126881 0.000100 -0.006278 0.998045 -0.062177 13.360200 0.126737 0.062471 0.989967 -1.626500 0.000000 0.000000 0.000000 1.000000
0.989318 -0.002574 -0.145748 0.000100 -0.005605 0.998433 -0.055681 13.360200 0.145662 0.055903 0.987754 -1.626500 0.000000 0.000000 0.000000 1.000000
0.988360 0.000606 -0.152135 0.000100 -0.009045 0.998457 -0.054786 13.360200 0.151867 0.055524 0.986840 -1.626500 0.000000 0.000000 0.000000 1.000000
0.987502 0.007666 -0.157422 0.000100 -0.016625 0.998310 -0.055676 13.360200 0.156729 0.057598 0.985961 -1.626500 0.000000 0.000000 0.000000 1.000000
0.988177 0.016654 -0.152413 0.000100 -0.026664 0.997602 -0.063868 13.360200 0.150984 0.067177 0.986251 -1.626500 0.000000 0.000000 0.000000 1.000000
0.991366 0.007585 -0.130902 0.000100 -0.017632 0.996970 -0.075768 13.360200 0.129931 0.077422 0.988496 -1.626500 0.000000 0.000000 0.000000 1.000000
0.995136 -0.000900 -0.098505 0.000100 -0.006993 0.996790 -0.079752 13.360200 0.098261 0.080053 0.991936 -1.626500 0.000000 0.000000 0.000000 1.000000
0.998328 -0.001264 -0.057783 0.000100 -0.003451 0.996674 -0.081421 13.360200 0.057693 0.081484 0.995003 -1.626500 0.000000 0.000000 0.000000 1.000000
0.999994 -0.003256 -0.000917 0.000100 0.003164 0.996209 -0.086933 13.360200 0.001196 0.086930 0.996214 -1.626500 0.000000 0.000000 0.000000 1.000000</float_array><technique_common><accessor source="#mixamorig_Spine2-Matrix-animation-output-transform-array" count="22" stride="16"><param type="float4x4"/></accessor></technique_common></source><source id="mixamorig_Spine2-Interpolations"><Name_array id="mixamorig_Spine2-Interpolations-array" count="22">
 LINEAR LINEAR LINEAR LINEAR LINEAR LINEAR LINEAR LINEAR LINEAR LINEAR LINEAR
LINEAR LINEAR LINEAR LINEAR LINEAR LINEAR LINEAR LINEAR LINEAR LINEAR LINEAR</Name_array><technique_common><accessor source="#mixamorig_Spine2-Interpolations-array" count="22"><param type="name"/></accessor></technique_common></source><sampler id="mixamorig_Spine2-Matrix-animation-transform"><input semantic="INPUT" source="#mixamorig_Spine2-Matrix-animation-input"/><input semantic="OUTPUT" source="#mixamorig_Spine2-Matrix-animation-output-transform"/><input semantic="INTERPOLATION" source="#mixamorig_Spine2-Interpolations"/></sampler><channel source="#mixamorig_Spine2-Matrix-animation-transform" target="mixamorig_Spine2/matrix"/></animation>
    <animation id="mixamorig_Neck-anim" name="mixamorig_Neck"><source id="mixamorig_Neck-Matrix-animation-input"><float_array id="mixamorig_Neck-Matrix-animation-input-array" count="22">

0.000000 0.033333 0.066667 0.100000 0.133333 0.166667 0.200000 0.233333 0.266667 0.300000 0.333333 0.366667 0.400000 0.433333 0.466667 0.500000
0.533333 0.566667 0.600000 0.633333 0.666667 0.700000</float_array><technique_common><accessor source="#mixamorig_Neck-Matrix-animation-input-array" count="22"><param name="TIME" type="float"/></accessor></technique_common></source><source id="mixamorig_Neck-Matrix-animation-output-transform"><float_array id="mixamorig_Neck-Matrix-animation-output-transform-array" count="352">

0.999970 0.004850 -0.005963 0.000000 -0.004440 0.997744 0.066992 15.032500 0.006275 -0.066963 0.997736 0.792900 0.000000 0.000000 0.000000 1.000000
0.999451 0.001539 -0.033081 0.000000 0.000453 0.998191 0.060114 15.032500 0.033114 -0.060096 0.997643 0.792900 0.000000 0.000000 0.000000 1.000000
0.998808 0.024033 -0.042475 0.000000 -0.022016 0.998636 0.047342 15.032500 0.043555 -0.046350 0.997975 0.792900 0.000000 0.000000 0.000000 1.000000
0.998440 0.001062 -0.055820 0.000000 0.001547 0.998909 0.046665 15.032500 0.055808 -0.046679 0.997350 0.792900 0.000000 0.000000 0.000000 1.000000
0.997804 0.000383 -0.066231 -0.000000 0.002044 0.999329 0.036576 15.032500 0.066201 -0.036631 0.997134 0.792900 0.000000 0.000000 0.000000 1.000000
0.997510 0.027251 -0.065054 0.000000 -0.025981 0.999457 0.020290 15.032500 0.065572 -0.018550 0.997675 0.792900 0.000000 0.000000 0.000000 1.000000
0.997994 0.017706 -0.060787 -0.000000 -0.016365 0.999613 0.022500 15.032500 0.061162 -0.021460 0.997897 0.792900 0.000000 0.000000 0.000000 1.000000
0.998711 0.015572 -0.048306 0.000000 -0.014423 0.999607 0.024055 15.032500 0.048661 -0.023327 0.998543 0.792900 0.000000 0.000000 0.000000 1.000000
0.999365 0.012953 -0.033180 0.000000 -0.011970 0.999489 0.029650 15.032500 0.033547 -0.029234 0.999009 0.792900 0.000000 0.000000 0.000000 1.000000
0.999843 0.001727 -0.017623 0.000000 -0.000798 0.998614 0.052624 15.032500 0.017690 -0.052602 0.998459 0.792900 0.000000 0.000000 0.000000 1.000000
0.999684 -0.025064 -0.001698 -0.000000 0.025121 0.997686 0.063180 15.032500 0.000111 -0.063203 0.998001 0.792900 0.000000 0.000000 0.000000 1.000000
0.999763 -0.007244 0.020518 0.000000 0.006205 0.998717 0.050261 15.032500 -0.020856 -0.050122 0.998525 0.792900 0.000000 0.000000 0.000000 1.000000
0.998745 -0.035298 0.035540 0.000000 0.033788 0.998537 0.042223 15.032500 -0.036978 -0.040970 0.998476 0.792900 0.000000 0.000000 0.000000 1.000000
0.997978 -0.027544 0.057276 -0.000000 0.024968 0.998665 0.045213 15.032500 -0.058445 -0.043692 0.997334 0.792900 0.000000 0.000000 0.000000 1.000000
0.996738 0.001946 0.080686 0.000000 -0.006437 0.998442 0.055434 15.032500 -0.080452 -0.055773 0.995197 0.792900 0.000000 0.000000 0.000000 1.000000
0.996210 -0.012509 0.086080 0.000000 0.008744 0.998995 0.043969 15.032500 -0.086544 -0.043050 0.995318 0.792900 0.000000 0.000000 0.000000 1.000000
0.995533 -0.045314 0.082830 0.000000 0.043698 0.998819 0.021221 15.032500 -0.083694 -0.017507 0.996338 0.792900 0.000000 0.000000 0.000000 1.000000
0.995363 -0.055968 0.078237 -0.000000 0.054279 0.998248 0.023564 15.032500 -0.079418 -0.019208 0.996656 0.792900 0.000000 0.000000 0.000000 1.000000
0.996859 -0.033754 0.071638 0.000000 0.030571 0.998516 0.045065 15.032500 -0.073053 -0.042734 0.996412 0.792900 0.000000 0.000000 0.000000 1.000000
0.998311 -0.000334 0.058088 0.000000 -0.003354 0.997983 0.063388 15.032500 -0.057992 -0.063476 0.996297 0.792900 0.000000 0.000000 0.000000 1.000000
0.999499 0.008562 0.030467 0.000000 -0.010556 0.997771 0.065892 15.032500 -0.029835 -0.066181 0.997362 0.792900 0.000000 0.000000 0.000000 1.000000
0.999970 0.004850 -0.005963 0.000000 -0.004440 0.997744 0.066992 15.032500 0.006275 -0.066963 0.997736 0.792900 0.000000 0.000000 0.000000 1.000000</float_array><technique_common><accessor source="#mixamorig_Neck-Matrix-animation-output-transform-array" count="22" stride="16"><param type="float4x4"/></accessor></technique_common></source><source id="mixamorig_Neck-Interpolations"><Name_array id="mixamorig_Neck-Interpolations-array" count="22">
 LINEAR LINEAR LINEAR LINEAR LINEAR LINEAR LINEAR LINEAR LINEAR LINEAR LINEAR
LINEAR LINEAR LINEAR LINEAR LINEAR LINEAR LINEAR LINEAR LINEAR LINEAR LINEAR</Name_array><technique_common><accessor source="#mixamorig_Neck-Interpolations-array" count="22"><param type="name"/></accessor></technique_common></source><sampler id="mixamorig_Neck-Matrix-animation-transform"><input semantic="INPUT" source="#mixamorig_Neck-Matrix-animation-input"/><input semantic="OUTPUT" source="#mixamorig_Neck-Matrix-animation-output-transform"/><input semantic="INTERPOLATION" source="#mixamorig_Neck-Interpolations"/></sampler><channel source="#mixamorig_Neck-Matrix-animation-transform" target="mixamorig_Neck/matrix"/></animation>
    <animation id="mixamorig_Head-anim" name="mixamorig_Head"><source id="mixamorig_Head-Matrix-animation-input"><float_array id="mixamorig_Head-Matrix-animation-input-array" count="22">

0.000000 0.033333 0.066667 0.100000 0.133333 0.166667 0.200000 0.233333 0.266667 0.300000 0.333333 0.366667 0.400000 0.433333 0.466667 0.500000
0.533333 0.566667 0.600000 0.633333 0.666667 0.700000</float_array><technique_common><accessor source="#mixamorig_Head-Matrix-animation-input-array" count="22"><param name="TIME" type="float"/></accessor></technique_common></source><source id="mixamorig_Head-Matrix-animation-output-transform"><float_array id="mixamorig_Head-Matrix-animation-output-transform-array" count="352">

0.998399 0.054764 0.014124 0.000000 -0.056531 0.958949 0.277887 10.321800 0.001674 -0.278240 0.960510 3.142400 0.000000 0.000000 0.000000 1.000000
0.989400 0.074373 -0.124724 -0.000000 -0.039607 0.964536 0.260961 10.321800 0.139709 -0.253255 0.957258 3.142400 0.000000 0.000000 0.000000 1.000000
0.971698 0.020755 -0.235311 0.000000 0.025127 0.981400 0.190323 10.321800 0.234885 -0.190849 0.953103 3.142400 0.000000 0.000000 0.000000 1.000000
0.952070 -0.005717 -0.305826 0.000000 0.047649 0.990392 0.129822 10.321800 0.302145 -0.138172 0.943195 3.142400 0.000000 0.000000 0.000000 1.000000
0.917800 -0.036765 -0.395336 0.000000 0.074311 0.994015 0.080078 10.321800 0.390026 -0.102874 0.915039 3.142400 0.000000 0.000000 0.000000 1.000000
0.896920 -0.064710 -0.437432 0.000000 0.087056 0.995715 0.031204 10.321800 0.433539 -0.066068 0.898710 3.142400 0.000000 0.000000 0.000000 1.000000
0.915019 -0.058461 -0.399153 0.000000 0.068296 0.997610 0.010449 10.321800 0.397588 -0.036822 0.916825 3.142400 0.000000 0.000000 0.000000 1.000000
0.944794 -0.049934 -0.323837 0.000000 0.060101 0.997962 0.021463 10.321800 0.322105 -0.039741 0.945869 3.142400 0.000000 0.000000 0.000000 1.000000
0.972025 -0.043426 -0.230828 0.000000 0.055662 0.997354 0.046763 10.321800 0.228187 -0.058303 0.971870 3.142400 0.000000 0.000000 0.000000 1.000000
0.991883 -0.023806 -0.124905 0.000000 0.039931 0.990940 0.128233 10.321800 0.120720 -0.132180 0.983847 3.142400 0.000000 0.000000 0.000000 1.000000
0.999641 -0.024603 0.010616 0.000000 0.021865 0.977981 0.207544 10.321800 -0.015488 -0.207237 0.978168 3.142400 0.000000 0.000000 0.000000 1.000000
0.993009 -0.041417 0.110538 0.000000 0.016527 0.975983 0.217218 10.321800 -0.116879 -0.213873 0.969844 3.142400 0.000000 0.000000 0.000000 1.000000
0.969125 -0.017091 0.245977 0.000000 -0.036029 0.977072 0.209841 10.321800 -0.243923 -0.212224 0.946289 3.142400 0.000000 0.000000 0.000000 1.000000
0.929141 -0.000617 0.369726 0.000000 -0.067609 0.982854 0.171545 10.321800 -0.363493 -0.184386 0.913168 3.142400 0.000000 0.000000 0.000000 1.000000
0.885980 0.006699 0.463674 0.000000 -0.065702 0.991622 0.111217 10.321800 -0.459045 -0.129000 0.878998 3.142400 0.000000 0.000000 0.000000 1.000000
0.853810 0.024106 0.520027 0.000000 -0.067856 0.995558 0.065260 10.321800 -0.516144 -0.091007 0.851653 3.142400 0.000000 0.000000 0.000000 1.000000
0.844130 0.035657 0.534951 -0.000000 -0.078285 0.995289 0.057190 10.321800 -0.530392 -0.090154 0.842945 3.142400 0.000000 0.000000 0.000000 1.000000
0.858920 0.020918 0.511682 -0.000000 -0.079488 0.992502 0.092855 10.321800 -0.505903 -0.120427 0.854143 3.142400 0.000000 0.000000 0.000000 1.000000
0.893553 0.005191 0.448928 -0.000000 -0.076349 0.987125 0.140552 10.321800 -0.442419 -0.159866 0.882445 3.142400 0.000000 0.000000 0.000000 1.000000
0.943098 0.003113 0.332499 0.000000 -0.062970 0.983534 0.169399 10.321800 -0.326497 -0.180698 0.927765 3.142400 0.000000 0.000000 0.000000 1.000000
0.982797 0.010230 0.184404 0.000000 -0.050468 0.975338 0.214869 10.321800 -0.177658 -0.220479 0.959076 3.142400 0.000000 0.000000 0.000000 1.000000
0.998399 0.054764 0.014124 0.000000 -0.056531 0.958949 0.277887 10.321800 0.001674 -0.278240 0.960510 3.142400 0.000000 0.000000 0.000000 1.000000</float_array><technique_common><accessor source="#mixamorig_Head-Matrix-animation-output-transform-array" count="22" stride="16"><param type="float4x4"/></accessor></technique_common></source><source id="mixamorig_Head-Interpolations"><Name_array id="mixamorig_Head-Interpolations-array" count="22">
 LINEAR LINEAR LINEAR LINEAR LINEAR LINEAR LINEAR LINEAR LINEAR LINEAR LINEAR
LINEAR LINEAR LINEAR LINEAR LINEAR LINEAR LINEAR LINEAR LINEAR LINEAR LINEAR</Name_array><technique_common><accessor source="#mixamorig_Head-Interpolations-array" count="22"><param type="name"/></accessor></technique_common></source><sampler id="mixamorig_Head-Matrix-animation-transform"><input semantic="INPUT" source="#mixamorig_Head-Matrix-animation-input"/><input semantic="OUTPUT" source="#mixamorig_Head-Matrix-animation-output-transform"/><input semantic="INTERPOLATION" source="#mixamorig_Head-Interpolations"/></sampler><channel source="#mixamorig_Head-Matrix-animation-transform" target="mixamorig_Head/matrix"/></animation>
    <animation id="mixamorig_LeftShoulder-anim" name="mixamorig_LeftShoulder"><source id="mixamorig_LeftShoulder-Matrix-animation-input"><float_array id="mixamorig_LeftShoulder-Matrix-animation-input-array" count="22">

0.000000 0.033333 0.066667 0.100000 0.133333 0.166667 0.200000 0.233333 0.266667 0.300000 0.333333 0.366667 0.400000 0.433333 0.466667 0.500000
0.533333 0.566667 0.600000 0.633333 0.666667 0.700000</float_array><technique_common><accessor source="#mixamorig_LeftShoulder-Matrix-animation-input-array" count="22"><param name="TIME" type="float"/></accessor></technique_common></source><source id="mixamorig_LeftShoulder-Matrix-animation-output-transform"><float_array id="mixamorig_LeftShoulder-Matrix-animation-output-transform-array" count="352">

0.976173 0.203533 -0.075232 6.105800 -0.204818 0.978752 -0.009707 9.110400 0.071658 0.024885 0.997119 0.705600 0.000000 0.000000 0.000000 1.000000
0.980511 0.181976 -0.074045 6.105800 -0.183191 0.983027 -0.009907 9.110400 0.070985 0.023279 0.997206 0.705600 0.000000 0.000000 0.000000 1.000000
0.988885 0.146050 -0.027850 6.105800 -0.146363 0.989185 -0.009540 9.110400 0.026155 0.013510 0.999567 0.705600 0.000000 0.000000 0.000000 1.000000
0.994821 0.100493 0.015245 6.105800 -0.100393 0.994922 -0.007222 9.110400 -0.015893 0.005654 0.999858 0.705600 0.000000 0.000000 0.000000 1.000000
0.999370 0.033344 0.012121 6.105800 -0.033284 0.999433 -0.005090 9.110400 -0.012283 0.004683 0.999914 0.705600 0.000000 0.000000 0.000000 1.000000
0.999973 -0.000115 0.007316 6.105800 0.000132 0.999997 -0.002406 9.110400 -0.007315 0.002406 0.999970 0.705600 0.000000 0.000000 0.000000 1.000000
0.999871 -0.006838 0.014553 6.105800 0.006843 0.999977 -0.000315 9.110400 -0.014550 0.000415 0.999894 0.705600 0.000000 0.000000 0.000000 1.000000
0.999828 0.016397 -0.008689 6.105800 -0.016451 0.999845 -0.006201 9.110400 0.008586 0.006343 0.999943 0.705600 0.000000 0.000000 0.000000 1.000000
0.992324 0.103234 -0.068082 6.105800 -0.104175 0.994505 -0.010401 9.110400 0.066634 0.017414 0.997625 0.705600 0.000000 0.000000 0.000000 1.000000
0.966257 0.215303 -0.141392 6.105800 -0.218600 0.975782 -0.008026 9.110400 0.136240 0.038664 0.989921 0.705600 0.000000 0.000000 0.000000 1.000000
0.955953 0.247018 -0.158543 6.105800 -0.251092 0.967945 -0.005882 9.110400 0.152008 0.045432 0.987335 0.705600 0.000000 0.000000 0.000000 1.000000
0.956588 0.236901 -0.169756 6.105800 -0.241402 0.970406 -0.006079 9.110400 0.163292 0.046795 0.985467 0.705600 0.000000 0.000000 0.000000 1.000000
0.967340 0.165904 -0.191648 6.105800 -0.170962 0.985226 -0.010046 9.110400 0.187150 0.042482 0.981412 0.705600 0.000000 0.000000 0.000000 1.000000
0.979476 0.119440 -0.162363 6.105800 -0.123097 0.992314 -0.012619 9.110400 0.159607 0.032346 0.986650 0.705600 0.000000 0.000000 0.000000 1.000000
0.987908 0.100000 -0.118479 6.105800 -0.102154 0.994693 -0.012233 9.110400 0.116627 0.024188 0.992881 0.705600 0.000000 0.000000 0.000000 1.000000
0.992544 0.078099 -0.093575 6.105800 -0.079542 0.996762 -0.011786 9.110400 0.092352 0.019141 0.995542 0.705600 0.000000 0.000000 0.000000 1.000000
0.994830 0.059331 -0.082423 6.105800 -0.060480 0.998103 -0.011516 9.110400 0.081583 0.016441 0.996531 0.705600 0.000000 0.000000 0.000000 1.000000
0.994594 0.060766 -0.084200 6.105800 -0.061957 0.998011 -0.011608 9.110400 0.083327 0.016762 0.996381 0.705600 0.000000 0.000000 0.000000 1.000000
0.991639 0.099111 -0.082642 6.105800 -0.100356 0.994890 -0.011033 9.110400 0.081126 0.019235 0.996518 0.705600 0.000000 0.000000 0.000000 1.000000
0.983644 0.156862 -0.088536 6.105800 -0.158377 0.987325 -0.010310 9.110400 0.085796 0.024164 0.996020 0.705600 0.000000 0.000000 0.000000 1.000000
0.981367 0.178890 -0.070124 6.105800 -0.180013 0.983613 -0.009994 9.110400 0.067187 0.022431 0.997488 0.705600 0.000000 0.000000 0.000000 1.000000
0.976173 0.203533 -0.075232 6.105800 -0.204818 0.978752 -0.009707 9.110400 0.071658 0.024885 0.997119 0.705600 0.000000 0.000000 0.000000 1.000000</float_array><technique_common><accessor source="#mixamorig_LeftShoulder-Matrix-animation-output-transform-array" count="22" stride="16"><param type="float4x4"/></accessor></technique_common></source><source id="mixamorig_LeftShoulder-Interpolations"><Name_array id="mixamorig_LeftShoulder-Interpolations-array" count="22">
 LINEAR LINEAR LINEAR LINEAR LINEAR LINEAR LINEAR LINEAR LINEAR LINEAR LINEAR
LINEAR LINEAR LINEAR LINEAR LINEAR LINEAR LINEAR LINEAR LINEAR LINEAR LINEAR</Name_array><technique_common><accessor source="#mixamorig_LeftShoulder-Interpolations-array" count="22"><param type="name"/></accessor></technique_common></source><sampler id="mixamorig_LeftShoulder-Matrix-animation-transform"><input semantic="INPUT" source="#mixamorig_LeftShoulder-Matrix-animation-input"/><input semantic="OUTPUT" source="#mixamorig_LeftShoulder-Matrix-animation-output-transform"/><input semantic="INTERPOLATION" source="#mixamorig_LeftShoulder-Interpolations"/></sampler><channel source="#mixamorig_LeftShoulder-Matrix-animation-transform" target="mixamorig_LeftShoulder/matrix"/></animation>
    <animation id="mixamorig_LeftArm-anim" name="mixamorig_LeftArm"><source id="mixamorig_LeftArm-Matrix-animation-input"><float_array id="mixamorig_LeftArm-Matrix-animation-input-array" count="22">

0.000000 0.033333 0.066667 0.100000 0.133333 0.166667 0.200000 0.233333 0.266667 0.300000 0.333333 0.366667 0.400000 0.433333 0.466667 0.500000
0.533333 0.566667 0.600000 0.633333 0.666667 0.700000</float_array><technique_common><accessor source="#mixamorig_LeftArm-Matrix-animation-input-array" count="22"><param name="TIME" type="float"/></accessor></technique_common></source><source id="mixamorig_LeftArm-Matrix-animation-output-transform"><float_array id="mixamorig_LeftArm-Matrix-animation-output-transform-array" count="352">

0.555466 0.827288 -0.083974 12.655000 -0.817090 0.524279 -0.239781 -0.265900 -0.154343 0.201805 0.967188 -2.600900 0.000000 0.000000 0.000000 1.000000
0.583034 0.811074 -0.047217 12.655000 -0.776600 0.539295 -0.325659 -0.265900 -0.238670 0.226539 0.944307 -2.600900 0.000000 0.000000 0.000000 1.000000
0.615748 0.786213 -0.052186 12.655000 -0.711084 0.525935 -0.466638 -0.265900 -0.339431 0.324440 0.882907 -2.600900 0.000000 0.000000 0.000000 1.000000
0.658658 0.750053 -0.059908 12.655000 -0.636251 0.512678 -0.576495 -0.265900 -0.401688 0.417830 0.814902 -2.600900 0.000000 0.000000 0.000000 1.000000
0.666944 0.740280 -0.084687 12.655000 -0.589461 0.454685 -0.667681 -0.265900 -0.455765 0.495225 0.739615 -2.600900 0.000000 0.000000 0.000000 1.000000
0.659308 0.747426 -0.081660 12.655000 -0.554980 0.410502 -0.723523 -0.265900 -0.507258 0.522344 0.685453 -2.600900 0.000000 0.000000 0.000000 1.000000
0.620115 0.783101 -0.047009 12.655000 -0.553223 0.394021 -0.733956 -0.265900 -0.556239 0.481144 0.677568 -2.600900 0.000000 0.000000 0.000000 1.000000
0.558581 0.829450 0.000665 12.655000 -0.596934 0.402552 -0.693990 -0.265900 -0.575897 0.387253 0.719984 -2.600900 0.000000 0.000000 0.000000 1.000000
0.545009 0.835058 0.075120 12.655000 -0.662201 0.483677 -0.572317 -0.265900 -0.514251 0.262174 0.816585 -2.600900 0.000000 0.000000 0.000000 1.000000
0.593426 0.793140 0.137019 12.655000 -0.741641 0.604961 -0.289811 -0.265900 -0.312752 0.070363 0.947225 -2.600900 0.000000 0.000000 0.000000 1.000000
0.575398 0.817741 0.014715 12.655000 -0.814622 0.571415 0.099374 -0.265900 0.072854 -0.069167 0.994941 -2.600900 0.000000 0.000000 0.000000 1.000000
0.492017 0.869380 -0.045788 12.655000 -0.802618 0.473350 0.362966 -0.265900 0.337230 -0.141835 0.930677 -2.600900 0.000000 0.000000 0.000000 1.000000
0.470304 0.881892 -0.032879 12.655000 -0.790360 0.437481 0.428884 -0.265900 0.392613 -0.175719 0.902761 -2.600900 0.000000 0.000000 0.000000 1.000000
0.502793 0.858668 -0.099440 12.655000 -0.775822 0.498999 0.386134 -0.265900 0.381182 -0.116998 0.917067 -2.600900 0.000000 0.000000 0.000000 1.000000
0.603384 0.782759 -0.152369 12.655000 -0.736915 0.620330 0.268602 -0.265900 0.304770 -0.049787 0.951124 -2.600900 0.000000 0.000000 0.000000 1.000000
0.705594 0.682910 -0.189130 12.655000 -0.663757 0.730405 0.161043 -0.265900 0.248120 0.011905 0.968656 -2.600900 0.000000 0.000000 0.000000 1.000000
0.743290 0.649103 -0.161820 12.655000 -0.649218 0.758268 0.059553 -0.265900 0.161360 0.060791 0.985022 -2.600900 0.000000 0.000000 0.000000 1.000000
0.709563 0.696092 -0.109433 12.655000 -0.701004 0.713096 -0.009378 -0.265900 0.071508 0.083367 0.993950 -2.600900 0.000000 0.000000 0.000000 1.000000
0.637501 0.766674 -0.076183 12.655000 -0.770190 0.631598 -0.088832 -0.265900 -0.019988 0.115306 0.993129 -2.600900 0.000000 0.000000 0.000000 1.000000
0.562022 0.822673 -0.085674 12.655000 -0.821841 0.543743 -0.170060 -0.265900 -0.093319 0.165988 0.981702 -2.600900 0.000000 0.000000 0.000000 1.000000
0.519001 0.847443 -0.111704 12.655000 -0.845785 0.490238 -0.210508 -0.265900 -0.123632 0.203732 0.971189 -2.600900 0.000000 0.000000 0.000000 1.000000
