<?xml version="1.0" encoding="utf-8"?>
<COLLADA xmlns="http://www.collada.org/2005/11/COLLADASchema" version="1.4.1">
  <asset><contributor><author>Mixamo</author><authoring_tool>COLLADA Mixamo exporter</authoring_tool><comments></comments></contributor><created>2018-03-06T11:45:45Z</created><modified>2018-03-06T11:45:45Z</modified><revision></revision><title></title><unit meter="0.010000"/><up_axis>Y_UP</up_axis></asset>
  <library_animations>
    <animation id="mixamorig_Hips-anim" name="mixamorig_Hips"><source id="mixamorig_Hips-Matrix-animation-input"><float_array id="mixamorig_Hips-Matrix-animation-input-array" count="45">

0.000000 0.033333 0.066667 0.100000 0.133333 0.166667 0.200000 0.233333 0.266667 0.300000 0.333333 0.366667 0.400000 0.433333 0.466667 0.500000
0.533333 0.566667 0.600000 0.633333 0.666667 0.700000 0.733333 0.766667 0.800000 0.833333 0.866667 0.900000 0.933333 0.966667 1.000000 1.033333
1.066667 1.100000 1.133333 1.166667 1.200000 1.233333 1.266667 1.300000 1.333333 1.366667 1.400000 1.433333 1.466667</float_array><technique_common><accessor source="#mixamorig_Hips-Matrix-animation-input-array" count="45"><param name="TIME" type="float"/></accessor></technique_common></source><source id="mixamorig_Hips-Matrix-animation-output-transform"><float_array id="mixamorig_Hips-Matrix-animation-output-transform-array" count="720">

0.999103 -0.035480 -0.023106 -2.324500 0.036345 0.998611 0.038146 96.788071 0.021720 -0.038952 0.999005 -1.146916 0.000000 0.000000 0.000000 1.000000
0.998225 -0.042568 -0.041649 -2.481976 0.043884 0.998549 0.031222 96.985291 0.040259 -0.032995 0.998644 0.851227 0.000000 0.000000 0.000000 1.000000
0.996891 -0.049544 -0.061269 -2.564814 0.050791 0.998529 0.018958 96.970932 0.060239 -0.022011 0.997941 2.870396 0.000000 0.000000 0.000000 1.000000
0.995220 -0.051966 -0.082680 -2.628582 0.052508 0.998611 0.004385 96.893158 0.082337 -0.008705 0.996567 4.908473 0.000000 0.000000 0.000000 1.000000
0.993332 -0.048530 -0.104578 -2.706278 0.047736 0.998809 -0.010088 96.786118 0.104943 0.005029 0.994465 7.028731 0.000000 0.000000 0.000000 1.000000
0.991030 -0.041280 -0.127101 -2.814890 0.038896 0.999019 -0.021179 96.524467 0.127850 0.016045 0.991664 9.365779 0.000000 0.000000 0.000000 1.000000
0.988390 -0.034506 -0.147966 -2.927524 0.030647 0.999130 -0.028285 95.994438 0.148814 0.023422 0.988588 11.864549 0.000000 0.000000 0.000000 1.000000
0.985778 -0.028825 -0.165562 -2.942183 0.023754 0.999189 -0.032526 95.200882 0.166365 0.028131 0.985663 14.481029 0.000000 0.000000 0.000000 1.000000
0.983274 -0.023525 -0.180608 -2.868319 0.018360 0.999375 -0.030216 94.257492 0.181206 0.026394 0.983091 17.390438 0.000000 0.000000 0.000000 1.000000
0.978999 -0.024364 -0.202405 -2.764702 0.020826 0.999591 -0.019589 93.661835 0.202799 0.014963 0.979106 20.562735 0.000000 0.000000 0.000000 1.000000
0.970777 -0.037321 -0.237064 -2.617027 0.035491 0.999298 -0.011985 93.513466 0.237345 0.003221 0.971420 23.758465 0.000000 0.000000 0.000000 1.000000
0.961049 -0.052134 -0.271415 -2.504588 0.051095 0.998634 -0.010900 93.467636 0.271613 -0.003392 0.962401 26.859974 0.000000 0.000000 0.000000 1.000000
0.950698 -0.056335 -0.304959 -2.399089 0.057044 0.998350 -0.006593 93.556656 0.304827 -0.011128 0.952343 29.951077 0.000000 0.000000 0.000000 1.000000
0.936450 -0.058644 -0.345864 -2.241793 0.061104 0.998124 -0.003796 93.753891 0.345438 -0.017579 0.938277 32.957756 0.000000 0.000000 0.000000 1.000000
0.920058 -0.063625 -0.386581 -2.111776 0.067368 0.997721 -0.003873 93.944160 0.385946 -0.022480 0.922247 35.774635 0.000000 0.000000 0.000000 1.000000
0.906147 -0.062421 -0.418331 -2.120415 0.067704 0.997703 -0.002218 94.118996 0.417508 -0.026313 0.908292 38.415966 0.000000 0.000000 0.000000 1.000000
0.896898 -0.052828 -0.439071 -2.290841 0.059518 0.998226 0.001475 94.375526 0.438214 -0.027456 0.898451 40.926586 0.000000 0.000000 0.000000 1.000000
0.891959 -0.041030 -0.450251 -2.543583 0.049154 0.998771 0.006360 94.731163 0.449437 -0.027805 0.892879 43.361713 0.000000 0.000000 0.000000 1.000000
0.888584 -0.028390 -0.457834 -2.779082 0.037111 0.999261 0.010062 95.127251 0.457210 -0.025932 0.888981 45.702972 0.000000 0.000000 0.000000 1.000000
0.882699 -0.016511 -0.469649 -3.044918 0.023401 0.999687 0.008837 95.447571 0.469357 -0.018790 0.882809 47.890415 0.000000 0.000000 0.000000 1.000000
0.874119 -0.005901 -0.485675 -3.390309 0.009523 0.999942 0.004989 95.687752 0.485618 -0.008986 0.874125 50.003838 0.000000 0.000000 0.000000 1.000000
0.862045 0.003701 -0.506819 -3.777438 -0.004705 0.999989 -0.000701 95.876793 0.506810 0.002989 0.862053 52.075775 0.000000 0.000000 0.000000 1.000000
0.846506 0.012851 -0.532224 -4.203816 -0.020377 0.999758 -0.008271 96.042572 0.531989 0.017847 0.846563 54.093857 0.000000 0.000000 0.000000 1.000000
0.832067 0.021130 -0.554273 -4.713624 -0.034858 0.999291 -0.014234 96.192764 0.553579 0.031165 0.832213 56.085911 0.000000 0.000000 0.000000 1.000000
0.822035 0.027807 -0.568758 -5.304320 -0.048123 0.998626 -0.020730 96.295815 0.567400 0.044411 0.822244 58.057228 0.000000 0.000000 0.000000 1.000000
0.816702 0.030157 -0.576271 -5.962098 -0.058680 0.997797 -0.030946 96.216949 0.574068 0.059089 0.816673 60.021881 0.000000 0.000000 0.000000 1.000000
0.815687 0.024309 -0.577983 -6.732986 -0.060481 0.997225 -0.043412 95.829636 0.575323 0.070368 0.814893 62.049911 0.000000 0.000000 0.000000 1.000000
0.818180 0.013068 -0.574814 -7.827422 -0.054419 0.997014 -0.054793 95.259575 0.572381 0.076111 0.816448 64.663414 0.000000 0.000000 0.000000 1.000000
0.825132 0.000048 -0.564940 -9.002773 -0.041781 0.997267 -0.060939 94.599205 0.563393 0.073886 0.822879 67.267303 0.000000 0.000000 0.000000 1.000000
0.835365 -0.011724 -0.549571 -10.159682 -0.027392 0.997643 -0.062919 93.976913 0.549013 0.067614 0.833074 69.808388 0.000000 0.000000 0.000000 1.000000
0.845527 -0.017185 -0.533656 -11.454961 -0.018221 0.997971 -0.061008 93.494568 0.533621 0.061307 0.843499 72.514908 0.000000 0.000000 0.000000 1.000000
0.858924 -0.011928 -0.511964 -13.010241 -0.017083 0.998505 -0.051924 93.253296 0.511818 0.053345 0.857436 75.331596 0.000000 0.000000 0.000000 1.000000
0.875783 -0.002062 -0.482701 -14.582170 -0.022207 0.998760 -0.044558 93.681602 0.482194 0.049743 0.874651 78.011063 0.000000 0.000000 0.000000 1.000000
0.887757 0.007265 -0.460255 -16.062813 -0.030174 0.998643 -0.042438 94.513771 0.459322 0.051563 0.886772 80.512741 0.000000 0.000000 0.000000 1.000000
0.891320 0.010771 -0.453248 -17.557568 -0.030350 0.998893 -0.035946 94.822906 0.452358 0.045796 0.890660 83.010941 0.000000 0.000000 0.000000 1.000000
0.890550 0.008925 -0.454797 -19.085743 -0.020397 0.999585 -0.020323 95.007088 0.454427 0.027375 0.890363 85.494576 0.000000 0.000000 0.000000 1.000000
0.895291 0.007176 -0.445425 -20.669609 -0.012526 0.999880 -0.009069 95.331779 0.445306 0.013699 0.895274 87.940254 0.000000 0.000000 0.000000 1.000000
0.901171 0.004693 -0.433439 -22.155123 -0.004791 0.999988 0.000866 95.787766 0.433438 0.001296 0.901182 90.350792 0.000000 0.000000 0.000000 1.000000
0.900722 -0.000423 -0.434395 -23.458429 0.007689 0.999858 0.014970 96.206078 0.434327 -0.016824 0.900598 92.763206 0.000000 0.000000 0.000000 1.000000
0.894102 -0.003462 -0.447850 -24.625904 0.018179 0.999427 0.028568 96.516174 0.447494 -0.033684 0.893652 95.090057 0.000000 0.000000 0.000000 1.000000
0.884504 -0.004238 -0.466513 -25.709423 0.025061 0.998947 0.038440 96.707024 0.465859 -0.045691 0.883679 97.224152 0.000000 0.000000 0.000000 1.000000
0.873938 -0.006100 -0.485999 -26.736536 0.030922 0.998593 0.043071 96.767532 0.485052 -0.052669 0.872898 99.203178 0.000000 0.000000 0.000000 1.000000
0.864842 -0.009600 -0.501952 -27.739746 0.035732 0.998459 0.042469 96.746307 0.500771 -0.054665 0.863852 101.078690 0.000000 0.000000 0.000000 1.000000
0.859341 -0.011451 -0.511275 -28.733433 0.037733 0.998444 0.041059 96.747108 0.510010 -0.054576 0.858436 102.907219 0.000000 0.000000 0.000000 1.000000
0.854664 -0.011278 -0.519060 -29.704649 0.036345 0.998611 0.038146 96.788040 0.517909 -0.051467 0.853886 104.748505 0.000000 0.000000 0.000000 1.000000</float_array><technique_common><accessor source="#mixamorig_Hips-Matrix-animation-output-transform-array" count="45" stride="16"><param type="float4x4"/></accessor></technique_common></source><source id="mixamorig_Hips-Interpolations"><Name_array id="mixamorig_Hips-Interpolations-array" count="45">
 LINEAR LINEAR LINEAR LINEAR LINEAR LINEAR LINEAR LINEAR LINEAR LINEAR LINEAR
LINEAR LINEAR LINEAR LINEAR LINEAR LINEAR LINEAR LINEAR LINEAR LINEAR LINEAR LINEAR
LINEAR LINEAR LINEAR LINEAR LINEAR LINEAR LINEAR LINEAR LINEAR LINEAR LINEAR LINEAR
LINEAR LINEAR LINEAR LINEAR LINEAR LINEAR LINEAR LINEAR LINEAR LINEAR</Name_array><technique_common><accessor source="#mixamorig_Hips-Interpolations-array" count="45"><param type="name"/></accessor></technique_common></source><sampler id="mixamorig_Hips-Matrix-animation-transform"><input semantic="INPUT" source="#mixamorig_Hips-Matrix-animation-input"/><input semantic="OUTPUT" source="#mixamorig_Hips-Matrix-animation-output-transform"/><input semantic="INTERPOLATION" source="#mixamorig_Hips-Interpolations"/></sampler><channel source="#mixamorig_Hips-Matrix-animation-transform" target="mixamorig_Hips/matrix"/></animation>
    <animation id="mixamorig_Spine-anim" name="mixamorig_Spine"><source id="mixamorig_Spine-Matrix-animation-input"><float_array id="mixamorig_Spine-Matrix-animation-input-array" count="45">

0.000000 0.033333 0.066667 0.100000 0.133333 0.166667 0.200000 0.233333 0.266667 0.300000 0.333333 0.366667 0.400000 0.433333 0.466667 0.500000
0.533333 0.566667 0.600000 0.633333 0.666667 0.700000 0.733333 0.766667 0.800000 0.833333 0.866667 0.900000 0.933333 0.966667 1.000000 1.033333
1.066667 1.100000 1.133333 1.166667 1.200000 1.233333 1.266667 1.300000 1.333333 1.366667 1.400000 1.433333 1.466667</float_array><technique_common><accessor source="#mixamorig_Spine-Matrix-animation-input-array" count="45"><param name="TIME" type="float"/></accessor></technique_common></source><source id="mixamorig_Spine-Matrix-animation-output-transform"><float_array id="mixamorig_Spine-Matrix-animation-output-transform-array" count="720">

0.998708 -0.050614 -0.004493 0.000000 0.049780 0.992307 -0.113351 9.923500 0.010195 0.112981 0.993545 -1.227300 0.000000 0.000000 0.000000 1.000000
0.999106 -0.041930 0.005368 0.000000 0.042269 0.992539 -0.114369 9.923500 -0.000533 0.114494 0.993424 -1.227300 0.000000 0.000000 0.000000 1.000000
0.999311 -0.034611 0.013395 0.000000 0.035907 0.992930 -0.113142 9.923500 -0.009385 0.113545 0.993489 -1.227300 0.000000 0.000000 0.000000 1.000000
0.999363 -0.030523 0.018478 -0.000000 0.032385 0.993333 -0.110639 9.923500 -0.014978 0.111167 0.993689 -1.227300 0.000000 0.000000 0.000000 1.000000
0.999363 -0.029130 0.020596 -0.000000 0.031188 0.993670 -0.107925 9.923500 -0.017322 0.108499 0.993946 -1.227300 0.000000 0.000000 0.000000 1.000000
0.999383 -0.028386 0.020680 0.000000 0.030418 0.993937 -0.105661 9.923500 -0.017555 0.106225 0.994187 -1.227300 0.000000 0.000000 0.000000 1.000000
0.999437 -0.027307 0.019509 -0.000000 0.029195 0.994135 -0.104129 9.923500 -0.016552 0.104640 0.994372 -1.227300 0.000000 0.000000 0.000000 1.000000
0.999510 -0.025795 0.017744 0.000000 0.027502 0.994211 -0.103864 9.923500 -0.014962 0.104301 0.994433 -1.227300 0.000000 0.000000 0.000000 1.000000
0.999618 -0.021089 0.017866 0.000000 0.022866 0.994111 -0.105928 9.923500 -0.015527 0.106296 0.994213 -1.227300 0.000000 0.000000 0.000000 1.000000
0.999663 -0.008878 0.024412 -0.000000 0.011527 0.993796 -0.110623 9.923500 -0.023278 0.110867 0.993563 -1.227300 0.000000 0.000000 0.000000 1.000000
0.999209 0.010745 0.038291 0.000000 -0.006221 0.993185 -0.116383 9.923500 -0.039281 0.116053 0.992466 -1.227300 0.000000 0.000000 0.000000 1.000000
0.998024 0.031772 0.054207 -0.000000 -0.024984 0.992264 -0.121604 9.923500 -0.057651 0.120010 0.991097 -1.227300 0.000000 0.000000 0.000000 1.000000
0.996610 0.046492 0.067871 0.000000 -0.037664 0.991315 -0.126001 9.923500 -0.073140 0.123017 0.989706 -1.227300 0.000000 0.000000 0.000000 1.000000
0.995246 0.057026 0.078957 0.000000 -0.046461 0.990461 -0.129724 9.923500 -0.085601 0.125439 0.988401 -1.227300 0.000000 0.000000 0.000000 1.000000
0.993971 0.066832 0.086923 0.000000 -0.054955 0.989658 -0.132501 9.923500 -0.094880 0.126926 0.987364 -1.227300 0.000000 0.000000 0.000000 1.000000
0.993266 0.073750 0.089353 0.000000 -0.061411 0.989111 -0.133743 9.923500 -0.098243 0.127355 0.986980 -1.227300 0.000000 0.000000 0.000000 1.000000
0.993680 0.074436 0.084016 0.000000 -0.062849 0.989121 -0.133003 9.923500 -0.093003 0.126882 0.987548 -1.227300 0.000000 0.000000 0.000000 1.000000
0.995144 0.068834 0.070356 -0.000000 -0.059239 0.989693 -0.130379 9.923500 -0.078605 0.125578 0.988965 -1.227300 0.000000 0.000000 0.000000 1.000000
0.996986 0.059020 0.050351 0.000000 -0.052262 0.990609 -0.126341 9.923500 -0.057335 0.123329 0.990708 -1.227300 0.000000 0.000000 0.000000 1.000000
0.998433 0.048341 0.028180 0.000000 -0.044586 0.991611 -0.121328 9.923500 -0.033808 0.119881 0.992212 -1.227300 0.000000 0.000000 0.000000 1.000000
0.999223 0.038554 0.008190 -0.000000 -0.037350 0.992592 -0.115611 9.923500 -0.012586 0.115215 0.993261 -1.227300 0.000000 0.000000 0.000000 1.000000
0.999546 0.029318 -0.006968 0.000000 -0.029907 0.993496 -0.109872 9.923500 0.003701 0.110031 0.993921 -1.227300 0.000000 0.000000 0.000000 1.000000
0.999640 0.020115 -0.017773 0.000000 -0.021886 0.994147 -0.105794 9.923500 0.015541 0.106145 0.994229 -1.227300 0.000000 0.000000 0.000000 1.000000
0.999575 0.010973 -0.027005 0.000000 -0.013757 0.994360 -0.105158 9.923500 0.025699 0.105485 0.994089 -1.227300 0.000000 0.000000 0.000000 1.000000
0.999348 0.002107 -0.036049 -0.000000 -0.005963 0.994220 -0.107197 9.923500 0.035615 0.107342 0.993584 -1.227300 0.000000 0.000000 0.000000 1.000000
0.999036 -0.005807 -0.043504 0.000000 0.001117 0.994252 -0.107059 9.923500 0.043875 0.106907 0.993300 -1.227300 0.000000 0.000000 0.000000 1.000000
0.998768 -0.009930 -0.048617 0.000000 0.005056 0.995038 -0.099368 9.923500 0.049362 0.099000 0.993862 -1.227300 0.000000 0.000000 0.000000 1.000000
0.998600 -0.010100 -0.051920 0.000000 0.005587 0.996249 -0.086356 9.923500 0.052597 0.085945 0.994911 -1.227300 0.000000 0.000000 0.000000 1.000000
0.998552 -0.007780 -0.053238 0.000000 0.003643 0.996995 -0.077379 9.923500 0.053680 0.077073 0.995579 -1.227300 0.000000 0.000000 0.000000 1.000000
0.998581 -0.007714 -0.052683 0.000000 0.003650 0.997039 -0.076807 9.923500 0.053120 0.076506 0.995653 -1.227300 0.000000 0.000000 0.000000 1.000000
0.998447 -0.015003 -0.053648 0.000000 0.010624 0.996658 -0.080998 9.923500 0.054684 0.080302 0.995269 -1.227300 0.000000 0.000000 0.000000 1.000000
0.997683 -0.032558 -0.059736 -0.000000 0.027296 0.995845 -0.086881 9.923500 0.062316 0.085049 0.994426 -1.227300 0.000000 0.000000 0.000000 1.000000
0.996017 -0.056669 -0.068835 -0.000000 0.050058 0.994290 -0.094239 9.923500 0.073782 0.090418 0.993167 -1.227300 0.000000 0.000000 0.000000 1.000000
0.994247 -0.077801 -0.073623 0.000000 0.070059 0.992268 -0.102452 9.923500 0.081024 0.096705 0.992010 -1.227300 0.000000 0.000000 0.000000 1.000000
0.993679 -0.087469 -0.070371 -0.000000 0.079441 0.990778 -0.109760 9.923500 0.079322 0.103476 0.991464 -1.227300 0.000000 0.000000 0.000000 1.000000
0.994298 -0.085424 -0.063832 -0.000000 0.077814 0.990492 -0.113447 9.923500 0.072916 0.107833 0.991491 -1.227300 0.000000 0.000000 0.000000 1.000000
0.995015 -0.079665 -0.059987 0.000000 0.072618 0.991088 -0.111671 9.923500 0.068348 0.106758 0.991933 -1.227300 0.000000 0.000000 0.000000 1.000000
0.995516 -0.075017 -0.057627 -0.000000 0.068568 0.991922 -0.106724 9.923500 0.065168 0.102294 0.992617 -1.227300 0.000000 0.000000 0.000000 1.000000
0.996125 -0.071130 -0.051718 0.000000 0.065506 0.992488 -0.103330 9.923500 0.058679 0.099542 0.993302 -1.227300 0.000000 0.000000 0.000000 1.000000
0.996833 -0.068131 -0.041020 0.000000 0.063580 0.992590 -0.103553 9.923500 0.047771 0.100617 0.993778 -1.227300 0.000000 0.000000 0.000000 1.000000
0.997469 -0.065252 -0.028229 -0.000000 0.061928 0.992453 -0.105842 9.923500 0.034922 0.103826 0.993982 -1.227300 0.000000 0.000000 0.000000 1.000000
0.997992 -0.061151 -0.016531 -0.000000 0.059018 0.992394 -0.108036 9.923500 0.023012 0.106844 0.994009 -1.227300 0.000000 0.000000 0.000000 1.000000
0.998388 -0.056133 -0.008344 0.000000 0.054883 0.992458 -0.109615 9.923500 0.014434 0.108980 0.993939 -1.227300 0.000000 0.000000 0.000000 1.000000
0.998628 -0.052155 -0.004650 0.000000 0.051315 0.992465 -0.111267 9.923500 0.010418 0.110876 0.993780 -1.227300 0.000000 0.000000 0.000000 1.000000
0.998708 -0.050614 -0.004493 0.000000 0.049780 0.992307 -0.113351 9.923500 0.010195 0.112981 0.993545 -1.227300 0.000000 0.000000 0.000000 1.000000</float_array><technique_common><accessor source="#mixamorig_Spine-Matrix-animation-output-transform-array" count="45" stride="16"><param type="float4x4"/></accessor></technique_common></source><source id="mixamorig_Spine-Interpolations"><Name_array id="mixamorig_Spine-Interpolations-array" count="45">
 LINEAR LINEAR LINEAR LINEAR LINEAR LINEAR LINEAR LINEAR LINEAR LINEAR LINEAR
LINEAR LINEAR LINEAR LINEAR LINEAR LINEAR LINEAR LINEAR LINEAR LINEAR LINEAR LINEAR
LINEAR LINEAR LINEAR LINEAR LINEAR LINEAR LINEAR LINEAR LINEAR LINEAR LINEAR LINEAR
LINEAR LINEAR LINEAR LINEAR LINEAR LINEAR LINEAR LINEAR LINEAR LINEAR</Name_array><technique_common><accessor source="#mixamorig_Spine-Interpolations-array" count="45"><param type="name"/></accessor></technique_common></source><sampler id="mixamorig_Spine-Matrix-animation-transform"><input semantic="INPUT" source="#mixamorig_Spine-Matrix-animation-input"/><input semantic="OUTPUT" source="#mixamorig_Spine-Matrix-animation-output-transform"/><input semantic="INTERPOLATION" source="#mixamorig_Spine-Interpolations"/></sampler><channel source="#mixamorig_Spine-Matrix-animation-transform" target="mixamorig_Spine/matrix"/></animation>
    <animation id="mixamorig_Spine1-anim" name="mixamorig_Spine1"><source id="mixamorig_Spine1-Matrix-animation-input"><float_array id="mixamorig_Spine1-Matrix-animation-input-array" count="45">

0.000000 0.033333 0.066667 0.100000 0.133333 0.166667 0.200000 0.233333 0.266667 0.300000 0.333333 0.366667 0.400000 0.433333 0.466667 0.500000
0.533333 0.566667 0.600000 0.633333 0.666667 0.700000 0.733333 0.766667 0.800000 0.833333 0.866667 0.900000 0.933333 0.966667 1.000000 1.033333
1.066667 1.100000 1.133333 1.166667 1.200000 1.233333 1.266667 1.300000 1.333333 1.366667 1.400000 1.433333 1.466667</float_array><technique_common><accessor source="#mixamorig_Spine1-Matrix-animation-input-array" count="45"><param name="TIME" type="float"/></accessor></technique_common></source><source id="mixamorig_Spine1-Matrix-animation-output-transform"><float_array id="mixamorig_Spine1-Matrix-animation-output-transform-array" count="720">

0.999972 -0.007334 -0.001228 -0.000100 0.006987 0.983173 -0.182545 11.645400 0.002546 0.182532 0.983197 -1.422300 0.000000 0.000000 0.000000 1.000000
0.999986 -0.005141 0.001286 -0.000100 0.005289 0.983141 -0.182770 11.645400 -0.000325 0.182774 0.983155 -1.422300 0.000000 0.000000 0.000000 1.000000
0.999987 -0.003846 0.003463 -0.000100 0.004414 0.983172 -0.182629 11.645400 -0.002703 0.182642 0.983176 -1.422300 0.000000 0.000000 0.000000 1.000000
0.999982 -0.003494 0.004952 -0.000100 0.004338 0.983220 -0.182371 11.645400 -0.004232 0.182390 0.983217 -1.422300 0.000000 0.000000 0.000000 1.000000
0.999977 -0.003716 0.005682 -0.000100 0.004690 0.983222 -0.182355 11.645400 -0.004909 0.182377 0.983216 -1.422300 0.000000 0.000000 0.000000 1.000000
0.999975 -0.004012 0.005825 -0.000100 0.005009 0.983155 -0.182703 11.645400 -0.004993 0.182728 0.983151 -1.422300 0.000000 0.000000 0.000000 1.000000
0.999975 -0.004274 0.005594 -0.000100 0.005227 0.983026 -0.183391 11.645400 -0.004716 0.183416 0.983024 -1.422300 0.000000 0.000000 0.000000 1.000000
0.999977 -0.004394 0.005181 -0.000100 0.005275 0.982788 -0.184664 11.645400 -0.004280 0.184687 0.982788 -1.422300 0.000000 0.000000 0.000000 1.000000
0.999981 -0.003402 0.005136 -0.000100 0.004302 0.982397 -0.186757 11.645400 -0.004411 0.186775 0.982393 -1.422300 0.000000 0.000000 0.000000 1.000000
0.999979 -0.000066 0.006546 -0.000100 0.001303 0.981945 -0.189164 11.645400 -0.006416 0.189169 0.981924 -1.422300 0.000000 0.000000 0.000000 1.000000
0.999938 0.005437 0.009732 -0.000100 -0.003480 0.981607 -0.190880 11.645400 -0.010591 0.190835 0.981565 -1.422300 0.000000 0.000000 0.000000 1.000000
0.999843 0.011535 0.013455 -0.000100 -0.008747 0.981468 -0.191425 11.645400 -0.015413 0.191277 0.981415 -1.422300 0.000000 0.000000 0.000000 1.000000
0.999719 0.016910 0.016614 -0.000100 -0.013425 0.981476 -0.191113 11.645400 -0.019538 0.190836 0.981427 -1.422300 0.000000 0.000000 0.000000 1.000000
0.999591 0.021161 0.019225 -0.000100 -0.017116 0.981545 -0.190464 11.645400 -0.022900 0.190057 0.981506 -1.422300 0.000000 0.000000 0.000000 1.000000
0.999485 0.024083 0.021199 -0.000100 -0.019625 0.981609 -0.189889 11.645400 -0.025382 0.189375 0.981577 -1.422300 0.000000 0.000000 0.000000 1.000000
0.999443 0.025237 0.021840 -0.000100 -0.020641 0.981623 -0.189709 11.645400 -0.026226 0.189153 0.981597 -1.422300 0.000000 0.000000 0.000000 1.000000
0.999492 0.024428 0.020454 -0.000100 -0.020104 0.981591 -0.189934 11.645400 -0.024717 0.189427 0.981584 -1.422300 0.000000 0.000000 0.000000 1.000000
0.999614 0.022128 0.016814 -0.000100 -0.018531 0.981593 -0.190086 11.645400 -0.020711 0.189701 0.981623 -1.422300 0.000000 0.000000 0.000000 1.000000
0.999751 0.019136 0.011470 -0.000100 -0.016615 0.981719 -0.189611 11.645400 -0.014889 0.189373 0.981792 -1.422300 0.000000 0.000000 0.000000 1.000000
0.999855 0.016060 0.005577 -0.000100 -0.014721 0.981967 -0.188481 11.645400 -0.008503 0.188372 0.982061 -1.422300 0.000000 0.000000 0.000000 1.000000
0.999913 0.013151 0.000321 -0.000100 -0.012858 0.982229 -0.187248 11.645400 -0.002778 0.187227 0.982313 -1.422300 0.000000 0.000000 0.000000 1.000000
0.999940 0.010365 -0.003562 -0.000100 -0.010847 0.982394 -0.186508 11.645400 0.001566 0.186535 0.982447 -1.422300 0.000000 0.000000 0.000000 1.000000
0.999953 0.007453 -0.006173 -0.000100 -0.008473 0.982446 -0.186355 11.645400 0.004675 0.186399 0.982463 -1.422300 0.000000 0.000000 0.000000 1.000000
0.999957 0.004249 -0.008271 -0.000100 -0.005716 0.982480 -0.186278 11.645400 0.007335 0.186318 0.982462 -1.422300 0.000000 0.000000 0.000000 1.000000
0.999946 0.001170 -0.010357 -0.000100 -0.003076 0.982553 -0.185956 11.645400 0.009958 0.185978 0.982503 -1.422300 0.000000 0.000000 0.000000 1.000000
0.999924 -0.000737 -0.012281 -0.000100 -0.001566 0.982460 -0.186469 11.645400 0.012203 0.186474 0.982384 -1.422300 0.000000 0.000000 0.000000 1.000000
0.999903 -0.000757 -0.013887 -0.000100 -0.001889 0.981880 -0.189494 11.645400 0.013779 0.189502 0.981784 -1.422300 0.000000 0.000000 0.000000 1.000000
0.999885 0.000399 -0.015130 -0.000100 -0.003330 0.980960 -0.194181 11.645400 0.014764 0.194209 0.980849 -1.422300 0.000000 0.000000 0.000000 1.000000
0.999878 0.001003 -0.015579 -0.000100 -0.004057 0.980341 -0.197270 11.645400 0.015075 0.197309 0.980225 -1.422300 0.000000 0.000000 0.000000 1.000000
0.999886 -0.000204 -0.015078 -0.000100 -0.002782 0.980256 -0.197713 11.645400 0.014821 0.197733 0.980144 -1.422300 0.000000 0.000000 0.000000 1.000000
0.999887 -0.003580 -0.014615 -0.000100 0.000627 0.980362 -0.197206 11.645400 0.015034 0.197174 0.980253 -1.422300 0.000000 0.000000 0.000000 1.000000
0.999843 -0.008810 -0.015387 -0.000100 0.005619 0.980527 -0.196302 11.645400 0.016817 0.196185 0.980423 -1.422300 0.000000 0.000000 0.000000 1.000000
0.999747 -0.014625 -0.017112 -0.000100 0.011027 0.980921 -0.194093 11.645400 0.019624 0.193855 0.980834 -1.422300 0.000000 0.000000 0.000000 1.000000
0.999655 -0.019082 -0.018035 -0.000100 0.015290 0.981485 -0.190928 11.645400 0.021344 0.190587 0.981438 -1.422300 0.000000 0.000000 0.000000 1.000000
0.999631 -0.021059 -0.017138 -0.000100 0.017461 0.981978 -0.188187 11.645400 0.020793 0.187818 0.981984 -1.422300 0.000000 0.000000 0.000000 1.000000
0.999656 -0.021145 -0.015522 -0.000100 0.017891 0.982375 -0.186064 11.645400 0.019183 0.185723 0.982415 -1.422300 0.000000 0.000000 0.000000 1.000000
0.999683 -0.020492 -0.014619 -0.000100 0.017455 0.982779 -0.183957 11.645400 0.018137 0.183644 0.982826 -1.422300 0.000000 0.000000 0.000000 1.000000
0.999714 -0.019314 -0.014088 -0.000100 0.016429 0.983153 -0.182044 11.645400 0.017367 0.181760 0.983190 -1.422300 0.000000 0.000000 0.000000 1.000000
0.999770 -0.017278 -0.012700 -0.000100 0.014697 0.983395 -0.180882 11.645400 0.015614 0.180653 0.983423 -1.422300 0.000000 0.000000 0.000000 1.000000
0.999841 -0.014639 -0.010151 -0.000100 0.012569 0.983523 -0.180347 11.645400 0.012623 0.180191 0.983551 -1.422300 0.000000 0.000000 0.000000 1.000000
0.999902 -0.012080 -0.007062 -0.000100 0.010612 0.983608 -0.180005 11.645400 0.009121 0.179912 0.983640 -1.422300 0.000000 0.000000 0.000000 1.000000
0.999941 -0.010015 -0.004171 -0.000100 0.009102 0.983647 -0.179877 11.645400 0.005904 0.179829 0.983680 -1.422300 0.000000 0.000000 0.000000 1.000000
0.999961 -0.008578 -0.002087 -0.000100 0.008061 0.983581 -0.180287 11.645400 0.003599 0.180263 0.983612 -1.422300 0.000000 0.000000 0.000000 1.000000
0.999969 -0.007747 -0.001122 -0.000100 0.007416 0.983403 -0.181281 11.645400 0.002508 0.181267 0.983431 -1.422300 0.000000 0.000000 0.000000 1.000000
0.999972 -0.007334 -0.001116 -0.000100 0.007007 0.983172 -0.182545 11.645400 0.002437 0.182533 0.983197 -1.422300 0.000000 0.000000 0.000000 1.000000</float_array><technique_common><accessor source="#mixamorig_Spine1-Matrix-animation-output-transform-array" count="45" stride="16"><param type="float4x4"/></accessor></technique_common></source><source id="mixamorig_Spine1-Interpolations"><Name_array id="mixamorig_Spine1-Interpolations-array" count="45">
 LINEAR LINEAR LINEAR LINEAR LINEAR LINEAR LINEAR LINEAR LINEAR LINEAR LINEAR
LINEAR LINEAR LINEAR LINEAR LINEAR LINEAR LINEAR LINEAR LINEAR LINEAR LINEAR LINEAR
LINEAR LINEAR LINEAR LINEAR LINEAR LINEAR LINEAR LINEAR LINEAR LINEAR LINEAR LINEAR
LINEAR LINEAR LINEAR LINEAR LINEAR LINEAR LINEAR LINEAR LINEAR LINEAR</Name_array><technique_common><accessor source="#mixamorig_Spine1-Interpolations-array" count="45"><param type="name"/></accessor></technique_common></source><sampler id="mixamorig_Spine1-Matrix-animation-transform"><input semantic="INPUT" source="#mixamorig_Spine1-Matrix-animation-input"/><input semantic="OUTPUT" source="#mixamorig_Spine1-Matrix-animation-output-transform"/><input semantic="INTERPOLATION" source="#mixamorig_Spine1-Interpolations"/></sampler><channel source="#mixamorig_Spine1-Matrix-animation-transform" target="mixamorig_Spine1/matrix"/></animation>
    <animation id="mixamorig_Spine2-anim" name="mixamorig_Spine2"><source id="mixamorig_Spine2-Matrix-animation-input"><float_array id="mixamorig_Spine2-Matrix-animation-input-array" count="45">

0.000000 0.033333 0.066667 0.100000 0.133333 0.166667 0.200000 0.233333 0.266667 0.300000 0.333333 0.366667 0.400000 0.433333 0.466667 0.500000
0.533333 0.566667 0.600000 0.633333 0.666667 0.700000 0.733333 0.766667 0.800000 0.833333 0.866667 0.900000 0.933333 0.966667 1.000000 1.033333
1.066667 1.100000 1.133333 1.166667 1.200000 1.233333 1.266667 1.300000 1.333333 1.366667 1.400000 1.433333 1.466667</float_array><technique_common><accessor source="#mixamorig_Spine2-Matrix-animation-input-array" count="45"><param name="TIME" type="float"/></accessor></technique_common></source><source id="mixamorig_Spine2-Matrix-animation-output-transform"><float_array id="mixamorig_Spine2-Matrix-animation-output-transform-array" count="720">

0.999972 -0.007360 -0.001118 0.000100 0.007032 0.983175 -0.182533 13.360200 0.002443 0.182520 0.983199 -1.626500 0.000000 0.000000 0.000000 1.000000
0.999986 -0.005117 0.001374 0.000100 0.005282 0.983142 -0.182769 13.360200 -0.000416 0.182774 0.983155 -1.626500 0.000000 0.000000 0.000000 1.000000
0.999987 -0.003785 0.003525 0.000100 0.004365 0.983171 -0.182636 13.360200 -0.002774 0.182649 0.983174 -1.626500 0.000000 0.000000 0.000000 1.000000
0.999982 -0.003411 0.004994 0.000100 0.004265 0.983218 -0.182384 13.360200 -0.004288 0.182402 0.983215 -1.626500 0.000000 0.000000 0.000000 1.000000
0.999977 -0.003624 0.005714 0.000100 0.004605 0.983219 -0.182371 13.360200 -0.004957 0.182393 0.983213 -1.626500 0.000000 0.000000 0.000000 1.000000
0.999975 -0.003918 0.005850 0.000100 0.004921 0.983153 -0.182720 13.360200 -0.005036 0.182745 0.983148 -1.626500 0.000000 0.000000 0.000000 1.000000
0.999975 -0.004184 0.005616 0.000100 0.005143 0.983023 -0.183408 13.360200 -0.004753 0.183432 0.983021 -1.626500 0.000000 0.000000 0.000000 1.000000
0.999977 -0.004310 0.005205 0.000100 0.005197 0.982785 -0.184681 13.360200 -0.004319 0.184704 0.982785 -1.626500 0.000000 0.000000 0.000000 1.000000
0.999981 -0.003306 0.005157 0.000100 0.004211 0.982394 -0.186774 13.360200 -0.004449 0.186792 0.982389 -1.626500 0.000000 0.000000 0.000000 1.000000
0.999979 0.000086 0.006528 0.000100 0.001150 0.981942 -0.189178 13.360200 -0.006427 0.189181 0.981921 -1.626500 0.000000 0.000000 0.000000 1.000000
0.999937 0.005693 0.009633 0.000100 -0.003750 0.981607 -0.190876 13.360200 -0.010543 0.190828 0.981567 -1.626500 0.000000 0.000000 0.000000 1.000000
0.999841 0.011914 0.013286 0.000100 -0.009152 0.981474 -0.191378 13.360200 -0.015320 0.191226 0.981426 -1.626500 0.000000 0.000000 0.000000 1.000000
0.999714 0.017403 0.016426 0.000100 -0.013948 0.981491 -0.191002 13.360200 -0.019446 0.190718 0.981452 -1.626500 0.000000 0.000000 0.000000 1.000000
0.999582 0.021749 0.019045 0.000100 -0.017731 0.981570 -0.190281 13.360200 -0.022833 0.189864 0.981545 -1.626500 0.000000 0.000000 0.000000 1.000000
0.999473 0.024732 0.021016 0.000100 -0.020303 0.981642 -0.189649 13.360200 -0.025321 0.189123 0.981627 -1.626500 0.000000 0.000000 0.000000 1.000000
0.999430 0.025904 0.021639 0.000100 -0.021342 0.981658 -0.189450 13.360200 -0.026150 0.188881 0.981652 -1.626500 0.000000 0.000000 0.000000 1.000000
0.999481 0.025060 0.020244 0.000100 -0.020770 0.981623 -0.189698 13.360200 -0.024626 0.189179 0.981634 -1.626500 0.000000 0.000000 0.000000 1.000000
0.999605 0.022669 0.016633 0.000100 -0.019101 0.981617 -0.189901 13.360200 -0.020632 0.189508 0.981662 -1.626500 0.000000 0.000000 0.000000 1.000000
0.999745 0.019543 0.011357 0.000100 -0.017039 0.981736 -0.189484 13.360200 -0.014853 0.189242 0.981818 -1.626500 0.000000 0.000000 0.000000 1.000000
0.999851 0.016319 0.005548 0.000100 -0.014982 0.981976 -0.188410 13.360200 -0.008523 0.188299 0.982075 -1.626500 0.000000 0.000000 0.000000 1.000000
0.999912 0.013278 0.000362 0.000100 -0.012976 0.982232 -0.187222 13.360200 -0.002841 0.187201 0.982318 -1.626500 0.000000 0.000000 0.000000 1.000000
0.999940 0.010394 -0.003481 0.000100 -0.010860 0.982393 -0.186513 13.360200 0.001481 0.186539 0.982446 -1.626500 0.000000 0.000000 0.000000 1.000000
0.999954 0.007409 -0.006074 0.000100 -0.008412 0.982443 -0.186376 13.360200 0.004586 0.186418 0.982460 -1.626500 0.000000 0.000000 0.000000 1.000000
0.999958 0.004135 -0.008157 0.000100 -0.005582 0.982477 -0.186303 13.360200 0.007243 0.186340 0.982459 -1.626500 0.000000 0.000000 0.000000 1.000000
0.999947 0.000980 -0.010220 0.000100 -0.002863 0.982550 -0.185978 13.360200 0.009860 0.185998 0.982501 -1.626500 0.000000 0.000000 0.000000 1.000000
0.999926 -0.000982 -0.012135 0.000100 -0.001298 0.982457 -0.186485 13.360200 0.012105 0.186487 0.982383 -1.626500 0.000000 0.000000 0.000000 1.000000
0.999905 -0.001008 -0.013769 0.000100 -0.001620 0.981880 -0.189497 13.360200 0.013711 0.189501 0.981785 -1.626500 0.000000 0.000000 0.000000 1.000000
0.999886 0.000177 -0.015066 0.000100 -0.003099 0.980963 -0.194170 13.360200 0.014745 0.194195 0.980852 -1.626500 0.000000 0.000000 0.000000 1.000000
0.999879 0.000802 -0.015557 0.000100 -0.003855 0.980345 -0.197253 13.360200 0.015093 0.197289 0.980229 -1.626500 0.000000 0.000000 0.000000 1.000000
0.999886 -0.000413 -0.015077 0.000100 -0.002576 0.980261 -0.197692 13.360200 0.014861 0.197709 0.980148 -1.626500 0.000000 0.000000 0.000000 1.000000
0.999886 -0.003829 -0.014609 0.000100 0.000873 0.980370 -0.197164 13.360200 0.015077 0.197129 0.980262 -1.626500 0.000000 0.000000 0.000000 1.000000
0.999841 -0.009138 -0.015311 0.000100 0.005957 0.980543 -0.196212 13.360200 0.016806 0.196090 0.980442 -1.626500 0.000000 0.000000 0.000000 1.000000
0.999744 -0.015054 -0.016889 0.000100 0.011495 0.980947 -0.193937 13.360200 0.019486 0.193693 0.980869 -1.626500 0.000000 0.000000 0.000000 1.000000
0.999652 -0.019579 -0.017684 0.000100 0.015850 0.981518 -0.190715 13.360200 0.021091 0.190368 0.981486 -1.626500 0.000000 0.000000 0.000000 1.000000
0.999627 -0.021559 -0.016787 0.000100 0.018023 0.982014 -0.187944 13.360200 0.020537 0.187571 0.982036 -1.626500 0.000000 0.000000 0.000000 1.000000
0.999650 -0.021607 -0.015276 0.000100 0.018395 0.982412 -0.185819 13.360200 0.019023 0.185473 0.982465 -1.626500 0.000000 0.000000 0.000000 1.000000
0.999676 -0.020916 -0.014477 0.000100 0.017903 0.982816 -0.183720 13.360200 0.018071 0.183401 0.982872 -1.626500 0.000000 0.000000 0.000000 1.000000
0.999708 -0.019704 -0.013991 0.000100 0.016833 0.983186 -0.181827 13.360200 0.017338 0.181538 0.983231 -1.626500 0.000000 0.000000 0.000000 1.000000
0.999765 -0.017614 -0.012606 0.000100 0.015047 0.983423 -0.180703 13.360200 0.015580 0.180471 0.983457 -1.626500 0.000000 0.000000 0.000000 1.000000
0.999838 -0.014899 -0.010058 0.000100 0.012843 0.983543 -0.180219 13.360200 0.012578 0.180061 0.983575 -1.626500 0.000000 0.000000 0.000000 1.000000
0.999900 -0.012259 -0.006984 0.000100 0.010803 0.983621 -0.179924 13.360200 0.009076 0.179831 0.983656 -1.626500 0.000000 0.000000 0.000000 1.000000
0.999940 -0.010127 -0.004115 0.000100 0.009222 0.983654 -0.179832 13.360200 0.005869 0.179783 0.983689 -1.626500 0.000000 0.000000 0.000000 1.000000
0.999961 -0.008646 -0.002050 0.000100 0.008135 0.983585 -0.180263 13.360200 0.003575 0.180239 0.983616 -1.626500 0.000000 0.000000 0.000000 1.000000
0.999969 -0.007793 -0.001094 0.000100 0.007465 0.983405 -0.181268 13.360200 0.002489 0.181254 0.983433 -1.626500 0.000000 0.000000 0.000000 1.000000
0.999972 -0.007360 -0.001087 0.000100 0.007038 0.983175 -0.182533 13.360200 0.002412 0.182520 0.983199 -1.626500 0.000000 0.000000 0.000000 1.000000</float_array><technique_common><accessor source="#mixamorig_Spine2-Matrix-animation-output-transform-array" count="45" stride="16"><param type="float4x4"/></accessor></technique_common></source><source id="mixamorig_Spine2-Interpolations"><Name_array id="mixamorig_Spine2-Interpolations-array" count="45">
 LINEAR LINEAR LINEAR LINEAR LINEAR LINEAR LINEAR LINEAR LINEAR LINEAR LINEAR
LINEAR LINEAR LINEAR LINEAR LINEAR LINEAR LINEAR LINEAR LINEAR LINEAR LINEAR LINEAR
LINEAR LINEAR LINEAR LINEAR LINEAR LINEAR LINEAR LINEAR LINEAR LINEAR LINEAR LINEAR
LINEAR LINEAR LINEAR LINEAR LINEAR LINEAR LINEAR LINEAR LINEAR LINEAR</Name_array><technique_common><accessor source="#mixamorig_Spine2-Interpolations-array" count="45"><param type="name"/></accessor></technique_common></source><sampler id="mixamorig_Spine2-Matrix-animation-transform"><input semantic="INPUT" source="#mixamorig_Spine2-Matrix-animation-input"/><input semantic="OUTPUT" source="#mixamorig_Spine2-Matrix-animation-output-transform"/><input semantic="INTERPOLATION" source="#mixamorig_Spine2-Interpolations"/></sampler><channel source="#mixamorig_Spine2-Matrix-animation-transform" target="mixamorig_Spine2/matrix"/></animation>
    <animation id="mixamorig_Neck-anim" name="mixamorig_Neck"><source id="mixamorig_Neck-Matrix-animation-input"><float_array id="mixamorig_Neck-Matrix-animation-input-array" count="45">

0.000000 0.033333 0.066667 0.100000 0.133333 0.166667 0.200000 0.233333 0.266667 0.300000 0.333333 0.366667 0.400000 0.433333 0.466667 0.500000
0.533333 0.566667 0.600000 0.633333 0.666667 0.700000 0.733333 0.766667 0.800000 0.833333 0.866667 0.900000 0.933333 0.966667 1.000000 1.033333
1.066667 1.100000 1.133333 1.166667 1.200000 1.233333 1.266667 1.300000 1.333333 1.366667 1.400000 1.433333 1.466667</float_array><technique_common><accessor source="#mixamorig_Neck-Matrix-animation-input-array" count="45"><param name="TIME" type="float"/></accessor></technique_common></source><source id="mixamorig_Neck-Matrix-animation-output-transform"><float_array id="mixamorig_Neck-Matrix-animation-output-transform-array" count="720">

0.999861 -0.012277 -0.011271 0.000000 0.011700 0.998686 -0.049891 15.032500 0.011869 0.049752 0.998691 0.792900 0.000000 0.000000 0.000000 1.000000
0.999848 -0.012805 -0.011865 -0.000000 0.012201 0.998694 -0.049617 15.032500 0.012485 0.049465 0.998698 0.792900 0.000000 0.000000 0.000000 1.000000
0.999845 -0.012669 -0.012264 0.000000 0.012053 0.998722 -0.049083 15.032500 0.012870 0.048927 0.998719 0.792900 0.000000 0.000000 0.000000 1.000000
0.999850 -0.012191 -0.012262 -0.000000 0.011584 0.998759 -0.048446 15.032500 0.012838 0.048296 0.998751 0.792900 0.000000 0.000000 0.000000 1.000000
0.999859 -0.011820 -0.011919 -0.000000 0.011234 0.998779 -0.048117 15.032500 0.012473 0.047976 0.998771 0.792900 0.000000 0.000000 0.000000 1.000000
0.999868 -0.011564 -0.011427 0.000000 0.010996 0.998758 -0.048588 15.032500 0.011975 0.048455 0.998754 0.792900 0.000000 0.000000 0.000000 1.000000
0.999883 -0.010818 -0.010852 0.000000 0.010264 0.998701 -0.049910 15.032500 0.011377 0.049793 0.998695 0.792900 0.000000 0.000000 0.000000 1.000000
0.999905 -0.009232 -0.010194 0.000000 0.008694 0.998627 -0.051667 15.032500 0.010657 0.051574 0.998612 0.792900 0.000000 0.000000 0.000000 1.000000
0.999927 -0.007276 -0.009630 0.000000 0.006750 0.998542 -0.053553 15.032500 0.010006 0.053484 0.998519 0.792900 0.000000 0.000000 0.000000 1.000000
0.999941 -0.005352 -0.009401 0.000000 0.004822 0.998444 -0.055560 15.032500 0.009684 0.055512 0.998411 0.792900 0.000000 0.000000 0.000000 1.000000
0.999950 -0.003212 -0.009421 -0.000000 0.002664 0.998336 -0.057608 15.032500 0.009590 0.057580 0.998295 0.792900 0.000000 0.000000 0.000000 1.000000
0.999956 -0.000756 -0.009320 -0.000000 0.000203 0.998243 -0.059255 15.032500 0.009348 0.059251 0.998199 0.792900 0.000000 0.000000 0.000000 1.000000
0.999959 0.001604 -0.008918 -0.000000 -0.002134 0.998213 -0.059722 15.032500 0.008806 0.059739 0.998175 0.792900 0.000000 0.000000 0.000000 1.000000
0.999959 0.003554 -0.008269 -0.000000 -0.004032 0.998281 -0.058471 15.032500 0.008047 0.058502 0.998255 0.792900 0.000000 0.000000 0.000000 1.000000
0.999960 0.005060 -0.007426 0.000000 -0.005468 0.998412 -0.056064 15.032500 0.007130 0.056102 0.998400 0.792900 0.000000 0.000000 0.000000 1.000000
0.999960 0.006168 -0.006440 -0.000000 -0.006507 0.998523 -0.053938 15.032500 0.006098 0.053978 0.998524 0.792900 0.000000 0.000000 0.000000 1.000000
0.999961 0.006997 -0.005329 0.000000 -0.007271 0.998557 -0.053204 15.032500 0.004949 0.053241 0.998569 0.792900 0.000000 0.000000 0.000000 1.000000
0.999963 0.007654 -0.004004 0.000000 -0.007859 0.998513 -0.053944 15.032500 0.003585 0.053973 0.998536 0.792900 0.000000 0.000000 0.000000 1.000000
0.999965 0.007962 -0.002444 0.000000 -0.008085 0.998432 -0.055396 15.032500 0.001999 0.055414 0.998461 0.792900 0.000000 0.000000 0.000000 1.000000
0.999971 0.007524 -0.000795 0.000000 -0.007557 0.998368 -0.056602 15.032500 0.000368 0.056606 0.998397 0.792900 0.000000 0.000000 0.000000 1.000000
0.999980 0.006345 0.000810 -0.000000 -0.006289 0.998354 -0.056998 15.032500 -0.001170 0.056992 0.998374 0.792900 0.000000 0.000000 0.000000 1.000000
