<?xml version="1.0" encoding="utf-8"?>
<COLLADA xmlns="http://www.collada.org/2005/11/COLLADASchema" version="1.4.1">
  <asset><contributor><author>Mixamo</author><authoring_tool>COLLADA Mixamo exporter</authoring_tool><comments></comments></contributor><created>2018-03-22T12:19:03Z</created><modified>2018-03-22T12:19:03Z</modified><revision></revision><title></title><unit meter="0.010000"/><up_axis>Y_UP</up_axis></asset>
  <library_animations>
    <animation id="mixamorig_Hips-anim" name="mixamorig_Hips"><source id="mixamorig_Hips-Matrix-animation-input"><float_array id="mixamorig_Hips-Matrix-animation-input-array" count="86">

0.000000 0.033333 0.066667 0.100000 0.133333 0.166667 0.200000 0.233333 0.266667 0.300000 0.333333 0.366667 0.400000 0.433333 0.466667 0.500000
0.533333 0.566667 0.600000 0.633333 0.666667 0.700000 0.733333 0.766667 0.800000 0.833333 0.866667 0.900000 0.933333 0.966667 1.000000 1.033333
1.066667 1.100000 1.133333 1.166667 1.200000 1.233333 1.266667 1.300000 1.333333 1.366667 1.400000 1.433333 1.466667 1.500000 1.533333 1.566667
1.600000 1.633333 1.666667 1.700000 1.733333 1.766667 1.800000 1.833333 1.866667 1.900000 1.933333 1.966667 2.000000 2.033333 2.066667 2.100000
2.133333 2.166667 2.200000 2.233333 2.266667 2.300000 2.333333 2.366667 2.400000 2.433333 2.466667 2.500000 2.533333 2.566667 2.600000 2.633333
2.666667 2.700000 2.733333 2.766667 2.800000 2.833333</float_array><technique_common><accessor source="#mixamorig_Hips-Matrix-animation-input-array" count="86"><param name="TIME" type="float"/></accessor></technique_common></source><source id="mixamorig_Hips-Matrix-animation-output-transform"><float_array id="mixamorig_Hips-Matrix-animation-output-transform-array" count="1376">

0.998113 0.013885 -0.059811 0.041808 -0.014444 0.999856 -0.008907 99.374199 0.059678 0.009755 0.998170 0.015826 0.000000 0.000000 0.000000 1.000000
0.998068 0.014263 -0.060466 0.039287 -0.014795 0.999856 -0.008363 99.372780 0.060338 0.009241 0.998135 0.008920 0.000000 0.000000 0.000000 1.000000
0.997910 0.014265 -0.063023 0.060647 -0.014771 0.999862 -0.007564 99.375816 0.062906 0.008479 0.997983 -0.008459 0.000000 0.000000 0.000000 1.000000
0.997710 0.014263 -0.066110 0.083895 -0.014732 0.999870 -0.006620 99.379242 0.066007 0.007579 0.997790 -0.028454 0.000000 0.000000 0.000000 1.000000
0.997455 0.014178 -0.069872 0.117097 -0.014601 0.999878 -0.005541 99.383392 0.069785 0.006547 0.997541 -0.054606 0.000000 0.000000 0.000000 1.000000
0.997165 0.014096 -0.073910 0.151074 -0.014458 0.999886 -0.004362 99.388252 0.073841 0.005418 0.997255 -0.082041 0.000000 0.000000 0.000000 1.000000
0.996827 0.013935 -0.078364 0.189322 -0.014220 0.999894 -0.003083 99.394699 0.078313 0.004187 0.996920 -0.112092 0.000000 0.000000 0.000000 1.000000
0.996458 0.013781 -0.082955 0.228671 -0.013970 0.999901 -0.001703 99.402237 0.082923 0.002856 0.996552 -0.143139 0.000000 0.000000 0.000000 1.000000
0.996061 0.013662 -0.087613 0.267014 -0.013733 0.999906 -0.000209 99.410408 0.087602 0.001411 0.996155 -0.173474 0.000000 0.000000 0.000000 1.000000
0.995646 0.013592 -0.092220 0.302793 -0.013522 0.999908 0.001378 99.418732 0.092230 -0.000125 0.995738 -0.202376 0.000000 0.000000 0.000000 1.000000
0.995237 0.013583 -0.096539 0.333386 -0.013355 0.999906 0.003010 99.427391 0.096570 -0.001706 0.995325 -0.228782 0.000000 0.000000 0.000000 1.000000
0.994854 0.013647 -0.100393 0.357072 -0.013249 0.999901 0.004635 99.436096 0.100446 -0.003281 0.994937 -0.251949 0.000000 0.000000 0.000000 1.000000
0.994516 0.013814 -0.103671 0.372965 -0.013242 0.999893 0.006211 99.443558 0.103746 -0.004804 0.994592 -0.271305 0.000000 0.000000 0.000000 1.000000
0.994235 0.014110 -0.106294 0.380734 -0.013367 0.999881 0.007695 99.448845 0.106390 -0.006230 0.994305 -0.286657 0.000000 0.000000 0.000000 1.000000
0.994026 0.014512 -0.108171 0.380485 -0.013616 0.999867 0.009024 99.452171 0.108288 -0.007497 0.994091 -0.298390 0.000000 0.000000 0.000000 1.000000
0.993904 0.014964 -0.109230 0.372872 -0.013940 0.999851 0.010138 99.454147 0.109366 -0.008554 0.993965 -0.306641 0.000000 0.000000 0.000000 1.000000
0.993871 0.015423 -0.109464 0.359295 -0.014302 0.999837 0.011019 99.454926 0.109616 -0.009386 0.993930 -0.310805 0.000000 0.000000 0.000000 1.000000
0.993924 0.015871 -0.108922 0.341597 -0.014684 0.999824 0.011689 99.454216 0.109089 -0.010019 0.993982 -0.310368 0.000000 0.000000 0.000000 1.000000
0.994052 0.016303 -0.107677 0.321317 -0.015077 0.999812 0.012193 99.452293 0.107855 -0.010497 0.994111 -0.305188 0.000000 0.000000 0.000000 1.000000
0.994244 0.016702 -0.105830 0.299409 -0.015457 0.999801 0.012579 99.449585 0.106019 -0.010871 0.994305 -0.295124 0.000000 0.000000 0.000000 1.000000
0.994480 0.017061 -0.103527 0.276743 -0.015810 0.999792 0.012897 99.446182 0.103725 -0.011189 0.994543 -0.279755 0.000000 0.000000 0.000000 1.000000
0.994739 0.017394 -0.100953 0.254327 -0.016142 0.999782 0.013210 99.441750 0.101161 -0.011511 0.994803 -0.259081 0.000000 0.000000 0.000000 1.000000
0.994997 0.017735 -0.098319 0.232860 -0.016479 0.999772 0.013567 99.435959 0.098538 -0.011879 0.995062 -0.233828 0.000000 0.000000 0.000000 1.000000
0.995232 0.018105 -0.095836 0.212800 -0.016841 0.999760 0.013982 99.428841 0.096066 -0.012301 0.995299 -0.205276 0.000000 0.000000 0.000000 1.000000
0.995431 0.018489 -0.093675 0.194874 -0.017211 0.999748 0.014432 99.420883 0.093918 -0.012754 0.995498 -0.174686 0.000000 0.000000 0.000000 1.000000
0.995583 0.018873 -0.091973 0.180169 -0.017575 0.999735 0.014900 99.412399 0.092230 -0.013218 0.995650 -0.143573 0.000000 0.000000 0.000000 1.000000
0.995682 0.019251 -0.090816 0.169614 -0.017927 0.999721 0.015371 99.403610 0.091086 -0.013676 0.995749 -0.113895 0.000000 0.000000 0.000000 1.000000
0.995730 0.019609 -0.090205 0.163778 -0.018255 0.999708 0.015808 99.394989 0.090489 -0.014094 0.995798 -0.087021 0.000000 0.000000 0.000000 1.000000
0.995737 0.019903 -0.090061 0.163213 -0.018522 0.999698 0.016145 99.387177 0.090355 -0.014408 0.995805 -0.063288 0.000000 0.000000 0.000000 1.000000
0.995715 0.020110 -0.090258 0.168024 -0.018708 0.999691 0.016351 99.380615 0.090559 -0.014593 0.995784 -0.042910 0.000000 0.000000 0.000000 1.000000
0.995676 0.020249 -0.090660 0.177487 -0.018832 0.999687 0.016454 99.375175 0.090964 -0.014676 0.995746 -0.026607 0.000000 0.000000 0.000000 1.000000
0.995630 0.020356 -0.091143 0.190100 -0.018929 0.999685 0.016490 99.370331 0.091450 -0.014693 0.995701 -0.014776 0.000000 0.000000 0.000000 1.000000
0.995585 0.020452 -0.091614 0.204310 -0.019021 0.999684 0.016461 99.366035 0.091922 -0.014646 0.995659 -0.006923 0.000000 0.000000 0.000000 1.000000
0.995545 0.020526 -0.092027 0.219096 -0.019100 0.999684 0.016352 99.362625 0.092334 -0.014521 0.995622 -0.002330 0.000000 0.000000 0.000000 1.000000
0.995510 0.020584 -0.092391 0.233584 -0.019170 0.999685 0.016169 99.360153 0.092694 -0.014325 0.995592 -0.000926 0.000000 0.000000 0.000000 1.000000
0.995475 0.020653 -0.092755 0.246847 -0.019255 0.999687 0.015942 99.358223 0.093055 -0.014084 0.995561 -0.003236 0.000000 0.000000 0.000000 1.000000
0.995434 0.020749 -0.093174 0.258405 -0.019371 0.999690 0.015670 99.356606 0.093470 -0.013794 0.995527 -0.009214 0.000000 0.000000 0.000000 1.000000
0.995383 0.020853 -0.093690 0.268490 -0.019503 0.999693 0.015305 99.355659 0.093980 -0.013407 0.995484 -0.017903 0.000000 0.000000 0.000000 1.000000
0.995320 0.020931 -0.094345 0.277650 -0.019619 0.999698 0.014810 99.355873 0.094627 -0.012890 0.995429 -0.028231 0.000000 0.000000 0.000000 1.000000
0.995241 0.020973 -0.095165 0.286381 -0.019710 0.999705 0.014196 99.357170 0.095434 -0.012253 0.995360 -0.039791 0.000000 0.000000 0.000000 1.000000
0.995148 0.021002 -0.096127 0.295425 -0.019792 0.999713 0.013521 99.359192 0.096383 -0.011553 0.995277 -0.052516 0.000000 0.000000 0.000000 1.000000
0.995050 0.021059 -0.097118 0.305010 -0.019899 0.999719 0.012891 99.361862 0.097362 -0.010894 0.995189 -0.066442 0.000000 0.000000 0.000000 1.000000
0.994969 0.021147 -0.097924 0.315188 -0.020028 0.999723 0.012399 99.365555 0.098159 -0.010376 0.995117 -0.081937 0.000000 0.000000 0.000000 1.000000
0.994930 0.021273 -0.098296 0.326030 -0.020180 0.999723 0.012097 99.370064 0.098526 -0.010052 0.995084 -0.100010 0.000000 0.000000 0.000000 1.000000
0.994950 0.021466 -0.098046 0.337711 -0.020384 0.999720 0.012026 99.374550 0.098277 -0.009966 0.995109 -0.122062 0.000000 0.000000 0.000000 1.000000
0.995041 0.021733 -0.097060 0.351184 -0.020639 0.999712 0.012263 99.379349 0.097299 -0.010199 0.995203 -0.149529 0.000000 0.000000 0.000000 1.000000
0.995203 0.022049 -0.095311 0.366985 -0.020916 0.999698 0.012870 99.384995 0.095566 -0.010815 0.995364 -0.184366 0.000000 0.000000 0.000000 1.000000
0.995439 0.022385 -0.092738 0.383098 -0.021198 0.999681 0.013765 99.388031 0.093017 -0.011736 0.995595 -0.229406 0.000000 0.000000 0.000000 1.000000
0.995785 0.022624 -0.088882 0.398930 -0.021410 0.999664 0.014590 99.383446 0.089183 -0.012625 0.995935 -0.287180 0.000000 0.000000 0.000000 1.000000
0.996262 0.022613 -0.083376 0.415392 -0.021444 0.999659 0.014889 99.375473 0.083684 -0.013045 0.996407 -0.355435 0.000000 0.000000 0.000000 1.000000
0.996786 0.022261 -0.076961 0.433025 -0.021205 0.999670 0.014508 99.373436 0.077259 -0.012829 0.996929 -0.427415 0.000000 0.000000 0.000000 1.000000
0.997239 0.021616 -0.071042 0.450535 -0.020701 0.999693 0.013584 99.375427 0.071313 -0.012076 0.997381 -0.499211 0.000000 0.000000 0.000000 1.000000
0.997596 0.020764 -0.066113 0.467845 -0.020000 0.999726 0.012201 99.372467 0.066349 -0.010849 0.997738 -0.571507 0.000000 0.000000 0.000000 1.000000
0.997888 0.019769 -0.061876 0.483350 -0.019169 0.999763 0.010272 99.364685 0.062064 -0.009065 0.998031 -0.641672 0.000000 0.000000 0.000000 1.000000
0.998098 0.018637 -0.058764 0.496895 -0.018205 0.999803 0.007872 99.364693 0.058899 -0.006787 0.998241 -0.699707 0.000000 0.000000 0.000000 1.000000
0.998152 0.017515 -0.058181 0.508985 -0.017225 0.999837 0.005481 99.377052 0.058268 -0.004469 0.998291 -0.738367 0.000000 0.000000 0.000000 1.000000
0.998002 0.016685 -0.060942 0.517455 -0.016482 0.999857 0.003832 99.392136 0.060997 -0.002820 0.998134 -0.760058 0.000000 0.000000 0.000000 1.000000
0.997684 0.016280 -0.066039 0.519652 -0.016101 0.999865 0.003239 99.396576 0.066083 -0.002168 0.997812 -0.772788 0.000000 0.000000 0.000000 1.000000
0.997296 0.016232 -0.071673 0.514098 -0.016030 0.999866 0.003383 99.394226 0.071718 -0.002225 0.997422 -0.778683 0.000000 0.000000 0.000000 1.000000
0.996893 0.016432 -0.077038 0.500124 -0.016180 0.999862 0.003884 99.396461 0.077091 -0.002625 0.997021 -0.774459 0.000000 0.000000 0.000000 1.000000
0.996478 0.016849 -0.082145 0.478018 -0.016517 0.999852 0.004712 99.403908 0.082213 -0.003338 0.996609 -0.761127 0.000000 0.000000 0.000000 1.000000
0.996099 0.017446 -0.086497 0.449733 -0.017004 0.999838 0.005851 99.406532 0.086585 -0.004357 0.996235 -0.746617 0.000000 0.000000 0.000000 1.000000
0.995850 0.018101 -0.089190 0.416123 -0.017552 0.999822 0.006945 99.401321 0.089300 -0.005351 0.995990 -0.736738 0.000000 0.000000 0.000000 1.000000
0.995777 0.018652 -0.089886 0.379001 -0.018052 0.999809 0.007487 99.394852 0.090009 -0.005833 0.995924 -0.730591 0.000000 0.000000 0.000000 1.000000
0.995862 0.019012 -0.088865 0.342178 -0.018439 0.999804 0.007261 99.392303 0.088985 -0.005592 0.996017 -0.725965 0.000000 0.000000 0.000000 1.000000
0.996066 0.019178 -0.086515 0.307924 -0.018690 0.999805 0.006447 99.392845 0.086622 -0.004805 0.996230 -0.722956 0.000000 0.000000 0.000000 1.000000
0.996352 0.019158 -0.083166 0.276245 -0.018783 0.999810 0.005284 99.392761 0.083251 -0.003703 0.996522 -0.722281 0.000000 0.000000 0.000000 1.000000
0.996686 0.018978 -0.079103 0.247111 -0.018734 0.999817 0.003816 99.390144 0.079161 -0.002322 0.996859 -0.722746 0.000000 0.000000 0.000000 1.000000
0.997042 0.018671 -0.074550 0.220483 -0.018567 0.999825 0.002093 99.385704 0.074576 -0.000703 0.997215 -0.721654 0.000000 0.000000 0.000000 1.000000
0.997405 0.018232 -0.069651 0.195826 -0.018255 0.999833 0.000302 99.380882 0.069645 0.000971 0.997571 -0.716463 0.000000 0.000000 0.000000 1.000000
0.997755 0.017679 -0.064597 0.172035 -0.017806 0.999840 -0.001392 99.376251 0.064562 0.002539 0.997910 -0.705445 0.000000 0.000000 0.000000 1.000000
0.998070 0.017080 -0.059711 0.148461 -0.017286 0.999846 -0.002940 99.371353 0.059652 0.003967 0.998211 -0.687483 0.000000 0.000000 0.000000 1.000000
0.998329 0.016484 -0.055382 0.125750 -0.016748 0.999850 -0.004308 99.365829 0.055303 0.005229 0.998456 -0.662214 0.000000 0.000000 0.000000 1.000000
0.998526 0.015872 -0.051904 0.105543 -0.016176 0.999854 -0.005451 99.360031 0.051810 0.006282 0.998637 -0.630058 0.000000 0.000000 0.000000 1.000000
0.998663 0.015224 -0.049400 0.089044 -0.015558 0.999859 -0.006388 99.354904 0.049296 0.007148 0.998759 -0.591832 0.000000 0.000000 0.000000 1.000000
0.998747 0.014594 -0.047869 0.076374 -0.014954 0.999862 -0.007175 99.351562 0.047758 0.007881 0.998828 -0.548543 0.000000 0.000000 0.000000 1.000000
0.998782 0.014048 -0.047303 0.067568 -0.014434 0.999865 -0.007825 99.349945 0.047187 0.008499 0.998850 -0.501576 0.000000 0.000000 0.000000 1.000000
0.998772 0.013601 -0.047648 0.062536 -0.014014 0.999867 -0.008336 99.349541 0.047528 0.008994 0.998829 -0.452301 0.000000 0.000000 0.000000 1.000000
0.998725 0.013208 -0.048724 0.060817 -0.013649 0.999869 -0.008739 99.350243 0.048602 0.009393 0.998774 -0.401593 0.000000 0.000000 0.000000 1.000000
0.998653 0.012873 -0.050268 0.061124 -0.013345 0.999870 -0.009073 99.352104 0.050145 0.009731 0.998695 -0.349650 0.000000 0.000000 0.000000 1.000000
0.998562 0.012648 -0.052093 0.061868 -0.013150 0.999870 -0.009310 99.354927 0.051968 0.009982 0.998599 -0.296364 0.000000 0.000000 0.000000 1.000000
0.998464 0.012571 -0.053967 0.061662 -0.013100 0.999869 -0.009460 99.358528 0.053841 0.010153 0.998498 -0.241429 0.000000 0.000000 0.000000 1.000000
0.998354 0.012606 -0.055943 0.060452 -0.013156 0.999869 -0.009481 99.362457 0.055816 0.010201 0.998389 -0.183055 0.000000 0.000000 0.000000 1.000000
0.998258 0.012806 -0.057589 0.056013 -0.013370 0.999866 -0.009419 99.367332 0.057460 0.010173 0.998296 -0.122245 0.000000 0.000000 0.000000 1.000000
0.998167 0.013188 -0.059073 0.049557 -0.013759 0.999862 -0.009268 99.372261 0.058943 0.010064 0.998211 -0.052160 0.000000 0.000000 0.000000 1.000000
0.998113 0.013885 -0.059811 0.041807 -0.014444 0.999856 -0.008907 99.374191 0.059678 0.009755 0.998170 0.015826 0.000000 0.000000 0.000000 1.000000</float_array><technique_common><accessor source="#mixamorig_Hips-Matrix-animation-output-transform-array" count="86" stride="16"><param type="float4x4"/></accessor></technique_common></source><source id="mixamorig_Hips-Interpolations"><Name_array id="mixamorig_Hips-Interpolations-array" count="86">
 LINEAR LINEAR LINEAR LINEAR LINEAR LINEAR LINEAR LINEAR LINEAR LINEAR LINEAR
LINEAR LINEAR LINEAR LINEAR LINEAR LINEAR LINEAR LINEAR LINEAR LINEAR LINEAR LINEAR
LINEAR LINEAR LINEAR LINEAR LINEAR LINEAR LINEAR LINEAR LINEAR LINEAR LINEAR LINEAR
LINEAR LINEAR LINEAR LINEAR LINEAR LINEAR LINEAR LINEAR LINEAR LINEAR LINEAR LINEAR
LINEAR LINEAR LINEAR LINEAR LINEAR LINEAR LINEAR LINEAR LINEAR LINEAR LINEAR LINEAR
LINEAR LINEAR LINEAR LINEAR LINEAR LINEAR LINEAR LINEAR LINEAR LINEAR LINEAR LINEAR
LINEAR LINEAR LINEAR LINEAR LINEAR LINEAR LINEAR LINEAR LINEAR LINEAR LINEAR LINEAR
LINEAR LINEAR LINEAR</Name_array><technique_common><accessor source="#mixamorig_Hips-Interpolations-array" count="86"><param type="name"/></accessor></technique_common></source><sampler id="mixamorig_Hips-Matrix-animation-transform"><input semantic="INPUT" source="#mixamorig_Hips-Matrix-animation-input"/><input semantic="OUTPUT" source="#mixamorig_Hips-Matrix-animation-output-transform"/><input semantic="INTERPOLATION" source="#mixamorig_Hips-Interpolations"/></sampler><channel source="#mixamorig_Hips-Matrix-animation-transform" target="mixamorig_Hips/matrix"/></animation>
    <animation id="mixamorig_Spine-anim" name="mixamorig_Spine"><source id="mixamorig_Spine-Matrix-animation-input"><float_array id="mixamorig_Spine-Matrix-animation-input-array" count="86">

0.000000 0.033333 0.066667 0.100000 0.133333 0.166667 0.200000 0.233333 0.266667 0.300000 0.333333 0.366667 0.400000 0.433333 0.466667 0.500000
0.533333 0.566667 0.600000 0.633333 0.666667 0.700000 0.733333 0.766667 0.800000 0.833333 0.866667 0.900000 0.933333 0.966667 1.000000 1.033333
1.066667 1.100000 1.133333 1.166667 1.200000 1.233333 1.266667 1.300000 1.333333 1.366667 1.400000 1.433333 1.466667 1.500000 1.533333 1.566667
1.600000 1.633333 1.666667 1.700000 1.733333 1.766667 1.800000 1.833333 1.866667 1.900000 1.933333 1.966667 2.000000 2.033333 2.066667 2.100000
2.133333 2.166667 2.200000 2.233333 2.266667 2.300000 2.333333 2.366667 2.400000 2.433333 2.466667 2.500000 2.533333 2.566667 2.600000 2.633333
2.666667 2.700000 2.733333 2.766667 2.800000 2.833333</float_array><technique_common><accessor source="#mixamorig_Spine-Matrix-animation-input-array" count="86"><param name="TIME" type="float"/></accessor></technique_common></source><source id="mixamorig_Spine-Matrix-animation-output-transform"><float_array id="mixamorig_Spine-Matrix-animation-output-transform-array" count="1376">

0.999622 0.001754 0.027427 -0.000000 -0.000382 0.998752 -0.049953 9.923500 -0.027481 0.049923 0.998375 -1.227300 0.000000 0.000000 0.000000 1.000000
0.999605 0.002378 0.027992 -0.000000 -0.000971 0.998739 -0.050189 9.923500 -0.028076 0.050142 0.998347 -1.227300 0.000000 0.000000 0.000000 1.000000
0.999591 0.003601 0.028384 -0.000000 -0.002164 0.998722 -0.050496 9.923500 -0.028529 0.050414 0.998321 -1.227300 0.000000 0.000000 0.000000 1.000000
0.999576 0.004804 0.028717 -0.000000 -0.003346 0.998714 -0.050597 9.923500 -0.028923 0.050480 0.998306 -1.227300 0.000000 0.000000 0.000000 1.000000
0.999566 0.006215 0.028786 0.000000 -0.004752 0.998708 -0.050596 9.923500 -0.029063 0.050437 0.998304 -1.227300 0.000000 0.000000 0.000000 1.000000
0.999567 0.007724 0.028392 0.000000 -0.006289 0.998715 -0.050288 9.923500 -0.028744 0.050088 0.998331 -1.227300 0.000000 0.000000 0.000000 1.000000
0.999584 0.008839 0.027460 0.000000 -0.007466 0.998736 -0.049709 9.923500 -0.027864 0.049483 0.998386 -1.227300 0.000000 0.000000 0.000000 1.000000
0.999610 0.009751 0.026182 0.000000 -0.008461 0.998765 -0.048962 9.923500 -0.026627 0.048721 0.998457 -1.227300 0.000000 0.000000 0.000000 1.000000
0.999637 0.010648 0.024766 0.000000 -0.009451 0.998804 -0.047964 9.923500 -0.025247 0.047713 0.998542 -1.227300 0.000000 0.000000 0.000000 1.000000
0.999666 0.011354 0.023226 0.000000 -0.010258 0.998853 -0.046760 9.923500 -0.023731 0.046506 0.998636 -1.227300 0.000000 0.000000 0.000000 1.000000
0.999686 0.012037 0.021991 0.000000 -0.011025 0.998900 -0.045582 9.923500 -0.022516 0.045326 0.998718 -1.227300 0.000000 0.000000 0.000000 1.000000
0.999695 0.012703 0.021160 0.000000 -0.011753 0.998942 -0.044456 9.923500 -0.021702 0.044194 0.998787 -1.227300 0.000000 0.000000 0.000000 1.000000
0.999701 0.013318 0.020502 -0.000000 -0.012418 0.998981 -0.043393 9.923500 -0.021059 0.043126 0.998848 -1.227300 0.000000 0.000000 0.000000 1.000000
0.999699 0.013901 0.020213 0.000000 -0.013034 0.999015 -0.042425 9.923500 -0.020782 0.042149 0.998895 -1.227300 0.000000 0.000000 0.000000 1.000000
0.999691 0.014327 0.020294 0.000000 -0.013478 0.999053 -0.041370 9.923500 -0.020867 0.041084 0.998938 -1.227300 0.000000 0.000000 0.000000 1.000000
0.999679 0.014751 0.020587 0.000000 -0.013917 0.999100 -0.040072 9.923500 -0.021159 0.039772 0.998985 -1.227300 0.000000 0.000000 0.000000 1.000000
0.999662 0.015287 0.021039 0.000000 -0.014468 0.999153 -0.038534 9.923500 -0.021610 0.038216 0.999036 -1.227300 0.000000 0.000000 0.000000 1.000000
0.999636 0.015941 0.021770 0.000000 -0.015131 0.999205 -0.036886 9.923500 -0.022341 0.036543 0.999082 -1.227300 0.000000 0.000000 0.000000 1.000000
0.999600 0.016731 0.022823 0.000000 -0.015920 0.999251 -0.035274 9.923500 -0.023397 0.034897 0.999117 -1.227300 0.000000 0.000000 0.000000 1.000000
0.999558 0.017491 0.024031 0.000000 -0.016673 0.999289 -0.033826 9.923500 -0.024606 0.033410 0.999139 -1.227300 0.000000 0.000000 0.000000 1.000000
0.999507 0.018290 0.025503 0.000000 -0.017454 0.999316 -0.032613 9.923500 -0.026082 0.032151 0.999143 -1.227300 0.000000 0.000000 0.000000 1.000000
0.999453 0.019116 0.026984 0.000000 -0.018265 0.999339 -0.031444 9.923500 -0.027567 0.030934 0.999141 -1.227300 0.000000 0.000000 0.000000 1.000000
0.999411 0.019841 0.028017 0.000000 -0.018996 0.999366 -0.030125 9.923500 -0.028597 0.029575 0.999153 -1.227300 0.000000 0.000000 0.000000 1.000000
0.999384 0.020563 0.028453 0.000000 -0.019745 0.999392 -0.028730 9.923500 -0.029026 0.028151 0.999182 -1.227300 0.000000 0.000000 0.000000 1.000000
0.999372 0.021264 0.028336 0.000000 -0.020485 0.999412 -0.027502 9.923500 -0.028904 0.026905 0.999220 -1.227300 0.000000 0.000000 0.000000 1.000000
0.999368 0.021915 0.027984 0.000000 -0.021174 0.999425 -0.026493 9.923500 -0.028548 0.025884 0.999257 -1.227300 0.000000 0.000000 0.000000 1.000000
0.999367 0.022448 0.027614 -0.000000 -0.021740 0.999434 -0.025653 9.923500 -0.028174 0.025037 0.999289 -1.227300 0.000000 0.000000 0.000000 1.000000
0.999366 0.022800 0.027340 0.000000 -0.022121 0.999445 -0.024889 9.923500 -0.027892 0.024268 0.999316 -1.227300 0.000000 0.000000 0.000000 1.000000
0.999367 0.022934 0.027202 0.000000 -0.022280 0.999461 -0.024097 9.923500 -0.027740 0.023475 0.999339 -1.227300 0.000000 0.000000 0.000000 1.000000
0.999373 0.022853 0.027031 0.000000 -0.022225 0.999481 -0.023300 9.923500 -0.027550 0.022684 0.999363 -1.227300 0.000000 0.000000 0.000000 1.000000
0.999389 0.022658 0.026617 -0.000000 -0.022065 0.999506 -0.022396 9.923500 -0.027111 0.021795 0.999395 -1.227300 0.000000 0.000000 0.000000 1.000000
0.999417 0.022310 0.025862 0.000000 -0.021757 0.999533 -0.021470 9.923500 -0.026329 0.020895 0.999435 -1.227300 0.000000 0.000000 0.000000 1.000000
0.999447 0.021943 0.024969 0.000000 -0.021424 0.999553 -0.020862 9.923500 -0.025415 0.020315 0.999471 -1.227300 0.000000 0.000000 0.000000 1.000000
0.999473 0.021674 0.024144 0.000000 -0.021181 0.999565 -0.020505 9.923500 -0.024578 0.019983 0.999498 -1.227300 0.000000 0.000000 0.000000 1.000000
0.999495 0.021433 0.023443 0.000000 -0.020961 0.999576 -0.020213 9.923500 -0.023866 0.019711 0.999521 -1.227300 0.000000 0.000000 0.000000 1.000000
0.999509 0.021292 0.022968 -0.000000 -0.020831 0.999580 -0.020146 9.923500 -0.023388 0.019658 0.999533 -1.227300 0.000000 0.000000 0.000000 1.000000
0.999517 0.021217 0.022701 -0.000000 -0.020759 0.999580 -0.020235 9.923500 -0.023120 0.019754 0.999538 -1.227300 0.000000 0.000000 0.000000 1.000000
0.999521 0.021158 0.022598 -0.000000 -0.020702 0.999581 -0.020240 9.923500 -0.023017 0.019762 0.999540 -1.227300 0.000000 0.000000 0.000000 1.000000
0.999520 0.021085 0.022677 0.000000 -0.020626 0.999582 -0.020275 9.923500 -0.023095 0.019797 0.999537 -1.227300 0.000000 0.000000 0.000000 1.000000
0.999519 0.020969 0.022828 -0.000000 -0.020508 0.999585 -0.020225 9.923500 -0.023243 0.019748 0.999535 -1.227300 0.000000 0.000000 0.000000 1.000000
0.999520 0.020820 0.022958 0.000000 -0.020364 0.999594 -0.019931 9.923500 -0.023363 0.019454 0.999538 -1.227300 0.000000 0.000000 0.000000 1.000000
0.999523 0.020577 0.023028 -0.000000 -0.020127 0.999605 -0.019627 9.923500 -0.023423 0.019154 0.999542 -1.227300 0.000000 0.000000 0.000000 1.000000
0.999531 0.020222 0.022993 -0.000000 -0.019778 0.999617 -0.019358 9.923500 -0.023376 0.018894 0.999548 -1.227300 0.000000 0.000000 0.000000 1.000000
0.999544 0.019586 0.022970 0.000000 -0.019141 0.999628 -0.019453 9.923500 -0.023342 0.019004 0.999547 -1.227300 0.000000 0.000000 0.000000 1.000000
0.999558 0.018732 0.023076 -0.000000 -0.018256 0.999620 -0.020654 9.923500 -0.023454 0.020224 0.999520 -1.227300 0.000000 0.000000 0.000000 1.000000
0.999563 0.018192 0.023302 0.000000 -0.017653 0.999576 -0.023145 9.923500 -0.023713 0.022723 0.999461 -1.227300 0.000000 0.000000 0.000000 1.000000
0.999552 0.017965 0.023929 0.000000 -0.017324 0.999492 -0.026739 9.923500 -0.024397 0.026313 0.999356 -1.227300 0.000000 0.000000 0.000000 1.000000
0.999523 0.017902 0.025171 0.000000 -0.017122 0.999376 -0.030886 9.923500 -0.025709 0.030441 0.999206 -1.227300 0.000000 0.000000 0.000000 1.000000
0.999489 0.018823 0.025851 0.000000 -0.017936 0.999257 -0.034112 9.923500 -0.026473 0.033631 0.999084 -1.227300 0.000000 0.000000 0.000000 1.000000
0.999419 0.021217 0.026674 0.000000 -0.020250 0.999146 -0.036016 9.923500 -0.027416 0.035455 0.998995 -1.227300 0.000000 0.000000 0.000000 1.000000
0.999136 0.024386 0.033653 0.000000 -0.023083 0.998988 -0.038597 9.923500 -0.034560 0.037786 0.998688 -1.227300 0.000000 0.000000 0.000000 1.000000
0.998549 0.027420 0.046342 0.000000 -0.025429 0.998750 -0.043035 9.923500 -0.047464 0.041795 0.997998 -1.227300 0.000000 0.000000 0.000000 1.000000
0.998094 0.029709 0.054089 0.000000 -0.027204 0.998549 -0.046474 9.923500 -0.055391 0.044914 0.997454 -1.227300 0.000000 0.000000 0.000000 1.000000
0.997846 0.031374 0.057615 0.000000 -0.028621 0.998437 -0.048013 9.923500 -0.059031 0.046260 0.997184 -1.227300 0.000000 0.000000 0.000000 1.000000
0.997575 0.031506 0.062063 0.000000 -0.028455 0.998372 -0.049438 9.923500 -0.063520 0.047552 0.996847 -1.227300 0.000000 0.000000 0.000000 1.000000
0.997704 0.029799 0.060812 0.000000 -0.026820 0.998428 -0.049226 9.923500 -0.062184 0.047482 0.996935 -1.227300 0.000000 0.000000 0.000000 1.000000
0.997983 0.028487 0.056734 0.000000 -0.025781 0.998521 -0.047870 9.923500 -0.058014 0.046311 0.997241 -1.227300 0.000000 0.000000 0.000000 1.000000
0.997909 0.027791 0.058352 -0.000000 -0.025029 0.998556 -0.047543 9.923500 -0.059589 0.045983 0.997163 -1.227300 0.000000 0.000000 0.000000 1.000000
0.997703 0.026640 0.062286 -0.000000 -0.023656 0.998559 -0.048170 9.923500 -0.063479 0.046585 0.996895 -1.227300 0.000000 0.000000 0.000000 1.000000
0.997622 0.026174 0.063759 0.000000 -0.023042 0.998515 -0.049371 9.923500 -0.064957 0.047784 0.996743 -1.227300 0.000000 0.000000 0.000000 1.000000
0.997706 0.026519 0.062289 -0.000000 -0.023427 0.998481 -0.049861 9.923500 -0.063516 0.048288 0.996812 -1.227300 0.000000 0.000000 0.000000 1.000000
0.997918 0.026685 0.058720 0.000000 -0.023830 0.998524 -0.048798 9.923500 -0.059936 0.047297 0.997081 -1.227300 0.000000 0.000000 0.000000 1.000000
0.998146 0.026907 0.054588 0.000000 -0.024312 0.998568 -0.047662 9.923500 -0.055792 0.046247 0.997371 -1.227300 0.000000 0.000000 0.000000 1.000000
0.998323 0.027264 0.051069 0.000000 -0.024850 0.998571 -0.047318 9.923500 -0.052287 0.045969 0.997574 -1.227300 0.000000 0.000000 0.000000 1.000000
0.998454 0.027280 0.048430 0.000000 -0.025010 0.998588 -0.046875 9.923500 -0.049640 0.045591 0.997726 -1.227300 0.000000 0.000000 0.000000 1.000000
0.998563 0.026956 0.046320 0.000000 -0.024821 0.998630 -0.046061 9.923500 -0.047498 0.044845 0.997864 -1.227300 0.000000 0.000000 0.000000 1.000000
0.998655 0.026519 0.044559 0.000000 -0.024481 0.998657 -0.045670 9.923500 -0.045710 0.044518 0.997962 -1.227300 0.000000 0.000000 0.000000 1.000000
0.998725 0.026010 0.043255 0.000000 -0.024020 0.998657 -0.045905 9.923500 -0.044391 0.044808 0.998009 -1.227300 0.000000 0.000000 0.000000 1.000000
0.998769 0.025497 0.042559 0.000000 -0.023521 0.998651 -0.046300 9.923500 -0.043682 0.045242 0.998021 -1.227300 0.000000 0.000000 0.000000 1.000000
0.998792 0.024907 0.042366 0.000000 -0.022918 0.998641 -0.046810 9.923500 -0.043474 0.045783 0.998005 -1.227300 0.000000 0.000000 0.000000 1.000000
0.998813 0.024030 0.042373 0.000000 -0.022003 0.998621 -0.047673 9.923500 -0.043460 0.046685 0.997964 -1.227300 0.000000 0.000000 0.000000 1.000000
0.998831 0.022835 0.042597 0.000000 -0.020747 0.998592 -0.048818 9.923500 -0.043651 0.047877 0.997899 -1.227300 0.000000 0.000000 0.000000 1.000000
0.998840 0.021482 0.043101 0.000000 -0.019312 0.998555 -0.050153 9.923500 -0.044116 0.049263 0.997811 -1.227300 0.000000 0.000000 0.000000 1.000000
0.998844 0.019944 0.043725 -0.000000 -0.017679 0.998512 -0.051593 9.923500 -0.044689 0.050761 0.997711 -1.227300 0.000000 0.000000 0.000000 1.000000
0.998863 0.017980 0.044161 0.000000 -0.015629 0.998471 -0.053016 9.923500 -0.045047 0.052265 0.997617 -1.227300 0.000000 0.000000 0.000000 1.000000
0.998894 0.015860 0.044269 0.000000 -0.013445 0.998433 -0.054316 9.923500 -0.045061 0.053661 0.997542 -1.227300 0.000000 0.000000 0.000000 1.000000
0.998948 0.013682 0.043769 0.000000 -0.011257 0.998412 -0.055189 9.923500 -0.044454 0.054638 0.997516 -1.227300 0.000000 0.000000 0.000000 1.000000
0.999041 0.011319 0.042307 0.000000 -0.008965 0.998423 -0.055425 9.923500 -0.042868 0.054992 0.997566 -1.227300 0.000000 0.000000 0.000000 1.000000
0.999151 0.009045 0.040203 0.000000 -0.006818 0.998453 -0.055191 9.923500 -0.040640 0.054870 0.997666 -1.227300 0.000000 0.000000 0.000000 1.000000
0.999252 0.007045 0.038030 -0.000000 -0.004954 0.998485 -0.054804 9.923500 -0.038359 0.054574 0.997773 -1.227300 0.000000 0.000000 0.000000 1.000000
0.999343 0.005364 0.035848 0.000000 -0.003414 0.998522 -0.054250 9.923500 -0.036086 0.054092 0.997884 -1.227300 0.000000 0.000000 0.000000 1.000000
0.999422 0.004074 0.033757 0.000000 -0.002262 0.998563 -0.053540 9.923500 -0.033927 0.053433 0.997995 -1.227300 0.000000 0.000000 0.000000 1.000000
0.999485 0.003157 0.031927 -0.000000 -0.001465 0.998599 -0.052886 9.923500 -0.032049 0.052812 0.998090 -1.227300 0.000000 0.000000 0.000000 1.000000
0.999538 0.002441 0.030279 -0.000000 -0.000859 0.998638 -0.052176 9.923500 -0.030366 0.052125 0.998179 -1.227300 0.000000 0.000000 0.000000 1.000000
0.999590 0.002009 0.028568 0.000000 -0.000546 0.998692 -0.051129 9.923500 -0.028633 0.051093 0.998283 -1.227300 0.000000 0.000000 0.000000 1.000000
0.999622 0.001754 0.027427 -0.000000 -0.000382 0.998752 -0.049953 9.923500 -0.027481 0.049923 0.998375 -1.227300 0.000000 0.000000 0.000000 1.000000</float_array><technique_common><accessor source="#mixamorig_Spine-Matrix-animation-output-transform-array" count="86" stride="16"><param type="float4x4"/></accessor></technique_common></source><source id="mixamorig_Spine-Interpolations"><Name_array id="mixamorig_Spine-Interpolations-array" count="86">
 LINEAR LINEAR LINEAR LINEAR LINEAR LINEAR LINEAR LINEAR LINEAR LINEAR LINEAR
LINEAR LINEAR LINEAR LINEAR LINEAR LINEAR LINEAR LINEAR LINEAR LINEAR LINEAR LINEAR
LINEAR LINEAR LINEAR LINEAR LINEAR LINEAR LINEAR LINEAR LINEAR LINEAR LINEAR LINEAR
LINEAR LINEAR LINEAR LINEAR LINEAR LINEAR LINEAR LINEAR LINEAR LINEAR LINEAR LINEAR
LINEAR LINEAR LINEAR LINEAR LINEAR LINEAR LINEAR LINEAR LINEAR LINEAR LINEAR LINEAR
LINEAR LINEAR LINEAR LINEAR LINEAR LINEAR LINEAR LINEAR LINEAR LINEAR LINEAR LINEAR
LINEAR LINEAR LINEAR LINEAR LINEAR LINEAR LINEAR LINEAR LINEAR LINEAR LINEAR LINEAR
LINEAR LINEAR LINEAR</Name_array><technique_common><accessor source="#mixamorig_Spine-Interpolations-array" count="86"><param type="name"/></accessor></technique_common></source><sampler id="mixamorig_Spine-Matrix-animation-transform"><input semantic="INPUT" source="#mixamorig_Spine-Matrix-animation-input"/><input semantic="OUTPUT" source="#mixamorig_Spine-Matrix-animation-output-transform"/><input semantic="INTERPOLATION" source="#mixamorig_Spine-Interpolations"/></sampler><channel source="#mixamorig_Spine-Matrix-animation-transform" target="mixamorig_Spine/matrix"/></animation>
    <animation id="mixamorig_Spine1-anim" name="mixamorig_Spine1"><source id="mixamorig_Spine1-Matrix-animation-input"><float_array id="mixamorig_Spine1-Matrix-animation-input-array" count="86">

0.000000 0.033333 0.066667 0.100000 0.133333 0.166667 0.200000 0.233333 0.266667 0.300000 0.333333 0.366667 0.400000 0.433333 0.466667 0.500000
0.533333 0.566667 0.600000 0.633333 0.666667 0.700000 0.733333 0.766667 0.800000 0.833333 0.866667 0.900000 0.933333 0.966667 1.000000 1.033333
1.066667 1.100000 1.133333 1.166667 1.200000 1.233333 1.266667 1.300000 1.333333 1.366667 1.400000 1.433333 1.466667 1.500000 1.533333 1.566667
1.600000 1.633333 1.666667 1.700000 1.733333 1.766667 1.800000 1.833333 1.866667 1.900000 1.933333 1.966667 2.000000 2.033333 2.066667 2.100000
2.133333 2.166667 2.200000 2.233333 2.266667 2.300000 2.333333 2.366667 2.400000 2.433333 2.466667 2.500000 2.533333 2.566667 2.600000 2.633333
2.666667 2.700000 2.733333 2.766667 2.800000 2.833333</float_array><technique_common><accessor source="#mixamorig_Spine1-Matrix-animation-input-array" count="86"><param name="TIME" type="float"/></accessor></technique_common></source><source id="mixamorig_Spine1-Matrix-animation-output-transform"><float_array id="mixamorig_Spine1-Matrix-animation-output-transform-array" count="1376">

0.999965 0.003960 0.007353 -0.000100 -0.003878 0.999930 -0.011147 11.645400 -0.007397 0.011118 0.999911 -1.422300 0.000000 0.000000 0.000000 1.000000
0.999964 0.003885 0.007539 -0.000100 -0.003800 0.999930 -0.011225 11.645400 -0.007582 0.011196 0.999909 -1.422300 0.000000 0.000000 0.000000 1.000000
0.999964 0.003642 0.007711 -0.000100 -0.003556 0.999930 -0.011241 11.645400 -0.007751 0.011214 0.999907 -1.422300 0.000000 0.000000 0.000000 1.000000
0.999963 0.003446 0.007860 -0.000100 -0.003358 0.999931 -0.011225 11.645400 -0.007898 0.011198 0.999906 -1.422300 0.000000 0.000000 0.000000 1.000000
0.999963 0.003261 0.007942 -0.000100 -0.003172 0.999932 -0.011185 11.645400 -0.007978 0.011160 0.999906 -1.422300 0.000000 0.000000 0.000000 1.000000
0.999964 0.003096 0.007895 -0.000100 -0.003009 0.999934 -0.011080 11.645400 -0.007929 0.011056 0.999907 -1.422300 0.000000 0.000000 0.000000 1.000000
0.999966 0.002969 0.007681 -0.000100 -0.002885 0.999936 -0.010925 11.645400 -0.007713 0.010903 0.999911 -1.422300 0.000000 0.000000 0.000000 1.000000
0.999969 0.002903 0.007358 -0.000100 -0.002823 0.999938 -0.010783 11.645400 -0.007389 0.010762 0.999915 -1.422300 0.000000 0.000000 0.000000 1.000000
0.999971 0.002912 0.006989 -0.000100 -0.002837 0.999940 -0.010620 11.645400 -0.007019 0.010600 0.999919 -1.422300 0.000000 0.000000 0.000000 1.000000
0.999974 0.002992 0.006572 -0.000100 -0.002924 0.999942 -0.010394 11.645400 -0.006602 0.010375 0.999924 -1.422300 0.000000 0.000000 0.000000 1.000000
0.999976 0.003143 0.006232 -0.000100 -0.003080 0.999943 -0.010185 11.645400 -0.006264 0.010165 0.999929 -1.422300 0.000000 0.000000 0.000000 1.000000
0.999976 0.003336 0.006000 -0.000100 -0.003276 0.999945 -0.010000 11.645400 -0.006033 0.009980 0.999932 -1.422300 0.000000 0.000000 0.000000 1.000000
0.999977 0.003574 0.005811 -0.000100 -0.003517 0.999946 -0.009802 11.645400 -0.005846 0.009782 0.999935 -1.422300 0.000000 0.000000 0.000000 1.000000
0.999976 0.003814 0.005724 -0.000100 -0.003759 0.999947 -0.009606 11.645400 -0.005761 0.009584 0.999937 -1.422300 0.000000 0.000000 0.000000 1.000000
0.999975 0.004036 0.005737 -0.000100 -0.003982 0.999948 -0.009393 11.645400 -0.005775 0.009370 0.999939 -1.422300 0.000000 0.000000 0.000000 1.000000
0.999974 0.004309 0.005804 -0.000100 -0.004256 0.999949 -0.009122 11.645400 -0.005843 0.009097 0.999942 -1.422300 0.000000 0.000000 0.000000 1.000000
0.999972 0.004598 0.005917 -0.000100 -0.004546 0.999951 -0.008801 11.645400 -0.005957 0.008774 0.999944 -1.422300 0.000000 0.000000 0.000000 1.000000
0.999969 0.005021 0.006099 -0.000100 -0.004969 0.999952 -0.008415 11.645400 -0.006141 0.008384 0.999946 -1.422300 0.000000 0.000000 0.000000 1.000000
0.999964 0.005560 0.006363 -0.000100 -0.005509 0.999953 -0.007986 11.645400 -0.006407 0.007951 0.999948 -1.422300 0.000000 0.000000 0.000000 1.000000
0.999959 0.006055 0.006674 -0.000100 -0.006004 0.999953 -0.007622 11.645400 -0.006720 0.007581 0.999949 -1.422300 0.000000 0.000000 0.000000 1.000000
0.999953 0.006657 0.007049 -0.000100 -0.006606 0.999952 -0.007282 11.645400 -0.007097 0.007235 0.999949 -1.422300 0.000000 0.000000 0.000000 1.000000
0.999946 0.007303 0.007423 -0.000100 -0.007252 0.999950 -0.006919 11.645400 -0.007473 0.006865 0.999949 -1.422300 0.000000 0.000000 0.000000 1.000000
0.999940 0.007803 0.007681 -0.000100 -0.007752 0.999948 -0.006591 11.645400 -0.007732 0.006531 0.999949 -1.422300 0.000000 0.000000 0.000000 1.000000
0.999936 0.008206 0.007782 -0.000100 -0.008157 0.999947 -0.006304 11.645400 -0.007833 0.006240 0.999950 -1.422300 0.000000 0.000000 0.000000 1.000000
0.999934 0.008528 0.007735 -0.000100 -0.008481 0.999945 -0.006101 11.645400 -0.007787 0.006035 0.999951 -1.422300 0.000000 0.000000 0.000000 1.000000
0.999933 0.008718 0.007635 -0.000100 -0.008672 0.999944 -0.006006 11.645400 -0.007687 0.005939 0.999953 -1.422300 0.000000 0.000000 0.000000 1.000000
0.999933 0.008778 0.007539 -0.000100 -0.008733 0.999944 -0.005967 11.645400 -0.007591 0.005901 0.999954 -1.422300 0.000000 0.000000 0.000000 1.000000
0.999934 0.008775 0.007470 -0.000100 -0.008730 0.999944 -0.005942 11.645400 -0.007522 0.005876 0.999954 -1.422300 0.000000 0.000000 0.000000 1.000000
0.999934 0.008751 0.007434 -0.000100 -0.008707 0.999945 -0.005898 11.645400 -0.007485 0.005833 0.999955 -1.422300 0.000000 0.000000 0.000000 1.000000
0.999935 0.008706 0.007384 -0.000100 -0.008663 0.999946 -0.005796 11.645400 -0.007434 0.005732 0.999956 -1.422300 0.000000 0.000000 0.000000 1.000000
0.999936 0.008654 0.007264 -0.000100 -0.008613 0.999947 -0.005635 11.645400 -0.007312 0.005572 0.999958 -1.422300 0.000000 0.000000 0.000000 1.000000
0.999938 0.008585 0.007045 -0.000100 -0.008546 0.999948 -0.005478 11.645400 -0.007091 0.005418 0.999960 -1.422300 0.000000 0.000000 0.000000 1.000000
0.999941 0.008508 0.006789 -0.000100 -0.008472 0.999950 -0.005369 11.645400 -0.006834 0.005311 0.999963 -1.422300 0.000000 0.000000 0.000000 1.000000
0.999943 0.008437 0.006556 -0.000100 -0.008402 0.999951 -0.005289 11.645400 -0.006601 0.005234 0.999965 -1.422300 0.000000 0.000000 0.000000 1.000000
0.999945 0.008375 0.006358 -0.000100 -0.008341 0.999951 -0.005236 11.645400 -0.006402 0.005183 0.999966 -1.422300 0.000000 0.000000 0.000000 1.000000
0.999946 0.008336 0.006225 -0.000100 -0.008303 0.999952 -0.005236 11.645400 -0.006268 0.005184 0.999967 -1.422300 0.000000 0.000000 0.000000 1.000000
0.999947 0.008302 0.006152 -0.000100 -0.008270 0.999952 -0.005256 11.645400 -0.006195 0.005205 0.999967 -1.422300 0.000000 0.000000 0.000000 1.000000
0.999947 0.008271 0.006124 -0.000100 -0.008239 0.999952 -0.005277 11.645400 -0.006168 0.005226 0.999967 -1.422300 0.000000 0.000000 0.000000 1.000000
0.999947 0.008234 0.006148 -0.000100 -0.008201 0.999952 -0.005312 11.645400 -0.006191 0.005262 0.999967 -1.422300 0.000000 0.000000 0.000000 1.000000
0.999947 0.008182 0.006192 -0.000100 -0.008149 0.999953 -0.005312 11.645400 -0.006235 0.005261 0.999967 -1.422300 0.000000 0.000000 0.000000 1.000000
0.999948 0.008124 0.006228 -0.000100 -0.008091 0.999953 -0.005251 11.645400 -0.006271 0.005200 0.999967 -1.422300 0.000000 0.000000 0.000000 1.000000
0.999948 0.008062 0.006246 -0.000100 -0.008030 0.999954 -0.005178 11.645400 -0.006287 0.005127 0.999967 -1.422300 0.000000 0.000000 0.000000 1.000000
0.999949 0.008005 0.006231 -0.000100 -0.007973 0.999955 -0.005090 11.645400 -0.006271 0.005040 0.999968 -1.422300 0.000000 0.000000 0.000000 1.000000
0.999949 0.007954 0.006213 -0.000100 -0.007923 0.999956 -0.004993 11.645400 -0.006252 0.004943 0.999968 -1.422300 0.000000 0.000000 0.000000 1.000000
0.999949 0.007887 0.006230 -0.000100 -0.007856 0.999956 -0.005057 11.645400 -0.006270 0.005008 0.999968 -1.422300 0.000000 0.000000 0.000000 1.000000
0.999950 0.007818 0.006296 -0.000100 -0.007784 0.999955 -0.005483 11.645400 -0.006338 0.005434 0.999965 -1.422300 0.000000 0.000000 0.000000 1.000000
0.999949 0.007767 0.006483 -0.000100 -0.007726 0.999950 -0.006284 11.645400 -0.006531 0.006234 0.999959 -1.422300 0.000000 0.000000 0.000000 1.000000
