<?xml version="1.0" encoding="utf-8"?>
<COLLADA xmlns="http://www.collada.org/2005/11/COLLADASchema" version="1.4.1">
  <asset><contributor><author>Mixamo</author><authoring_tool>COLLADA Mixamo exporter</authoring_tool><comments></comments></contributor><created>2018-12-17T14:48:44Z</created><modified>2018-12-17T14:48:44Z</modified><revision></revision><title></title><unit meter="0.010000"/><up_axis>Y_UP</up_axis></asset>
  <library_animations>
    <animation id="mixamorig_Hips-anim" name="mixamorig_Hips"><source id="mixamorig_Hips-Matrix-animation-input"><float_array id="mixamorig_Hips-Matrix-animation-input-array" count="158">

0.000000 0.033333 0.066667 0.100000 0.133333 0.166667 0.200000 0.233333 0.266667 0.300000 0.333333 0.366667 0.400000 0.433333 0.466667 0.500000
0.533333 0.566667 0.600000 0.633333 0.666667 0.700000 0.733333 0.766667 0.800000 0.833333 0.866667 0.900000 0.933333 0.966667 1.000000 1.033333
1.066667 1.100000 1.133333 1.166667 1.200000 1.233333 1.266667 1.300000 1.333333 1.366667 1.400000 1.433333 1.466667 1.500000 1.533333 1.566667
1.600000 1.633333 1.666667 1.700000 1.733333 1.766667 1.800000 1.833333 1.866667 1.900000 1.933333 1.966667 2.000000 2.033333 2.066667 2.100000
2.133333 2.166667 2.200000 2.233333 2.266667 2.300000 2.333333 2.366667 2.400000 2.433333 2.466667 2.500000 2.533333 2.566667 2.600000 2.633333
2.666667 2.700000 2.733333 2.766667 2.800000 2.833333 2.866667 2.900000 2.933333 2.966667 3.000000 3.033333 3.066667 3.100000 3.133333 3.166667
3.200000 3.233333 3.266667 3.300000 3.333333 3.366667 3.400000 3.433333 3.466667 3.500000 3.533333 3.566667 3.600000 3.633333 3.666667 3.700000
3.733333 3.766667 3.800000 3.833333 3.866667 3.900000 3.933333 3.966667 4.000000 4.033333 4.066667 4.100000 4.133333 4.166667 4.200000 4.233333
4.266667 4.300000 4.333333 4.366667 4.400000 4.433333 4.466667 4.500000 4.533333 4.566667 4.600000 4.633333 4.666667 4.700000 4.733333 4.766667
4.800000 4.833333 4.866667 4.900000 4.933333 4.966667 5.000000 5.033333 5.066667 5.100000 5.133333 5.166667 5.200000 5.233333</float_array><technique_common><accessor source="#mixamorig_Hips-Matrix-animation-input-array" count="158"><param name="TIME" type="float"/></accessor></technique_common></source><source id="mixamorig_Hips-Matrix-animation-output-transform"><float_array id="mixamorig_Hips-Matrix-animation-output-transform-array" count="2528">

0.999340 -0.019435 -0.030697 6.552829 -0.029618 0.053563 -0.998125 9.725089 0.021043 0.998375 0.052952 7.235693 0.000000 0.000000 0.000000 1.000000
0.999334 -0.019765 -0.030675 6.560482 -0.029557 0.054557 -0.998073 9.729583 0.021401 0.998315 0.053936 7.243519 0.000000 0.000000 0.000000 1.000000
0.999324 -0.020137 -0.030763 6.565777 -0.029619 0.054816 -0.998057 9.734990 0.021784 0.998293 0.054183 7.252932 0.000000 0.000000 0.000000 1.000000
0.999312 -0.020448 -0.030949 6.569130 -0.029789 0.054775 -0.998054 9.742048 0.022104 0.998289 0.054128 7.263920 0.000000 0.000000 0.000000 1.000000
0.999302 -0.020623 -0.031135 6.570950 -0.029960 0.055015 -0.998036 9.749249 0.022295 0.998273 0.054359 7.275279 0.000000 0.000000 0.000000 1.000000
0.999300 -0.020690 -0.031184 6.571074 -0.029991 0.055640 -0.998000 9.756105 0.022384 0.998237 0.054980 7.283319 0.000000 0.000000 0.000000 1.000000
0.999307 -0.020682 -0.030932 6.568255 -0.029720 0.056552 -0.997957 9.765657 0.022389 0.998185 0.055898 7.283686 0.000000 0.000000 0.000000 1.000000
0.999332 -0.020583 -0.030190 6.560936 -0.028956 0.057791 -0.997909 9.779767 0.022285 0.998117 0.057156 7.277111 0.000000 0.000000 0.000000 1.000000
0.999375 -0.020325 -0.028931 6.549616 -0.027683 0.059210 -0.997862 9.798622 0.021994 0.998039 0.058610 7.267333 0.000000 0.000000 0.000000 1.000000
0.999424 -0.020051 -0.027361 6.539122 -0.026104 0.060494 -0.997827 9.821484 0.021663 0.997967 0.059935 7.257209 0.000000 0.000000 0.000000 1.000000
0.999470 -0.020007 -0.025667 6.530930 -0.024396 0.061373 -0.997817 9.846821 0.021538 0.997914 0.060853 7.247698 0.000000 0.000000 0.000000 1.000000
0.999520 -0.019664 -0.023934 6.520024 -0.022684 0.061482 -0.997850 9.877554 0.021093 0.997914 0.061006 7.237639 0.000000 0.000000 0.000000 1.000000
0.999568 -0.019031 -0.022383 6.502837 -0.021196 0.060419 -0.997948 9.921015 0.020344 0.997992 0.059989 7.224753 0.000000 0.000000 0.000000 1.000000
0.999595 -0.018938 -0.021262 6.479029 -0.020131 0.058025 -0.998112 9.976904 0.020136 0.998135 0.057620 7.210128 0.000000 0.000000 0.000000 1.000000
0.999609 -0.019257 -0.020259 6.452164 -0.019177 0.054810 -0.998313 10.038729 0.020335 0.998311 0.054420 7.200202 0.000000 0.000000 0.000000 1.000000
0.999628 -0.019628 -0.018949 6.423063 -0.017894 0.052562 -0.998457 10.101694 0.020594 0.998425 0.052192 7.202458 0.000000 0.000000 0.000000 1.000000
0.999648 -0.020218 -0.017203 6.389087 -0.016140 0.051627 -0.998536 10.159679 0.021076 0.998462 0.051283 7.216753 0.000000 0.000000 0.000000 1.000000
0.999655 -0.021380 -0.015246 6.355521 -0.014144 0.050764 -0.998611 10.216583 0.022124 0.998482 0.050444 7.237645 0.000000 0.000000 0.000000 1.000000
0.999662 -0.022334 -0.013274 6.320837 -0.012130 0.050606 -0.998645 10.268002 0.022976 0.998469 0.050318 7.271677 0.000000 0.000000 0.000000 1.000000
0.999662 -0.023342 -0.011419 6.287971 -0.010194 0.051952 -0.998598 10.304754 0.023903 0.998377 0.051696 7.323776 0.000000 0.000000 0.000000 1.000000
0.999629 -0.025455 -0.009677 6.248001 -0.008298 0.053752 -0.998520 10.330076 0.025938 0.998230 0.053521 7.335822 0.000000 0.000000 0.000000 1.000000
0.999581 -0.027820 -0.007989 6.196983 -0.006427 0.055789 -0.998422 10.344862 0.028222 0.998055 0.055587 7.328142 0.000000 0.000000 0.000000 1.000000
0.999531 -0.029864 -0.006782 6.147360 -0.005013 0.058925 -0.998250 10.345269 0.030211 0.997816 0.058747 7.319630 0.000000 0.000000 0.000000 1.000000
0.999477 -0.031671 -0.006610 6.114212 -0.004589 0.063457 -0.997974 10.328516 0.032026 0.997482 0.063279 7.313379 0.000000 0.000000 0.000000 1.000000
0.999444 -0.032534 -0.007297 6.097875 -0.005043 0.068840 -0.997615 10.312124 0.032959 0.997097 0.068637 7.291424 0.000000 0.000000 0.000000 1.000000
0.999465 -0.031786 -0.007735 6.099609 -0.005299 0.076018 -0.997092 10.303785 0.032281 0.996600 0.075809 7.199142 0.000000 0.000000 0.000000 1.000000
0.999546 -0.029434 -0.006411 6.126121 -0.003875 0.085427 -0.996337 10.284816 0.029874 0.995910 0.085274 7.078598 0.000000 0.000000 0.000000 1.000000
0.999641 -0.026686 -0.002289 6.147224 0.000239 0.094369 -0.995537 10.254908 0.026783 0.995180 0.094341 6.978459 0.000000 0.000000 0.000000 1.000000
0.999699 -0.024383 0.002694 6.121276 0.005120 0.099994 -0.994975 10.227033 0.023992 0.994689 0.100088 6.929908 0.000000 0.000000 0.000000 1.000000
0.999709 -0.022941 0.007450 6.076941 0.009763 0.102428 -0.994692 10.217497 0.022057 0.994476 0.102622 6.913139 0.000000 0.000000 0.000000 1.000000
0.999666 -0.022560 0.012624 6.038166 0.014908 0.104088 -0.994456 10.222486 0.021121 0.994312 0.104390 6.905377 0.000000 0.000000 0.000000 1.000000
0.999602 -0.022121 0.017493 5.989882 0.019757 0.106639 -0.994102 10.236692 0.020125 0.994052 0.107033 6.897371 0.000000 0.000000 0.000000 1.000000
0.999519 -0.021215 0.022605 5.918406 0.024823 0.110879 -0.993524 10.245874 0.018571 0.993607 0.111352 6.901677 0.000000 0.000000 0.000000 1.000000
0.999406 -0.020846 0.027445 5.844116 0.029650 0.114138 -0.993022 10.283714 0.017568 0.993246 0.114688 6.909414 0.000000 0.000000 0.000000 1.000000
0.999277 -0.020898 0.031761 5.779585 0.034016 0.118287 -0.992397 10.360582 0.016982 0.992759 0.118913 6.923812 0.000000 0.000000 0.000000 1.000000
0.999066 -0.021242 0.037630 5.716938 0.040024 0.126626 -0.991143 10.447269 0.016289 0.991723 0.127358 6.934191 0.000000 0.000000 0.000000 1.000000
0.998695 -0.022941 0.045631 5.637010 0.048347 0.136675 -0.989435 10.566852 0.016462 0.990350 0.137606 6.939631 0.000000 0.000000 0.000000 1.000000
0.998141 -0.025507 0.055349 5.557495 0.058554 0.149594 -0.987012 10.750585 0.016896 0.988418 0.150809 6.938602 0.000000 0.000000 0.000000 1.000000
0.997378 -0.028548 0.066504 5.490688 0.070333 0.165727 -0.983660 11.024237 0.017060 0.985758 0.167300 6.912300 0.000000 0.000000 0.000000 1.000000
0.996409 -0.031569 0.078562 5.414814 0.083036 0.183079 -0.979585 11.363396 0.016541 0.982591 0.185043 6.855048 0.000000 0.000000 0.000000 1.000000
0.995463 -0.034883 0.088528 5.343412 0.093693 0.197021 -0.975912 11.797434 0.016601 0.979779 0.199395 6.780598 0.000000 0.000000 0.000000 1.000000
0.994574 -0.038628 0.096592 5.275812 0.102568 0.209021 -0.972517 12.346746 0.017377 0.977148 0.211849 6.699642 0.000000 0.000000 0.000000 1.000000
0.993897 -0.041892 0.102047 5.161235 0.108731 0.216030 -0.970314 13.029513 0.018603 0.975488 0.219267 6.585661 0.000000 0.000000 0.000000 1.000000
0.993418 -0.044059 0.105731 5.021266 0.112926 0.222123 -0.968457 13.816699 0.019184 0.974023 0.225637 6.455809 0.000000 0.000000 0.000000 1.000000
0.992909 -0.046043 0.109603 4.825388 0.117217 0.225441 -0.967180 14.692136 0.019822 0.973168 0.229240 6.288782 0.000000 0.000000 0.000000 1.000000
0.992392 -0.046588 0.113965 4.560058 0.121607 0.226234 -0.966452 15.627728 0.019242 0.972958 0.230178 6.097139 0.000000 0.000000 0.000000 1.000000
0.991957 -0.046413 0.117756 4.241930 0.125265 0.226626 -0.965893 16.616379 0.018144 0.972875 0.230617 5.900425 0.000000 0.000000 0.000000 1.000000
0.991223 -0.047262 0.123466 3.910309 0.131142 0.233455 -0.963484 17.697994 0.016712 0.971218 0.237604 5.730411 0.000000 0.000000 0.000000 1.000000
0.990424 -0.049626 0.128833 3.595692 0.137151 0.246764 -0.959321 18.815552 0.015816 0.967804 0.251208 5.559621 0.000000 0.000000 0.000000 1.000000
0.989593 -0.049573 0.135088 3.287023 0.143352 0.258013 -0.955447 19.991785 0.012510 0.964869 0.262434 5.354948 0.000000 0.000000 0.000000 1.000000
0.989120 -0.048398 0.138924 3.001367 0.146813 0.264439 -0.953162 21.235142 0.009394 0.963187 0.268667 5.133752 0.000000 0.000000 0.000000 1.000000
0.988958 -0.047767 0.140284 2.791274 0.147995 0.269406 -0.951587 22.511963 0.007662 0.961841 0.273500 4.932752 0.000000 0.000000 0.000000 1.000000
0.988573 -0.045210 0.143804 2.605840 0.150692 0.271398 -0.950597 23.793114 0.003949 0.961405 0.275109 4.739896 0.000000 0.000000 0.000000 1.000000
0.987784 -0.038821 0.150916 2.430006 0.155783 0.269626 -0.950281 25.144508 -0.003800 0.962182 0.272380 4.543287 0.000000 0.000000 0.000000 1.000000
0.986605 -0.032214 0.159917 2.229440 0.162752 0.261034 -0.951511 26.561531 -0.011091 0.964792 0.262781 4.374363 0.000000 0.000000 0.000000 1.000000
0.984884 -0.027896 0.170953 1.994915 0.172408 0.253008 -0.951978 27.985445 -0.016697 0.967062 0.253993 4.249525 0.000000 0.000000 0.000000 1.000000
0.982839 -0.024119 0.182884 1.716403 0.183125 0.246956 -0.951566 29.419827 -0.022213 0.968727 0.247134 4.151958 0.000000 0.000000 0.000000 1.000000
0.979577 -0.023228 0.199724 1.384876 0.199362 0.241417 -0.949722 30.886934 -0.026157 0.970143 0.241117 4.060101 0.000000 0.000000 0.000000 1.000000
0.974450 -0.026673 0.223016 1.044299 0.222847 0.238805 -0.945151 32.438240 -0.028047 0.970701 0.238648 4.034131 0.000000 0.000000 0.000000 1.000000
0.967227 -0.031826 0.251912 0.746966 0.252080 0.239404 -0.937625 34.091534 -0.030468 0.970398 0.239581 4.011298 0.000000 0.000000 0.000000 1.000000
0.957958 -0.035314 0.284727 0.409613 0.284717 0.239444 -0.928226 35.917904 -0.035397 0.970268 0.239432 3.906740 0.000000 0.000000 0.000000 1.000000
0.946570 -0.038737 0.320163 0.077894 0.319913 0.238224 -0.917009 37.673615 -0.040748 0.970437 0.237888 3.701703 0.000000 0.000000 0.000000 1.000000
0.935564 -0.043557 0.350461 -0.216399 0.350509 0.235824 -0.906383 39.374859 -0.043168 0.970819 0.235896 3.433377 0.000000 0.000000 0.000000 1.000000
0.925557 -0.047285 0.375644 -0.486690 0.375597 0.239561 -0.895286 41.088902 -0.047656 0.969729 0.239487 3.156681 0.000000 0.000000 0.000000 1.000000
0.918403 -0.051691 0.392255 -0.787333 0.392340 0.246886 -0.886068 42.859913 -0.051041 0.967665 0.247022 2.845105 0.000000 0.000000 0.000000 1.000000
0.911036 -0.060757 0.407826 -1.045945 0.409355 0.251822 -0.876935 44.627289 -0.049420 0.965865 0.254289 2.522052 0.000000 0.000000 0.000000 1.000000
0.905065 -0.067988 0.419803 -1.351747 0.422524 0.255810 -0.869503 46.306446 -0.048274 0.964333 0.260252 2.299304 0.000000 0.000000 0.000000 1.000000
0.902438 -0.070786 0.424964 -1.589089 0.428078 0.258433 -0.866003 47.803642 -0.048524 0.963432 0.263522 2.088678 0.000000 0.000000 0.000000 1.000000
0.898876 -0.075349 0.431677 -1.913111 0.435894 0.254755 -0.863190 49.656765 -0.044932 0.964066 0.261837 1.922621 0.000000 0.000000 0.000000 1.000000
0.891525 -0.083813 0.445151 -2.356134 0.451473 0.244315 -0.858186 51.922081 -0.036830 0.966067 0.255652 1.967316 0.000000 0.000000 0.000000 1.000000
0.880153 -0.087698 0.466519 -2.685454 0.473435 0.233608 -0.849286 54.023994 -0.034502 0.968368 0.247130 1.901072 0.000000 0.000000 0.000000 1.000000
0.877852 -0.093609 0.469695 -2.552512 0.477728 0.240656 -0.844903 56.063652 -0.033945 0.966086 0.255980 1.575843 0.000000 0.000000 0.000000 1.000000
0.889684 -0.099038 0.445707 -2.052331 0.455674 0.253986 -0.853142 57.562126 -0.028710 0.962124 0.271097 1.278410 0.000000 0.000000 0.000000 1.000000
0.904211 -0.102419 0.414624 -1.323842 0.426536 0.265834 -0.864523 58.625954 -0.021678 0.958563 0.284055 1.175838 0.000000 0.000000 0.000000 1.000000
0.916590 -0.102474 0.386474 -0.597957 0.399516 0.272933 -0.875154 59.933334 -0.015801 0.956560 0.291107 1.027404 0.000000 0.000000 0.000000 1.000000
0.927318 -0.098898 0.360973 0.143563 0.374032 0.279621 -0.884258 61.390774 -0.013484 0.955003 0.296288 0.713660 0.000000 0.000000 0.000000 1.000000
0.937978 -0.097497 0.332702 0.882628 0.346555 0.290778 -0.891823 62.783054 -0.009793 0.951810 0.306532 0.275420 0.000000 0.000000 0.000000 1.000000
0.949232 -0.098736 0.298682 1.598169 0.314578 0.299523 -0.900737 63.991898 -0.000527 0.948966 0.315377 -0.283314 0.000000 0.000000 0.000000 1.000000
0.959379 -0.102245 0.262941 2.300303 0.281837 0.305580 -0.909499 65.198990 0.012642 0.946661 0.321984 -0.898853 0.000000 0.000000 0.000000 1.000000
0.966126 -0.109025 0.233908 3.005791 0.256879 0.319334 -0.912162 66.660118 0.024754 0.941350 0.336524 -1.611328 0.000000 0.000000 0.000000 1.000000
0.971496 -0.113404 0.208168 3.697669 0.234666 0.335749 -0.912253 68.482903 0.033561 0.935100 0.352791 -2.424154 0.000000 0.000000 0.000000 1.000000
0.976341 -0.115798 0.182619 4.334573 0.212195 0.350526 -0.912198 70.567520 0.041618 0.929367 0.366804 -3.343654 0.000000 0.000000 0.000000 1.000000
0.980384 -0.116105 0.159271 4.866626 0.191221 0.364449 -0.911379 72.712418 0.047770 0.923957 0.379501 -4.292857 0.000000 0.000000 0.000000 1.000000
0.983094 -0.114723 0.142706 5.281504 0.176329 0.383152 -0.906699 74.800560 0.049341 0.916533 0.396903 -5.209911 0.000000 0.000000 0.000000 1.000000
0.985451 -0.109256 0.130190 5.547683 0.163517 0.400562 -0.901561 77.025826 0.046352 0.909732 0.412600 -6.119688 0.000000 0.000000 0.000000 1.000000
0.988264 -0.096882 0.118106 5.668292 0.147919 0.413833 -0.898255 79.379059 0.038148 0.905183 0.423307 -6.959502 0.000000 0.000000 0.000000 1.000000
0.991276 -0.081169 0.103841 5.586977 0.128852 0.431077 -0.893068 81.548622 0.027726 0.898657 0.437775 -7.874823 0.000000 0.000000 0.000000 1.000000
0.993455 -0.068784 0.091188 5.100061 0.112753 0.462969 -0.879174 83.584045 0.018256 0.883701 0.467695 -8.753743 0.000000 0.000000 0.000000 1.000000
0.995060 -0.057175 0.081154 4.229216 0.098886 0.498798 -0.861059 85.392197 0.008752 0.864831 0.501987 -9.716134 0.000000 0.000000 0.000000 1.000000
0.996383 -0.044001 0.072696 3.039019 0.084932 0.542856 -0.835520 86.830521 -0.002700 0.838672 0.544630 -10.615530 0.000000 0.000000 0.000000 1.000000
0.996775 -0.032876 0.073200 1.398377 0.078194 0.602779 -0.794067 87.432068 -0.018018 0.797231 0.603406 -11.351055 0.000000 0.000000 0.000000 1.000000
0.995267 -0.027889 0.093090 -0.664703 0.087346 0.676595 -0.731157 86.826294 -0.042592 0.735827 0.675828 -11.689598 0.000000 0.000000 0.000000 1.000000
0.990998 -0.032540 0.129858 -2.686075 0.109632 0.753949 -0.647720 85.544243 -0.076830 0.656126 0.750730 -11.521618 0.000000 0.000000 0.000000 1.000000
0.986558 -0.043993 0.157379 -4.308251 0.125825 0.819010 -0.559814 84.570663 -0.104268 0.572091 0.813536 -11.003132 0.000000 0.000000 0.000000 1.000000
0.983782 -0.058605 0.169522 -5.398195 0.134133 0.867842 -0.478391 84.275085 -0.119082 0.493371 0.861629 -10.316438 0.000000 0.000000 0.000000 1.000000
0.981830 -0.073966 0.174752 -6.075054 0.139915 0.904287 -0.403346 84.458725 -0.128192 0.420468 0.898206 -9.579237 0.000000 0.000000 0.000000 1.000000
0.980174 -0.088093 0.177477 -6.473790 0.144472 0.930751 -0.335901 85.015495 -0.135596 0.354882 0.925026 -8.849049 0.000000 0.000000 0.000000 1.000000
0.979267 -0.102381 0.174799 -6.615994 0.149132 0.948337 -0.280029 85.891968 -0.137099 0.300291 0.943943 -8.144131 0.000000 0.000000 0.000000 1.000000
0.979592 -0.115369 0.164590 -6.552998 0.152567 0.959900 -0.235193 86.994385 -0.130856 0.255504 0.957912 -7.441574 0.000000 0.000000 0.000000 1.000000
0.980472 -0.126635 0.150462 -6.347064 0.155662 0.967303 -0.200236 88.234520 -0.120186 0.219747 0.968125 -6.740665 0.000000 0.000000 0.000000 1.000000
0.981038 -0.137493 0.136604 -6.047336 0.159732 0.972751 -0.168050 89.547455 -0.109776 0.186684 0.976268 -6.042825 0.000000 0.000000 0.000000 1.000000
0.981452 -0.145515 0.124810 -5.728871 0.162333 0.977140 -0.137277 90.859100 -0.101981 0.154991 0.982638 -5.350895 0.000000 0.000000 0.000000 1.000000
0.982047 -0.149588 0.114924 -5.445437 0.162270 0.980562 -0.110303 92.067459 -0.096190 0.126971 0.987231 -4.676818 0.000000 0.000000 0.000000 1.000000
0.982777 -0.150732 0.106912 -5.207537 0.159995 0.983529 -0.084094 93.116524 -0.092475 0.099751 0.990706 -4.019476 0.000000 0.000000 0.000000 1.000000
0.983789 -0.148524 0.100495 -5.011431 0.154939 0.986141 -0.059325 93.968384 -0.090291 0.073934 0.993167 -3.353024 0.000000 0.000000 0.000000 1.000000
0.985225 -0.142438 0.095097 -4.861063 0.146568 0.988474 -0.037920 94.650223 -0.088600 0.051298 0.994745 -2.728081 0.000000 0.000000 0.000000 1.000000
0.986938 -0.133536 0.090123 -4.760867 0.135805 0.990544 -0.019508 95.181358 -0.086666 0.031492 0.995740 -2.140487 0.000000 0.000000 0.000000 1.000000
0.988738 -0.123658 0.084296 -4.718140 0.124257 0.992248 -0.001871 95.615837 -0.083411 0.012324 0.996439 -1.590660 0.000000 0.000000 0.000000 1.000000
0.990359 -0.113288 0.079717 -4.706192 0.112455 0.993545 0.014881 95.961678 -0.080888 -0.005773 0.996706 -1.092095 0.000000 0.000000 0.000000 1.000000
0.991582 -0.102942 0.078536 -4.707679 0.101015 0.994487 0.028138 96.220268 -0.080999 -0.019968 0.996514 -0.657790 0.000000 0.000000 0.000000 1.000000
0.992433 -0.094260 0.078688 -4.702738 0.091511 0.995085 0.037849 96.418877 -0.081868 -0.030361 0.996181 -0.300908 0.000000 0.000000 0.000000 1.000000
0.993164 -0.086949 0.077880 -4.685161 0.083494 0.995419 0.046575 96.602371 -0.081573 -0.039754 0.995874 0.003623 0.000000 0.000000 0.000000 1.000000
0.993894 -0.079327 0.076692 -4.667282 0.075227 0.995652 0.054944 96.766342 -0.080717 -0.048840 0.995540 0.270828 0.000000 0.000000 0.000000 1.000000
0.994361 -0.072473 0.077419 -4.594294 0.067810 0.995816 0.061256 96.896027 -0.081534 -0.055661 0.995115 0.508314 0.000000 0.000000 0.000000 1.000000
0.994852 -0.065748 0.077111 -4.492814 0.060861 0.996086 0.064099 96.985306 -0.081023 -0.059076 0.994960 0.741390 0.000000 0.000000 0.000000 1.000000
0.995447 -0.059856 0.074177 -4.339853 0.055212 0.996476 0.063144 97.037476 -0.077695 -0.058761 0.995244 0.984911 0.000000 0.000000 0.000000 1.000000
0.995861 -0.057199 0.070639 -4.096974 0.052770 0.996615 0.063042 97.063774 -0.074006 -0.059054 0.995508 1.229733 0.000000 0.000000 0.000000 1.000000
0.996234 -0.056072 0.066131 -3.817551 0.052033 0.996763 0.061282 97.078972 -0.069353 -0.057610 0.995927 1.432580 0.000000 0.000000 0.000000 1.000000
0.996500 -0.055355 0.062632 -3.495837 0.051647 0.996900 0.059346 97.098244 -0.065723 -0.055904 0.996271 1.615396 0.000000 0.000000 0.000000 1.000000
0.996701 -0.054107 0.060502 -3.152467 0.050402 0.996854 0.061167 97.117935 -0.063621 -0.057916 0.996292 1.842029 0.000000 0.000000 0.000000 1.000000
0.996799 -0.053061 0.059797 -2.813710 0.049281 0.996796 0.063007 97.132339 -0.062949 -0.059859 0.996220 2.033589 0.000000 0.000000 0.000000 1.000000
0.996937 -0.052531 0.057941 -2.497890 0.048686 0.996639 0.065887 97.142548 -0.061208 -0.062864 0.996143 2.139620 0.000000 0.000000 0.000000 1.000000
0.997142 -0.051831 0.054970 -2.203977 0.048015 0.996488 0.068598 97.148079 -0.058332 -0.065762 0.996129 2.202605 0.000000 0.000000 0.000000 1.000000
0.997302 -0.051650 0.052169 -1.915447 0.047888 0.996330 0.070947 97.148506 -0.055642 -0.068257 0.996115 2.259980 0.000000 0.000000 0.000000 1.000000
0.997459 -0.051541 0.049183 -1.647908 0.047882 0.996191 0.072878 97.147530 -0.052752 -0.070337 0.996127 2.305863 0.000000 0.000000 0.000000 1.000000
0.997613 -0.050827 0.046734 -1.423607 0.047389 0.996282 0.071955 97.154282 -0.050217 -0.069568 0.996312 2.295605 0.000000 0.000000 0.000000 1.000000
0.997812 -0.048450 0.044979 -1.251784 0.045300 0.996616 0.068591 97.163040 -0.048150 -0.066404 0.996630 2.193601 0.000000 0.000000 0.000000 1.000000
0.998009 -0.045551 0.043631 -1.132804 0.042730 0.997064 0.063539 97.171654 -0.046397 -0.061548 0.997025 2.001063 0.000000 0.000000 0.000000 1.000000
0.998153 -0.042948 0.042965 -1.029576 0.040393 0.997460 0.058670 97.185028 -0.045376 -0.056826 0.997352 1.747499 0.000000 0.000000 0.000000 1.000000
0.998205 -0.040829 0.043825 -0.949508 0.038431 0.997788 0.054236 97.198364 -0.045943 -0.052454 0.997566 1.463622 0.000000 0.000000 0.000000 1.000000
0.998161 -0.039210 0.046239 -0.905712 0.036966 0.998143 0.048425 97.215881 -0.048052 -0.046627 0.997756 1.159472 0.000000 0.000000 0.000000 1.000000
0.998048 -0.037678 0.049804 -0.867681 0.035464 0.998375 0.044609 97.232384 -0.051404 -0.042756 0.997762 0.858360 0.000000 0.000000 0.000000 1.000000
0.997951 -0.036470 0.052570 -0.840322 0.034118 0.998406 0.044958 97.247482 -0.054126 -0.043073 0.997605 0.573259 0.000000 0.000000 0.000000 1.000000
0.997898 -0.036034 0.053869 -0.795863 0.033431 0.998265 0.048472 97.261093 -0.055522 -0.046570 0.997371 0.324516 0.000000 0.000000 0.000000 1.000000
0.997899 -0.035827 0.053984 -0.738831 0.032907 0.997997 0.054038 97.268097 -0.055812 -0.052148 0.997079 0.123616 0.000000 0.000000 0.000000 1.000000
0.997916 -0.036359 0.053314 -0.674732 0.033076 0.997577 0.061213 97.269501 -0.055411 -0.059322 0.996700 -0.029993 0.000000 0.000000 0.000000 1.000000
0.997915 -0.037817 0.052298 -0.605481 0.034250 0.997131 0.067507 97.264320 -0.054701 -0.065575 0.996347 -0.113206 0.000000 0.000000 0.000000 1.000000
0.997919 -0.038699 0.051573 -0.552227 0.034841 0.996671 0.073716 97.259758 -0.054254 -0.071766 0.995945 -0.099289 0.000000 0.000000 0.000000 1.000000
0.997968 -0.038368 0.050868 -0.516918 0.034358 0.996401 0.077484 97.273186 -0.053658 -0.075579 0.995695 -0.012106 0.000000 0.000000 0.000000 1.000000
0.998014 -0.038635 0.049756 -0.478238 0.034570 0.996185 0.080127 97.280273 -0.052662 -0.078248 0.995542 0.122051 0.000000 0.000000 0.000000 1.000000
0.998019 -0.039932 0.048615 -0.433258 0.035761 0.995837 0.083838 97.274796 -0.051760 -0.081934 0.995293 0.279770 0.000000 0.000000 0.000000 1.000000
0.998001 -0.040926 0.048161 -0.374395 0.036648 0.995571 0.086580 97.262657 -0.051491 -0.084641 0.995080 0.428076 0.000000 0.000000 0.000000 1.000000
0.997999 -0.041186 0.047977 -0.325699 0.036771 0.995306 0.089518 97.252541 -0.051439 -0.087575 0.994829 0.606265 0.000000 0.000000 0.000000 1.000000
0.998053 -0.041713 0.046370 -0.280613 0.037220 0.994890 0.093849 97.239655 -0.050048 -0.091940 0.994506 0.808107 0.000000 0.000000 0.000000 1.000000
0.998136 -0.042317 0.043976 -0.223643 0.037825 0.994428 0.098396 97.229057 -0.047894 -0.096550 0.994175 0.976400 0.000000 0.000000 0.000000 1.000000
0.998118 -0.042567 0.044131 -0.169962 0.037936 0.994169 0.100943 97.220993 -0.048170 -0.099079 0.993913 1.099274 0.000000 0.000000 0.000000 1.000000
0.997969 -0.043527 0.046507 -0.120348 0.038524 0.993882 0.103513 97.214951 -0.050728 -0.101511 0.993540 1.188308 0.000000 0.000000 0.000000 1.000000
0.997782 -0.044721 0.049306 -0.090998 0.039303 0.993606 0.105843 97.212776 -0.053724 -0.103670 0.993160 1.230331 0.000000 0.000000 0.000000 1.000000
0.997582 -0.045750 0.052319 -0.078675 0.039912 0.993387 0.107649 97.213242 -0.056898 -0.105301 0.992811 1.237906 0.000000 0.000000 0.000000 1.000000
0.997388 -0.046572 0.055215 -0.070609 0.040327 0.993194 0.109271 97.212959 -0.059928 -0.106759 0.992477 1.228494 0.000000 0.000000 0.000000 1.000000
0.997249 -0.046747 0.057523 -0.067432 0.040190 0.993086 0.110294 97.211525 -0.062282 -0.107679 0.992233 1.209616 0.000000 0.000000 0.000000 1.000000
0.997210 -0.045954 0.058818 -0.074536 0.039238 0.993085 0.110646 97.213226 -0.063495 -0.108030 0.992118 1.177803 0.000000 0.000000 0.000000 1.000000
0.997196 -0.044936 0.059849 -0.084628 0.038086 0.993086 0.111038 97.216446 -0.064425 -0.108447 0.992012 1.145024 0.000000 0.000000 0.000000 1.000000
0.997163 -0.044468 0.060729 -0.088863 0.037521 0.993100 0.111102 97.219833 -0.065250 -0.108509 0.991952 1.115834 0.000000 0.000000 0.000000 1.000000
0.997143 -0.044542 0.061008 -0.091956 0.037585 0.993135 0.110775 97.221252 -0.065523 -0.108166 0.991971 1.089244 0.000000 0.000000 0.000000 1.000000
0.997121 -0.044640 0.061291 -0.097939 0.037706 0.993221 0.109958 97.221581 -0.065783 -0.107330 0.992045 1.063904 0.000000 0.000000 0.000000 1.000000
0.997103 -0.044562 0.061650 -0.107222 0.037695 0.993395 0.108380 97.222672 -0.066072 -0.105742 0.992196 1.037458 0.000000 0.000000 0.000000 1.000000
0.997097 -0.044313 0.061917 -0.119201 0.037547 0.993608 0.106463 97.223015 -0.066239 -0.103829 0.992387 1.013046 0.000000 0.000000 0.000000 1.000000</float_array><technique_common><accessor source="#mixamorig_Hips-Matrix-animation-output-transform-array" count="158" stride="16"><param type="float4x4"/></accessor></technique_common></source><source id="mixamorig_Hips-Interpolations"><Name_array id="mixamorig_Hips-Interpolations-array" count="158">
 LINEAR LINEAR LINEAR LINEAR LINEAR LINEAR LINEAR LINEAR LINEAR LINEAR LINEAR
LINEAR LINEAR LINEAR LINEAR LINEAR LINEAR LINEAR LINEAR LINEAR LINEAR LINEAR LINEAR
LINEAR LINEAR LINEAR LINEAR LINEAR LINEAR LINEAR LINEAR LINEAR LINEAR LINEAR LINEAR
LINEAR LINEAR LINEAR LINEAR LINEAR LINEAR LINEAR LINEAR LINEAR LINEAR LINEAR LINEAR
LINEAR LINEAR LINEAR LINEAR LINEAR LINEAR LINEAR LINEAR LINEAR LINEAR LINEAR LINEAR
LINEAR LINEAR LINEAR LINEAR LINEAR LINEAR LINEAR LINEAR LINEAR LINEAR LINEAR LINEAR
LINEAR LINEAR LINEAR LINEAR LINEAR LINEAR LINEAR LINEAR LINEAR LINEAR LINEAR LINEAR
LINEAR LINEAR LINEAR LINEAR LINEAR LINEAR LINEAR LINEAR LINEAR LINEAR LINEAR LINEAR
LINEAR LINEAR LINEAR LINEAR LINEAR LINEAR LINEAR LINEAR LINEAR LINEAR LINEAR LINEAR
LINEAR LINEAR LINEAR LINEAR LINEAR LINEAR LINEAR LINEAR LINEAR LINEAR LINEAR LINEAR
LINEAR LINEAR LINEAR LINEAR LINEAR LINEAR LINEAR LINEAR LINEAR LINEAR LINEAR LINEAR
LINEAR LINEAR LINEAR LINEAR LINEAR LINEAR LINEAR LINEAR LINEAR LINEAR LINEAR LINEAR
LINEAR LINEAR LINEAR LINEAR LINEAR LINEAR LINEAR LINEAR LINEAR LINEAR LINEAR LINEAR
LINEAR LINEAR LINEAR</Name_array><technique_common><accessor source="#mixamorig_Hips-Interpolations-array" count="158"><param type="name"/></accessor></technique_common></source><sampler id="mixamorig_Hips-Matrix-animation-transform"><input semantic="INPUT" source="#mixamorig_Hips-Matrix-animation-input"/><input semantic="OUTPUT" source="#mixamorig_Hips-Matrix-animation-output-transform"/><input semantic="INTERPOLATION" source="#mixamorig_Hips-Interpolations"/></sampler><channel source="#mixamorig_Hips-Matrix-animation-transform" target="mixamorig_Hips/matrix"/></animation>
    <animation id="mixamorig_Spine-anim" name="mixamorig_Spine"><source id="mixamorig_Spine-Matrix-animation-input"><float_array id="mixamorig_Spine-Matrix-animation-input-array" count="158">

0.000000 0.033333 0.066667 0.100000 0.133333 0.166667 0.200000 0.233333 0.266667 0.300000 0.333333 0.366667 0.400000 0.433333 0.466667 0.500000
0.533333 0.566667 0.600000 0.633333 0.666667 0.700000 0.733333 0.766667 0.800000 0.833333 0.866667 0.900000 0.933333 0.966667 1.000000 1.033333
1.066667 1.100000 1.133333 1.166667 1.200000 1.233333 1.266667 1.300000 1.333333 1.366667 1.400000 1.433333 1.466667 1.500000 1.533333 1.566667
1.600000 1.633333 1.666667 1.700000 1.733333 1.766667 1.800000 1.833333 1.866667 1.900000 1.933333 1.966667 2.000000 2.033333 2.066667 2.100000
2.133333 2.166667 2.200000 2.233333 2.266667 2.300000 2.333333 2.366667 2.400000 2.433333 2.466667 2.500000 2.533333 2.566667 2.600000 2.633333
2.666667 2.700000 2.733333 2.766667 2.800000 2.833333 2.866667 2.900000 2.933333 2.966667 3.000000 3.033333 3.066667 3.100000 3.133333 3.166667
3.200000 3.233333 3.266667 3.300000 3.333333 3.366667 3.400000 3.433333 3.466667 3.500000 3.533333 3.566667 3.600000 3.633333 3.666667 3.700000
3.733333 3.766667 3.800000 3.833333 3.866667 3.900000 3.933333 3.966667 4.000000 4.033333 4.066667 4.100000 4.133333 4.166667 4.200000 4.233333
4.266667 4.300000 4.333333 4.366667 4.400000 4.433333 4.466667 4.500000 4.533333 4.566667 4.600000 4.633333 4.666667 4.700000 4.733333 4.766667
4.800000 4.833333 4.866667 4.900000 4.933333 4.966667 5.000000 5.033333 5.066667 5.100000 5.133333 5.166667 5.200000 5.233333</float_array><technique_common><accessor source="#mixamorig_Spine-Matrix-animation-input-array" count="158"><param name="TIME" type="float"/></accessor></technique_common></source><source id="mixamorig_Spine-Matrix-animation-output-transform"><float_array id="mixamorig_Spine-Matrix-animation-output-transform-array" count="2528">

0.999637 0.016989 -0.020913 0.000000 -0.016957 0.999855 0.001730 9.923500 0.020940 -0.001375 0.999780 -1.227300 0.000000 0.000000 0.000000 1.000000
0.999628 0.017974 -0.020495 0.000000 -0.017979 0.999838 -0.000076 9.923500 0.020491 0.000445 0.999790 -1.227300 0.000000 0.000000 0.000000 1.000000
0.999613 0.019233 -0.020087 0.000000 -0.019263 0.999814 -0.001301 9.923500 0.020058 0.001688 0.999797 -1.227300 0.000000 0.000000 0.000000 1.000000
0.999593 0.020406 -0.019930 -0.000000 -0.020461 0.999787 -0.002539 9.923500 0.019874 0.002945 0.999798 -1.227300 0.000000 0.000000 0.000000 1.000000
0.999573 0.021284 -0.020008 0.000000 -0.021367 0.999764 -0.003955 9.923500 0.019919 0.004381 0.999792 -1.227300 0.000000 0.000000 0.000000 1.000000
0.999558 0.021925 -0.020062 -0.000000 -0.022032 0.999744 -0.005152 9.923500 0.019944 0.005592 0.999785 -1.227300 0.000000 0.000000 0.000000 1.000000
0.999547 0.022413 -0.020093 0.000000 -0.022543 0.999726 -0.006235 9.923500 0.019947 0.006685 0.999779 -1.227300 0.000000 0.000000 0.000000 1.000000
0.999537 0.022817 -0.020141 0.000000 -0.022972 0.999708 -0.007507 9.923500 0.019964 0.007966 0.999769 -1.227300 0.000000 0.000000 0.000000 1.000000
0.999537 0.022913 -0.020038 0.000000 -0.023087 0.999697 -0.008507 9.923500 0.019837 0.008965 0.999763 -1.227300 0.000000 0.000000 0.000000 1.000000
0.999549 0.022756 -0.019619 0.000000 -0.022921 0.999703 -0.008240 9.923500 0.019426 0.008686 0.999774 -1.227300 0.000000 0.000000 0.000000 1.000000
0.999569 0.022630 -0.018724 -0.000000 -0.022750 0.999722 -0.006216 9.923500 0.018579 0.006640 0.999805 -1.227300 0.000000 0.000000 0.000000 1.000000
0.999605 0.022057 -0.017396 -0.000000 -0.022107 0.999752 -0.002726 9.923500 0.017332 0.003109 0.999845 -1.227300 0.000000 0.000000 0.000000 1.000000
0.999649 0.020911 -0.016274 0.000000 -0.020883 0.999780 0.001885 9.923500 0.016310 -0.001545 0.999866 -1.227300 0.000000 0.000000 0.000000 1.000000
0.999675 0.020104 -0.015678 0.000000 -0.019973 0.999765 0.008457 9.923500 0.015845 -0.008142 0.999841 -1.227300 0.000000 0.000000 0.000000 1.000000
0.999690 0.019428 -0.015543 0.000000 -0.019155 0.999663 0.017534 9.923500 0.015879 -0.017231 0.999725 -1.227300 0.000000 0.000000 0.000000 1.000000
0.999710 0.017642 -0.016380 0.000000 -0.017187 0.999473 0.027530 9.923500 0.016858 -0.027241 0.999487 -1.227300 0.000000 0.000000 0.000000 1.000000
0.999714 0.014449 -0.019072 -0.000000 -0.013729 0.999208 0.037356 9.923500 0.019597 -0.037084 0.999120 -1.227300 0.000000 0.000000 0.000000 1.000000
0.999669 0.010788 -0.023351 0.000000 -0.009691 0.998868 0.046570 9.923500 0.023827 -0.046328 0.998642 -1.227300 0.000000 0.000000 0.000000 1.000000
0.999571 0.007476 -0.028327 0.000000 -0.005939 0.998525 0.053963 9.923500 0.028688 -0.053771 0.998141 -1.227300 0.000000 0.000000 0.000000 1.000000
0.999407 0.004643 -0.034113 0.000000 -0.002614 0.998237 0.059289 9.923500 0.034328 -0.059164 0.997658 -1.227300 0.000000 0.000000 0.000000 1.000000
0.999130 0.002513 -0.041629 0.000000 0.000173 0.997925 0.064393 9.923500 0.041705 -0.064344 0.997056 -1.227300 0.000000 0.000000 0.000000 1.000000
0.998687 0.002162 -0.051181 0.000000 0.001384 0.997606 0.069144 9.923500 0.051208 -0.069124 0.996293 -1.227300 0.000000 0.000000 0.000000 1.000000
0.998070 0.003818 -0.061989 0.000000 0.000606 0.997463 0.071181 9.923500 0.062104 -0.071081 0.995535 -1.227300 0.000000 0.000000 0.000000 1.000000
0.997314 0.005499 -0.073040 0.000000 -0.000417 0.997588 0.069418 9.923500 0.073246 -0.069201 0.994910 -1.227300 0.000000 0.000000 0.000000 1.000000
0.996532 0.005062 -0.083060 0.000000 0.000191 0.998006 0.063118 9.923500 0.083214 -0.062915 0.994544 -1.227300 0.000000 0.000000 0.000000 1.000000
0.995997 0.001834 -0.089370 -0.000000 0.002886 0.998608 0.052659 9.923500 0.089342 -0.052706 0.994606 -1.227300 0.000000 0.000000 0.000000 1.000000
0.996014 -0.004108 -0.089108 0.000000 0.007805 0.999121 0.041179 9.923500 0.088860 -0.041710 0.995170 -1.227300 0.000000 0.000000 0.000000 1.000000
0.996502 -0.010958 -0.082850 0.000000 0.013915 0.999283 0.035200 9.923500 0.082405 -0.036230 0.995940 -1.227300 0.000000 0.000000 0.000000 1.000000
0.996997 -0.015038 -0.075965 0.000000 0.017830 0.999185 0.036213 9.923500 0.075358 -0.037459 0.996453 -1.227300 0.000000 0.000000 0.000000 1.000000
0.997451 -0.017597 -0.069150 0.000000 0.020474 0.998945 0.041117 9.923500 0.068353 -0.042428 0.996759 -1.227300 0.000000 0.000000 0.000000 1.000000
0.997906 -0.019882 -0.061555 0.000000 0.022866 0.998578 0.048152 9.923500 0.060510 -0.049459 0.996942 -1.227300 0.000000 0.000000 0.000000 1.000000
0.998261 -0.021011 -0.055073 0.000000 0.024061 0.998179 0.055321 9.923500 0.053810 -0.056550 0.996949 -1.227300 0.000000 0.000000 0.000000 1.000000
0.998529 -0.022638 -0.049278 0.000000 0.025636 0.997804 0.061079 9.923500 0.047787 -0.062253 0.996916 -1.227300 0.000000 0.000000 0.000000 1.000000
0.998677 -0.025432 -0.044704 0.000000 0.028356 0.997413 0.066051 9.923500 0.042908 -0.067231 0.996814 -1.227300 0.000000 0.000000 0.000000 1.000000
0.998809 -0.027747 -0.040138 0.000000 0.030510 0.997084 0.069942 9.923500 0.038080 -0.071084 0.996743 -1.227300 0.000000 0.000000 0.000000 1.000000
0.998939 -0.029368 -0.035487 0.000000 0.031795 0.997050 0.069860 9.923500 0.033331 -0.070914 0.996925 -1.227300 0.000000 0.000000 0.000000 1.000000
0.999037 -0.031337 -0.030716 -0.000000 0.033342 0.997189 0.067094 9.923500 0.028527 -0.068053 0.997274 -1.227300 0.000000 0.000000 0.000000 1.000000
0.999222 -0.031267 -0.024018 0.000000 0.032701 0.997551 0.061832 9.923500 0.022026 -0.062570 0.997798 -1.227300 0.000000 0.000000 0.000000 1.000000
0.999355 -0.030631 -0.018728 0.000000 0.031622 0.997979 0.055117 9.923500 0.017002 -0.055673 0.998304 -1.227300 0.000000 0.000000 0.000000 1.000000
0.999459 -0.029554 -0.014410 0.000000 0.030202 0.998437 0.047024 9.923500 0.012997 -0.047434 0.998790 -1.227300 0.000000 0.000000 0.000000 1.000000
0.999587 -0.026972 -0.009894 0.000000 0.027349 0.998819 0.040147 9.923500 0.008799 -0.040401 0.999145 -1.227300 0.000000 0.000000 0.000000 1.000000
0.999675 -0.024752 -0.006179 0.000000 0.024946 0.999123 0.033624 9.923500 0.005342 -0.033767 0.999415 -1.227300 0.000000 0.000000 0.000000 1.000000
0.999729 -0.023070 -0.003157 0.000000 0.023151 0.999331 0.028300 9.923500 0.002502 -0.028365 0.999594 -1.227300 0.000000 0.000000 0.000000 1.000000
0.999790 -0.020475 0.000750 0.000000 0.020452 0.999521 0.023223 9.923500 -0.001225 -0.023202 0.999730 -1.227300 0.000000 0.000000 0.000000 1.000000
0.999871 -0.015741 0.003208 0.000000 0.015681 0.999718 0.017816 9.923500 -0.003488 -0.017764 0.999836 -1.227300 0.000000 0.000000 0.000000 1.000000
0.999920 -0.012284 0.003144 0.000000 0.012236 0.999813 0.014967 9.923500 -0.003328 -0.014928 0.999883 -1.227300 0.000000 0.000000 0.000000 1.000000
0.999975 -0.006010 0.003721 0.000000 0.005969 0.999923 0.010875 9.923500 -0.003786 -0.010852 0.999934 -1.227300 0.000000 0.000000 0.000000 1.000000
0.999972 0.002588 0.007009 0.000000 -0.002626 0.999981 0.005487 9.923500 -0.006994 -0.005506 0.999960 -1.227300 0.000000 0.000000 0.000000 1.000000
0.999894 0.011036 0.009473 0.000000 -0.011036 0.999939 -0.000051 9.923500 -0.009473 -0.000054 0.999955 -1.227300 0.000000 0.000000 0.000000 1.000000
0.999763 0.018913 0.010779 0.000000 -0.018853 0.999807 -0.005583 9.923500 -0.010883 0.005378 0.999926 -1.227300 0.000000 0.000000 0.000000 1.000000
0.999542 0.027673 0.012218 0.000000 -0.027509 0.999532 -0.013383 9.923500 -0.012583 0.013040 0.999836 -1.227300 0.000000 0.000000 0.000000 1.000000
0.999358 0.033789 0.011917 0.000000 -0.033469 0.999099 -0.026100 9.923500 -0.012789 0.025684 0.999588 -1.227300 0.000000 0.000000 0.000000 1.000000
0.999275 0.036896 0.009345 0.000000 -0.036549 0.998721 -0.034932 9.923500 -0.010622 0.034565 0.999346 -1.227300 0.000000 0.000000 0.000000 1.000000
0.999274 0.037424 0.007077 0.000000 -0.037075 0.998329 -0.044332 9.923500 -0.008724 0.044038 0.998992 -1.227300 0.000000 0.000000 0.000000 1.000000
0.999273 0.037917 0.003930 0.000000 -0.037663 0.997942 -0.051897 9.923500 -0.005890 0.051711 0.998645 -1.227300 0.000000 0.000000 0.000000 1.000000
0.999214 0.039476 -0.003502 0.000000 -0.039616 0.997362 -0.060832 9.923500 0.001091 0.060923 0.998142 -1.227300 0.000000 0.000000 0.000000 1.000000
0.999053 0.042713 -0.008246 -0.000000 -0.043179 0.996711 -0.068579 9.923500 0.005290 0.068870 0.997612 -1.227300 0.000000 0.000000 0.000000 1.000000
0.998728 0.048768 -0.012796 0.000000 -0.049568 0.996158 -0.072198 9.923500 0.009226 0.072740 0.997308 -1.227300 0.000000 0.000000 0.000000 1.000000
0.998229 0.054514 -0.023820 0.000000 -0.056334 0.994879 -0.083922 9.923500 0.019123 0.085116 0.996188 -1.227300 0.000000 0.000000 0.000000 1.000000
0.997443 0.061153 -0.036991 0.000000 -0.064517 0.993106 -0.097871 9.923500 0.030751 0.100008 0.994511 -1.227300 0.000000 0.000000 0.000000 1.000000
0.996369 0.070064 -0.048371 0.000000 -0.075169 0.990708 -0.113350 9.923500 0.039980 0.116574 0.992377 -1.227300 0.000000 0.000000 0.000000 1.000000
0.995009 0.077757 -0.062542 0.000000 -0.085547 0.987357 -0.133447 9.923500 0.051375 0.138131 0.989081 -1.227300 0.000000 0.000000 0.000000 1.000000
0.993403 0.084487 -0.077542 0.000000 -0.095518 0.983787 -0.151789 9.923500 0.063460 0.158194 0.985367 -1.227300 0.000000 0.000000 0.000000 1.000000
0.992068 0.086447 -0.091258 0.000000 -0.101162 0.979994 -0.171398 9.923500 0.074616 0.179271 0.980966 -1.227300 0.000000 0.000000 0.000000 1.000000
0.991150 0.086852 -0.100387 -0.000000 -0.105224 0.975084 -0.195291 9.923500 0.080924 0.204126 0.975594 -1.227300 0.000000 0.000000 0.000000 1.000000
0.989664 0.090397 -0.111326 -0.000000 -0.113506 0.968224 -0.222842 9.923500 0.087644 0.233175 0.968477 -1.227300 0.000000 0.000000 0.000000 1.000000
0.988068 0.093326 -0.122519 0.000000 -0.121343 0.961622 -0.246087 9.923500 0.094851 0.258018 0.961473 -1.227300 0.000000 0.000000 0.000000 1.000000
0.987178 0.095776 -0.127700 -0.000000 -0.127367 0.954831 -0.268469 9.923500 0.096219 0.281291 0.954786 -1.227300 0.000000 0.000000 0.000000 1.000000
