<?xml version="1.0" encoding="utf-8"?>
<COLLADA xmlns="http://www.collada.org/2005/11/COLLADASchema" version="1.4.1">
  <asset><contributor><author>Mixamo</author><authoring_tool>COLLADA Mixamo exporter</authoring_tool><comments></comments></contributor><created>2018-03-06T11:52:38Z</created><modified>2018-03-06T11:52:38Z</modified><revision></revision><title></title><unit meter="0.010000"/><up_axis>Y_UP</up_axis></asset>
  <library_animations>
    <animation id="mixamorig_Hips-anim" name="mixamorig_Hips"><source id="mixamorig_Hips-Matrix-animation-input"><float_array id="mixamorig_Hips-Matrix-animation-input-array" count="32">

0.000000 0.033333 0.066667 0.100000 0.133333 0.166667 0.200000 0.233333 0.266667 0.300000 0.333333 0.366667 0.400000 0.433333 0.466667 0.500000
0.533333 0.566667 0.600000 0.633333 0.666667 0.700000 0.733333 0.766667 0.800000 0.833333 0.866667 0.900000 0.933333 0.966667 1.000000 1.033333</float_array><technique_common><accessor source="#mixamorig_Hips-Matrix-animation-input-array" count="32"><param name="TIME" type="float"/></accessor></technique_common></source><source id="mixamorig_Hips-Matrix-animation-output-transform"><float_array id="mixamorig_Hips-Matrix-animation-output-transform-array" count="512">

0.999429 -0.003690 0.033591 0.008603 0.004827 0.999416 -0.033835 98.594841 -0.033447 0.033978 0.998863 0.112360 0.000000 0.000000 0.000000 1.000000
0.999682 -0.006550 0.024335 0.153477 0.007623 0.998992 -0.044248 99.182716 -0.024021 0.044419 0.998724 5.008965 0.000000 0.000000 0.000000 1.000000
0.999910 -0.001536 0.013362 0.376358 0.002275 0.998455 -0.055515 99.013168 -0.013256 0.055540 0.998368 9.919888 0.000000 0.000000 0.000000 1.000000
0.999705 0.023185 -0.007189 0.697952 -0.023594 0.997715 -0.063312 98.021507 0.005705 0.063463 0.997968 14.981625 0.000000 0.000000 0.000000 1.000000
0.998266 0.047872 -0.034240 0.995262 -0.050055 0.996562 -0.066017 96.451294 0.030962 0.067617 0.997231 20.318733 0.000000 0.000000 0.000000 1.000000
0.996878 0.057593 -0.054021 1.285130 -0.061258 0.995746 -0.068832 94.759674 0.049827 0.071926 0.996165 25.741209 0.000000 0.000000 0.000000 1.000000
0.996346 0.055776 -0.064685 1.618093 -0.060228 0.995793 -0.069058 93.425529 0.060562 0.072702 0.995513 31.100922 0.000000 0.000000 0.000000 1.000000
0.997295 0.042125 -0.060241 2.022702 -0.045320 0.997582 -0.052698 92.442612 0.057875 0.055286 0.996792 37.012516 0.000000 0.000000 0.000000 1.000000
0.998226 0.032863 -0.049654 2.631202 -0.034860 0.998595 -0.039898 91.999565 0.048273 0.041558 0.997969 43.536251 0.000000 0.000000 0.000000 1.000000
0.998932 0.025217 -0.038718 3.318095 -0.026323 0.999252 -0.028316 91.809120 0.037975 0.029305 0.998849 49.886635 0.000000 0.000000 0.000000 1.000000
0.999406 0.021189 -0.027190 3.961956 -0.021683 0.999603 -0.018001 91.722946 0.026798 0.018580 0.999468 55.877716 0.000000 0.000000 0.000000 1.000000
0.999740 0.017651 -0.014447 4.563045 -0.017782 0.999801 -0.008997 91.985184 0.014285 0.009252 0.999855 61.456413 0.000000 0.000000 0.000000 1.000000
0.999920 0.012587 -0.001379 4.995470 -0.012588 0.999920 -0.001307 92.632286 0.001363 0.001325 0.999998 66.628380 0.000000 0.000000 0.000000 1.000000
0.999901 0.007053 0.012159 5.133149 -0.007114 0.999962 0.005051 93.852280 -0.012123 -0.005137 0.999913 71.571472 0.000000 0.000000 0.000000 1.000000
0.999661 0.001718 0.025984 5.011336 -0.001981 0.999947 0.010080 95.271324 -0.025965 -0.010128 0.999612 76.431427 0.000000 0.000000 0.000000 1.000000
0.999196 -0.003917 0.039909 4.687099 0.003369 0.999899 0.013788 96.448174 -0.039959 -0.013642 0.999108 81.465607 0.000000 0.000000 0.000000 1.000000
0.998502 -0.009674 0.053847 4.372087 0.008943 0.999865 0.013804 97.382446 -0.053973 -0.013302 0.998454 86.669617 0.000000 0.000000 0.000000 1.000000
0.997642 -0.014726 0.067033 4.088436 0.014124 0.999856 0.009437 97.785667 -0.067162 -0.008468 0.997706 91.866508 0.000000 0.000000 0.000000 1.000000
0.996672 -0.019268 0.079202 3.779936 0.019358 0.999813 -0.000367 97.591858 -0.079180 0.001899 0.996859 97.074532 0.000000 0.000000 0.000000 1.000000
0.994626 -0.036366 0.096934 3.355640 0.037797 0.999201 -0.012969 96.971039 -0.096385 0.016563 0.995206 102.478729 0.000000 0.000000 0.000000 1.000000
0.991864 -0.051619 0.116370 2.926957 0.055070 0.998127 -0.026640 95.830307 -0.114777 0.032832 0.992849 108.040642 0.000000 0.000000 0.000000 1.000000
0.990039 -0.059120 0.127777 2.519492 0.064999 0.996987 -0.042338 94.598572 -0.124889 0.050221 0.990899 113.430740 0.000000 0.000000 0.000000 1.000000
0.990177 -0.055003 0.128548 2.004488 0.061230 0.997109 -0.044995 93.286049 -0.125701 0.052424 0.990682 119.066689 0.000000 0.000000 0.000000 1.000000
0.992477 -0.034576 0.117445 1.417575 0.038432 0.998789 -0.030729 92.325203 -0.116240 0.035012 0.992604 125.161064 0.000000 0.000000 0.000000 1.000000
0.994230 -0.021353 0.105127 0.778229 0.024249 0.999359 -0.026344 91.842438 -0.104497 0.028741 0.994110 131.349442 0.000000 0.000000 0.000000 1.000000
0.995512 -0.012857 0.093762 0.139964 0.015289 0.999564 -0.025263 91.668365 -0.093396 0.026583 0.995274 137.211578 0.000000 0.000000 0.000000 1.000000
0.996552 -0.009925 0.082377 -0.541295 0.012168 0.999567 -0.026777 92.139618 -0.082075 0.027687 0.996241 142.721817 0.000000 0.000000 0.000000 1.000000
0.997398 -0.008177 0.071630 -1.044431 0.010333 0.999503 -0.029786 92.982124 -0.071351 0.030449 0.996986 147.514053 0.000000 0.000000 0.000000 1.000000
0.998084 -0.006222 0.061552 -1.132683 0.008276 0.999416 -0.033167 94.236969 -0.061310 0.033613 0.997553 152.005829 0.000000 0.000000 0.000000 1.000000
0.998642 -0.005642 0.051786 -0.852627 0.007500 0.999332 -0.035764 95.802856 -0.051549 0.036103 0.998018 156.579178 0.000000 0.000000 0.000000 1.000000
0.999085 -0.005106 0.042464 -0.408622 0.006654 0.999316 -0.036389 97.350250 -0.042250 0.036638 0.998435 161.068970 0.000000 0.000000 0.000000 1.000000
0.999429 -0.003690 0.033591 0.008602 0.004827 0.999416 -0.033835 98.594826 -0.033447 0.033978 0.998863 165.474014 0.000000 0.000000 0.000000 1.000000</float_array><technique_common><accessor source="#mixamorig_Hips-Matrix-animation-output-transform-array" count="32" stride="16"><param type="float4x4"/></accessor></technique_common></source><source id="mixamorig_Hips-Interpolations"><Name_array id="mixamorig_Hips-Interpolations-array" count="32">
 LINEAR LINEAR LINEAR LINEAR LINEAR LINEAR LINEAR LINEAR LINEAR LINEAR LINEAR
LINEAR LINEAR LINEAR LINEAR LINEAR LINEAR LINEAR LINEAR LINEAR LINEAR LINEAR LINEAR
LINEAR LINEAR LINEAR LINEAR LINEAR LINEAR LINEAR LINEAR LINEAR</Name_array><technique_common><accessor source="#mixamorig_Hips-Interpolations-array" count="32"><param type="name"/></accessor></technique_common></source><sampler id="mixamorig_Hips-Matrix-animation-transform"><input semantic="INPUT" source="#mixamorig_Hips-Matrix-animation-input"/><input semantic="OUTPUT" source="#mixamorig_Hips-Matrix-animation-output-transform"/><input semantic="INTERPOLATION" source="#mixamorig_Hips-Interpolations"/></sampler><channel source="#mixamorig_Hips-Matrix-animation-transform" target="mixamorig_Hips/matrix"/></animation>
    <animation id="mixamorig_Spine-anim" name="mixamorig_Spine"><source id="mixamorig_Spine-Matrix-animation-input"><float_array id="mixamorig_Spine-Matrix-animation-input-array" count="32">

0.000000 0.033333 0.066667 0.100000 0.133333 0.166667 0.200000 0.233333 0.266667 0.300000 0.333333 0.366667 0.400000 0.433333 0.466667 0.500000
0.533333 0.566667 0.600000 0.633333 0.666667 0.700000 0.733333 0.766667 0.800000 0.833333 0.866667 0.900000 0.933333 0.966667 1.000000 1.033333</float_array><technique_common><accessor source="#mixamorig_Spine-Matrix-animation-input-array" count="32"><param name="TIME" type="float"/></accessor></technique_common></source><source id="mixamorig_Spine-Matrix-animation-output-transform"><float_array id="mixamorig_Spine-Matrix-animation-output-transform-array" count="512">

0.999723 0.005675 -0.022825 0.000000 -0.008095 0.994185 -0.107385 9.923500 0.022083 0.107540 0.993955 -1.227300 0.000000 0.000000 0.000000 1.000000
0.999933 0.009608 -0.006459 -0.000000 -0.010209 0.994872 -0.100626 9.923500 0.005459 0.100685 0.994903 -1.227300 0.000000 0.000000 0.000000 1.000000
0.999936 -0.000839 0.011251 0.000000 0.001882 0.995664 -0.093007 9.923500 -0.011125 0.093022 0.995602 -1.227300 0.000000 0.000000 0.000000 1.000000
0.998438 -0.039650 0.039365 -0.000000 0.042823 0.995600 -0.083344 9.923500 -0.035888 0.084900 0.995743 -1.227300 0.000000 0.000000 0.000000 1.000000
0.995472 -0.071121 0.063063 0.000000 0.075571 0.994593 -0.071225 9.923500 -0.057657 0.075668 0.995465 -1.227300 0.000000 0.000000 0.000000 1.000000
0.994756 -0.075161 0.069367 0.000000 0.079483 0.994918 -0.061813 9.923500 -0.064369 0.067002 0.995674 -1.227300 0.000000 0.000000 0.000000 1.000000
0.995339 -0.061606 0.074193 0.000000 0.066229 0.995904 -0.061553 9.923500 -0.070097 0.066180 0.995342 -1.227300 0.000000 0.000000 0.000000 1.000000
0.996461 -0.033186 0.077227 -0.000000 0.038601 0.996821 -0.069705 9.923500 -0.074668 0.072439 0.994574 -1.227300 0.000000 0.000000 0.000000 1.000000
0.997118 -0.011351 0.075007 -0.000000 0.016035 0.997938 -0.062149 9.923500 -0.074147 0.063173 0.995244 -1.227300 0.000000 0.000000 0.000000 1.000000
0.997540 0.011748 0.069104 0.000000 -0.007591 0.998163 -0.060113 9.923500 -0.069683 0.059440 0.995797 -1.227300 0.000000 0.000000 0.000000 1.000000
0.997481 0.019548 0.068183 0.000000 -0.015154 0.997811 -0.064373 9.923500 -0.069292 0.063178 0.995594 -1.227300 0.000000 0.000000 0.000000 1.000000
0.998321 0.017964 0.055075 0.000000 -0.014096 0.997459 -0.069829 9.923500 -0.056189 0.068935 0.996037 -1.227300 0.000000 0.000000 0.000000 1.000000
0.999685 0.012359 0.021843 -0.000000 -0.010656 0.997019 -0.076419 9.923500 -0.022722 0.076162 0.996837 -1.227300 0.000000 0.000000 0.000000 1.000000
0.999902 0.006949 -0.012154 -0.000000 -0.007939 0.996480 -0.083456 9.923500 0.011531 0.083544 0.996437 -1.227300 0.000000 0.000000 0.000000 1.000000
0.999345 0.005643 -0.035745 0.000000 -0.008778 0.996066 -0.088176 9.923500 0.035107 0.088432 0.995463 -1.227300 0.000000 0.000000 0.000000 1.000000
0.998378 0.012425 -0.055566 -0.000000 -0.017247 0.996045 -0.087166 9.923500 0.054263 0.087983 0.994643 -1.227300 0.000000 0.000000 0.000000 1.000000
0.996982 0.018728 -0.075340 0.000000 -0.025094 0.996111 -0.084461 9.923500 0.073465 0.086096 0.993575 -1.227300 0.000000 0.000000 0.000000 1.000000
0.995449 0.023198 -0.092434 0.000000 -0.031195 0.995804 -0.086032 9.923500 0.090051 0.088523 0.991995 -1.227300 0.000000 0.000000 0.000000 1.000000
0.993980 0.030525 -0.105221 0.000000 -0.039686 0.995496 -0.086097 9.923500 0.102119 0.089754 0.990715 -1.227300 0.000000 0.000000 0.000000 1.000000
0.990737 0.058892 -0.122359 -0.000000 -0.068728 0.994598 -0.077788 9.923500 0.117117 0.085477 0.989433 -1.227300 0.000000 0.000000 0.000000 1.000000
0.987736 0.081684 -0.133058 0.000000 -0.090782 0.993825 -0.063801 9.923500 0.127025 0.075098 0.989053 -1.227300 0.000000 0.000000 0.000000 1.000000
0.988206 0.082054 -0.129290 -0.000000 -0.089639 0.994511 -0.053972 9.923500 0.124152 0.064924 0.990137 -1.227300 0.000000 0.000000 0.000000 1.000000
0.990479 0.068263 -0.119546 0.000000 -0.075638 0.995431 -0.058277 9.923500 0.115022 0.066765 0.991117 -1.227300 0.000000 0.000000 0.000000 1.000000
0.993429 0.037371 -0.108179 0.000000 -0.045403 0.996315 -0.072768 9.923500 0.105061 0.077202 0.991465 -1.227300 0.000000 0.000000 0.000000 1.000000
0.993780 0.011917 -0.110720 -0.000000 -0.020004 0.997189 -0.072211 9.923500 0.109548 0.073977 0.991225 -1.227300 0.000000 0.000000 0.000000 1.000000
0.992492 0.003507 -0.122259 0.000000 -0.011922 0.997603 -0.068168 9.923500 0.121726 0.069114 0.990155 -1.227300 0.000000 0.000000 0.000000 1.000000
0.993295 0.008137 -0.115318 0.000000 -0.015812 0.997708 -0.065796 9.923500 0.114518 0.067178 0.991147 -1.227300 0.000000 0.000000 0.000000 1.000000
0.996054 0.015821 -0.087324 0.000000 -0.022267 0.997058 -0.073347 9.923500 0.085907 0.075002 0.993476 -1.227300 0.000000 0.000000 0.000000 1.000000
0.998010 0.018500 -0.060288 0.000000 -0.023423 0.996357 -0.082005 9.923500 0.058552 0.083254 0.994807 -1.227300 0.000000 0.000000 0.000000 1.000000
0.998946 0.016268 -0.042913 0.000000 -0.019923 0.996082 -0.086157 9.923500 0.041343 0.086921 0.995357 -1.227300 0.000000 0.000000 0.000000 1.000000
0.999440 0.011346 -0.031481 0.000000 -0.014241 0.995534 -0.093320 9.923500 0.030282 0.093716 0.995138 -1.227300 0.000000 0.000000 0.000000 1.000000
0.999723 0.005675 -0.022825 0.000000 -0.008095 0.994185 -0.107385 9.923500 0.022083 0.107540 0.993955 -1.227300 0.000000 0.000000 0.000000 1.000000</float_array><technique_common><accessor source="#mixamorig_Spine-Matrix-animation-output-transform-array" count="32" stride="16"><param type="float4x4"/></accessor></technique_common></source><source id="mixamorig_Spine-Interpolations"><Name_array id="mixamorig_Spine-Interpolations-array" count="32">
 LINEAR LINEAR LINEAR LINEAR LINEAR LINEAR LINEAR LINEAR LINEAR LINEAR LINEAR
LINEAR LINEAR LINEAR LINEAR LINEAR LINEAR LINEAR LINEAR LINEAR LINEAR LINEAR LINEAR
LINEAR LINEAR LINEAR LINEAR LINEAR LINEAR LINEAR LINEAR LINEAR</Name_array><technique_common><accessor source="#mixamorig_Spine-Interpolations-array" count="32"><param type="name"/></accessor></technique_common></source><sampler id="mixamorig_Spine-Matrix-animation-transform"><input semantic="INPUT" source="#mixamorig_Spine-Matrix-animation-input"/><input semantic="OUTPUT" source="#mixamorig_Spine-Matrix-animation-output-transform"/><input semantic="INTERPOLATION" source="#mixamorig_Spine-Interpolations"/></sampler><channel source="#mixamorig_Spine-Matrix-animation-transform" target="mixamorig_Spine/matrix"/></animation>
    <animation id="mixamorig_Spine1-anim" name="mixamorig_Spine1"><source id="mixamorig_Spine1-Matrix-animation-input"><float_array id="mixamorig_Spine1-Matrix-animation-input-array" count="32">

0.000000 0.033333 0.066667 0.100000 0.133333 0.166667 0.200000 0.233333 0.266667 0.300000 0.333333 0.366667 0.400000 0.433333 0.466667 0.500000
0.533333 0.566667 0.600000 0.633333 0.666667 0.700000 0.733333 0.766667 0.800000 0.833333 0.866667 0.900000 0.933333 0.966667 1.000000 1.033333</float_array><technique_common><accessor source="#mixamorig_Spine1-Matrix-animation-input-array" count="32"><param name="TIME" type="float"/></accessor></technique_common></source><source id="mixamorig_Spine1-Matrix-animation-output-transform"><float_array id="mixamorig_Spine1-Matrix-animation-output-transform-array" count="512">

0.998877 -0.021488 -0.042215 -0.000100 0.019647 0.998858 -0.043549 11.645400 0.043103 0.042670 0.998159 -1.422300 0.000000 0.000000 0.000000 1.000000
0.999414 -0.011801 -0.032122 -0.000100 0.010546 0.999185 -0.038965 11.645400 0.032556 0.038603 0.998724 -1.422300 0.000000 0.000000 0.000000 1.000000
0.999764 0.000591 -0.021709 -0.000100 -0.001354 0.999382 -0.035128 11.645400 0.021675 0.035150 0.999147 -1.422300 0.000000 0.000000 0.000000 1.000000
0.999771 0.018103 -0.011382 -0.000100 -0.018481 0.999250 -0.034039 11.645400 0.010758 0.034241 0.999356 -1.422300 0.000000 0.000000 0.000000 1.000000
0.999523 0.030890 0.000516 -0.000100 -0.030853 0.998911 -0.034993 11.645400 -0.001597 0.034961 0.999387 -1.422300 0.000000 0.000000 0.000000 1.000000
0.999336 0.033079 0.015279 -0.000100 -0.032528 0.998857 -0.035021 11.645400 -0.016420 0.034501 0.999270 -1.422300 0.000000 0.000000 0.000000 1.000000
0.999084 0.030720 0.029802 -0.000100 -0.029658 0.998931 -0.035444 11.645400 -0.030859 0.034528 0.998927 -1.422300 0.000000 0.000000 0.000000 1.000000
0.998768 0.029010 0.040255 -0.000100 -0.027522 0.998935 -0.037021 11.645400 -0.041286 0.035867 0.998503 -1.422300 0.000000 0.000000 0.000000 1.000000
0.998661 0.025117 0.045220 -0.000100 -0.023603 0.999153 -0.033702 11.645400 -0.046028 0.032589 0.998408 -1.422300 0.000000 0.000000 0.000000 1.000000
0.998998 0.013644 0.042636 -0.000100 -0.012543 0.999584 -0.025982 11.645400 -0.042973 0.025421 0.998753 -1.422300 0.000000 0.000000 0.000000 1.000000
0.999347 0.012356 0.033947 -0.000100 -0.011604 0.999685 -0.022242 11.645400 -0.034211 0.021833 0.999176 -1.422300 0.000000 0.000000 0.000000 1.000000
0.999562 0.012609 0.026772 -0.000100 -0.012006 0.999673 -0.022560 11.645400 -0.027048 0.022228 0.999387 -1.422300 0.000000 0.000000 0.000000 1.000000
0.999796 0.009744 0.017680 -0.000100 -0.009276 0.999609 -0.026383 11.645400 -0.017930 0.026213 0.999496 -1.422300 0.000000 0.000000 0.000000 1.000000
0.999977 0.006712 0.000963 -0.000100 -0.006679 0.999497 -0.030990 11.645400 -0.001171 0.030983 0.999519 -1.422300 0.000000 0.000000 0.000000 1.000000
0.999805 0.004416 -0.019235 -0.000100 -0.005055 0.999433 -0.033289 11.645400 0.019077 0.033380 0.999261 -1.422300 0.000000 0.000000 0.000000 1.000000
0.999306 -0.002008 -0.037189 -0.000100 0.000730 0.999409 -0.034354 11.645400 0.037236 0.034303 0.998718 -1.422300 0.000000 0.000000 0.000000 1.000000
0.998479 -0.009706 -0.054266 -0.000100 0.007775 0.999333 -0.035679 11.645400 0.054576 0.035203 0.997889 -1.422300 0.000000 0.000000 0.000000 1.000000
0.997222 -0.018320 -0.072204 -0.000100 0.015709 0.999208 -0.036565 11.645400 0.072817 0.035330 0.996719 -1.422300 0.000000 0.000000 0.000000 1.000000
0.995594 -0.029975 -0.088847 -0.000100 0.026677 0.998918 -0.038082 11.645400 0.089892 0.035544 0.995317 -1.422300 0.000000 0.000000 0.000000 1.000000
0.993593 -0.046226 -0.103133 -0.000100 0.041965 0.998189 -0.043108 11.645400 0.104939 0.038503 0.993733 -1.422300 0.000000 0.000000 0.000000 1.000000
0.991398 -0.057175 -0.117730 -0.000100 0.051915 0.997532 -0.047274 11.645400 0.120142 0.040756 0.991920 -1.422300 0.000000 0.000000 0.000000 1.000000
0.989758 -0.056947 -0.130909 -0.000100 0.051333 0.997627 -0.045877 11.645400 0.133210 0.038687 0.990332 -1.422300 0.000000 0.000000 0.000000 1.000000
0.988911 -0.054690 -0.138076 -0.000100 0.048865 0.997781 -0.045235 11.645400 0.140243 0.037986 0.989388 -1.422300 0.000000 0.000000 0.000000 1.000000
0.988725 -0.053723 -0.139775 -0.000100 0.047624 0.997777 -0.046619 11.645400 0.141969 0.039437 0.989085 -1.422300 0.000000 0.000000 0.000000 1.000000
0.989519 -0.047128 -0.136493 -0.000100 0.041672 0.998225 -0.042557 11.645400 0.138256 0.036423 0.989727 -1.422300 0.000000 0.000000 0.000000 1.000000
0.990498 -0.049641 -0.128253 -0.000100 0.044612 0.998130 -0.041794 11.645400 0.130088 0.035675 0.990860 -1.422300 0.000000 0.000000 0.000000 1.000000
0.991362 -0.049138 -0.121601 -0.000100 0.044488 0.998182 -0.040666 11.645400 0.123378 0.034905 0.991746 -1.422300 0.000000 0.000000 0.000000 1.000000
0.992642 -0.045919 -0.112041 -0.000100 0.041523 0.998285 -0.041268 11.645400 0.113744 0.036312 0.992846 -1.422300 0.000000 0.000000 0.000000 1.000000
0.994686 -0.041358 -0.094283 -0.000100 0.037313 0.998323 -0.044271 11.645400 0.095955 0.040517 0.994561 -1.422300 0.000000 0.000000 0.000000 1.000000
0.996778 -0.034783 -0.072281 -0.000100 0.031471 0.998424 -0.046463 11.645400 0.073783 0.044039 0.996301 -1.422300 0.000000 0.000000 0.000000 1.000000
0.998163 -0.028060 -0.053688 -0.000100 0.025601 0.998616 -0.045945 11.645400 0.054903 0.044486 0.997500 -1.422300 0.000000 0.000000 0.000000 1.000000
0.998877 -0.021488 -0.042215 -0.000100 0.019647 0.998858 -0.043549 11.645400 0.043103 0.042670 0.998159 -1.422300 0.000000 0.000000 0.000000 1.000000</float_array><technique_common><accessor source="#mixamorig_Spine1-Matrix-animation-output-transform-array" count="32" stride="16"><param type="float4x4"/></accessor></technique_common></source><source id="mixamorig_Spine1-Interpolations"><Name_array id="mixamorig_Spine1-Interpolations-array" count="32">
 LINEAR LINEAR LINEAR LINEAR LINEAR LINEAR LINEAR LINEAR LINEAR LINEAR LINEAR
LINEAR LINEAR LINEAR LINEAR LINEAR LINEAR LINEAR LINEAR LINEAR LINEAR LINEAR LINEAR
LINEAR LINEAR LINEAR LINEAR LINEAR LINEAR LINEAR LINEAR LINEAR</Name_array><technique_common><accessor source="#mixamorig_Spine1-Interpolations-array" count="32"><param type="name"/></accessor></technique_common></source><sampler id="mixamorig_Spine1-Matrix-animation-transform"><input semantic="INPUT" source="#mixamorig_Spine1-Matrix-animation-input"/><input semantic="OUTPUT" source="#mixamorig_Spine1-Matrix-animation-output-transform"/><input semantic="INTERPOLATION" source="#mixamorig_Spine1-Interpolations"/></sampler><channel source="#mixamorig_Spine1-Matrix-animation-transform" target="mixamorig_Spine1/matrix"/></animation>
    <animation id="mixamorig_Spine2-anim" name="mixamorig_Spine2"><source id="mixamorig_Spine2-Matrix-animation-input"><float_array id="mixamorig_Spine2-Matrix-animation-input-array" count="32">

0.000000 0.033333 0.066667 0.100000 0.133333 0.166667 0.200000 0.233333 0.266667 0.300000 0.333333 0.366667 0.400000 0.433333 0.466667 0.500000
0.533333 0.566667 0.600000 0.633333 0.666667 0.700000 0.733333 0.766667 0.800000 0.833333 0.866667 0.900000 0.933333 0.966667 1.000000 1.033333</float_array><technique_common><accessor source="#mixamorig_Spine2-Matrix-animation-input-array" count="32"><param name="TIME" type="float"/></accessor></technique_common></source><source id="mixamorig_Spine2-Matrix-animation-output-transform"><float_array id="mixamorig_Spine2-Matrix-animation-output-transform-array" count="512">

0.998867 -0.023401 -0.041444 0.000100 0.021613 0.998838 -0.043085 13.360200 0.042404 0.042141 0.998211 -1.626500 0.000000 0.000000 0.000000 1.000000
0.999418 -0.013431 -0.031365 0.000100 0.012214 0.999177 -0.038669 13.360200 0.031859 0.038263 0.998760 -1.626500 0.000000 0.000000 0.000000 1.000000
0.999776 -0.000779 -0.021149 0.000100 0.000041 0.999393 -0.034841 13.360200 0.021164 0.034833 0.999169 -1.626500 0.000000 0.000000 0.000000 1.000000
0.999792 0.017009 -0.011258 0.000100 -0.017376 0.999292 -0.033378 13.360200 0.010682 0.033567 0.999379 -1.626500 0.000000 0.000000 0.000000 1.000000
0.999544 0.030189 0.000256 0.000100 -0.030163 0.998976 -0.033708 13.360200 -0.001273 0.033685 0.999432 -1.626500 0.000000 0.000000 0.000000 1.000000
0.999353 0.032757 0.014879 0.000100 -0.032242 0.998914 -0.033624 13.360200 -0.015964 0.033122 0.999324 -1.626500 0.000000 0.000000 0.000000 1.000000
0.999094 0.030832 0.029330 0.000100 -0.029818 0.998963 -0.034405 13.360200 -0.030360 0.033499 0.998978 -1.626500 0.000000 0.000000 0.000000 1.000000
0.998769 0.029660 0.039760 0.000100 -0.028227 0.998949 -0.036122 13.360200 -0.040789 0.034955 0.998556 -1.626500 0.000000 0.000000 0.000000 1.000000
0.998654 0.025633 0.045086 0.000100 -0.024162 0.999167 -0.032878 13.360200 -0.045892 0.031745 0.998442 -1.626500 0.000000 0.000000 0.000000 1.000000
0.998979 0.013355 0.043159 0.000100 -0.012251 0.999594 -0.025736 13.360200 -0.043485 0.025181 0.998737 -1.626500 0.000000 0.000000 0.000000 1.000000
0.999329 0.011580 0.034734 0.000100 -0.010831 0.999706 -0.021680 13.360200 -0.034975 0.021289 0.999161 -1.626500 0.000000 0.000000 0.000000 1.000000
0.999546 0.011925 0.027669 0.000100 -0.011325 0.999700 -0.021731 13.360200 -0.027920 0.021408 0.999381 -1.626500 0.000000 0.000000 0.000000 1.000000
0.999783 0.009376 0.018587 0.000100 -0.008897 0.999631 -0.025683 13.360200 -0.018821 0.025512 0.999497 -1.626500 0.000000 0.000000 0.000000 1.000000
0.999978 0.006323 0.001806 0.000100 -0.006265 0.999512 -0.030605 13.360200 -0.001998 0.030593 0.999530 -1.626500 0.000000 0.000000 0.000000 1.000000
0.999823 0.003632 -0.018466 0.000100 -0.004245 0.999439 -0.033235 13.360200 0.018335 0.033307 0.999277 -1.626500 0.000000 0.000000 0.000000 1.000000
0.999331 -0.003280 -0.036437 0.000100 0.002027 0.999407 -0.034371 13.360200 0.036528 0.034274 0.998745 -1.626500 0.000000 0.000000 0.000000 1.000000
0.998501 -0.011511 -0.053513 0.000100 0.009618 0.999324 -0.035497 13.360200 0.053885 0.034929 0.997936 -1.626500 0.000000 0.000000 0.000000 1.000000
0.997233 -0.020574 -0.071430 0.000100 0.018032 0.999187 -0.036047 13.360200 0.072114 0.034660 0.996794 -1.626500 0.000000 0.000000 0.000000 1.000000
0.995594 -0.032564 -0.087934 0.000100 0.029420 0.998889 -0.036822 13.360200 0.089036 0.034073 0.995445 -1.626500 0.000000 0.000000 0.000000 1.000000
0.993575 -0.049389 -0.101828 0.000100 0.045488 0.998152 -0.040284 13.360200 0.103629 0.035394 0.993986 -1.626500 0.000000 0.000000 0.000000 1.000000
0.991372 -0.060924 -0.116056 0.000100 0.056202 0.997470 -0.043541 13.360200 0.118415 0.036642 0.992288 -1.626500 0.000000 0.000000 0.000000 1.000000
0.989750 -0.060705 -0.129267 0.000100 0.055591 0.997535 -0.042811 13.360200 0.131548 0.035186 0.990685 -1.626500 0.000000 0.000000 0.000000 1.000000
0.988908 -0.058620 -0.136476 0.000100 0.053232 0.997665 -0.042796 13.360200 0.138666 0.035056 0.989719 -1.626500 0.000000 0.000000 0.000000 1.000000
0.988693 -0.058089 -0.138245 0.000100 0.052451 0.997650 -0.044082 13.360200 0.140481 0.036332 0.989417 -1.626500 0.000000 0.000000 0.000000 1.000000
0.989458 -0.051042 -0.135530 0.000100 0.045923 0.998118 -0.040636 13.360200 0.137349 0.033983 0.989940 -1.626500 0.000000 0.000000 0.000000 1.000000
0.990404 -0.053032 -0.127624 0.000100 0.048435 0.998070 -0.038859 13.360200 0.129438 0.032305 0.991061 -1.626500 0.000000 0.000000 0.000000 1.000000
0.991261 -0.052124 -0.121183 0.000100 0.047859 0.998137 -0.037844 13.360200 0.122930 0.031713 0.991908 -1.626500 0.000000 0.000000 0.000000 1.000000
0.992545 -0.048850 -0.111662 0.000100 0.044732 0.998234 -0.039095 13.360200 0.113374 0.033809 0.992977 -1.626500 0.000000 0.000000 0.000000 1.000000
0.994600 -0.044413 -0.093801 0.000100 0.040545 0.998263 -0.042744 13.360200 0.095536 0.038710 0.994673 -1.626500 0.000000 0.000000 0.000000 1.000000
0.996720 -0.037599 -0.071662 0.000100 0.034382 0.998368 -0.045604 13.360200 0.073260 0.042990 0.996386 -1.626500 0.000000 0.000000 0.000000 1.000000
0.998136 -0.030323 -0.052958 0.000100 0.027923 0.998575 -0.045487 13.360200 0.054261 0.043923 0.997560 -1.626500 0.000000 0.000000 0.000000 1.000000
0.998867 -0.023401 -0.041444 0.000100 0.021613 0.998838 -0.043085 13.360200 0.042404 0.042141 0.998211 -1.626500 0.000000 0.000000 0.000000 1.000000</float_array><technique_common><accessor source="#mixamorig_Spine2-Matrix-animation-output-transform-array" count="32" stride="16"><param type="float4x4"/></accessor></technique_common></source><source id="mixamorig_Spine2-Interpolations"><Name_array id="mixamorig_Spine2-Interpolations-array" count="32">
 LINEAR LINEAR LINEAR LINEAR LINEAR LINEAR LINEAR LINEAR LINEAR LINEAR LINEAR
LINEAR LINEAR LINEAR LINEAR LINEAR LINEAR LINEAR LINEAR LINEAR LINEAR LINEAR LINEAR
LINEAR LINEAR LINEAR LINEAR LINEAR LINEAR LINEAR LINEAR LINEAR</Name_array><technique_common><accessor source="#mixamorig_Spine2-Interpolations-array" count="32"><param type="name"/></accessor></technique_common></source><sampler id="mixamorig_Spine2-Matrix-animation-transform"><input semantic="INPUT" source="#mixamorig_Spine2-Matrix-animation-input"/><input semantic="OUTPUT" source="#mixamorig_Spine2-Matrix-animation-output-transform"/><input semantic="INTERPOLATION" source="#mixamorig_Spine2-Interpolations"/></sampler><channel source="#mixamorig_Spine2-Matrix-animation-transform" target="mixamorig_Spine2/matrix"/></animation>
    <animation id="mixamorig_Neck-anim" name="mixamorig_Neck"><source id="mixamorig_Neck-Matrix-animation-input"><float_array id="mixamorig_Neck-Matrix-animation-input-array" count="32">

0.000000 0.033333 0.066667 0.100000 0.133333 0.166667 0.200000 0.233333 0.266667 0.300000 0.333333 0.366667 0.400000 0.433333 0.466667 0.500000
0.533333 0.566667 0.600000 0.633333 0.666667 0.700000 0.733333 0.766667 0.800000 0.833333 0.866667 0.900000 0.933333 0.966667 1.000000 1.033333</float_array><technique_common><accessor source="#mixamorig_Neck-Matrix-animation-input-array" count="32"><param name="TIME" type="float"/></accessor></technique_common></source><source id="mixamorig_Neck-Matrix-animation-output-transform"><float_array id="mixamorig_Neck-Matrix-animation-output-transform-array" count="512">

0.999301 0.004142 0.037153 0.000000 -0.004454 0.999956 0.008316 15.032500 -0.037116 -0.008475 0.999275 0.792900 0.000000 0.000000 0.000000 1.000000
0.999438 0.006365 0.032913 0.000000 -0.006617 0.999950 0.007551 15.032500 -0.032863 -0.007765 0.999430 0.792900 0.000000 0.000000 0.000000 1.000000
0.999623 0.004337 0.027098 -0.000000 -0.004586 0.999948 0.009156 15.032500 -0.027057 -0.009277 0.999591 0.792900 0.000000 0.000000 0.000000 1.000000
0.999795 -0.005905 0.019354 0.000000 0.005693 0.999924 0.010969 15.032500 -0.019417 -0.010856 0.999753 0.792900 0.000000 0.000000 0.000000 1.000000
0.999797 -0.016764 0.011221 0.000000 0.016649 0.999808 0.010325 15.032500 -0.011392 -0.010137 0.999884 0.792900 0.000000 0.000000 0.000000 1.000000
0.999785 -0.020307 0.004140 -0.000000 0.020264 0.999743 0.010132 15.032500 -0.004345 -0.010046 0.999940 0.792900 0.000000 0.000000 0.000000 1.000000
0.999829 -0.018360 -0.002006 0.000000 0.018384 0.999748 0.012906 15.032500 0.001769 -0.012941 0.999915 0.792900 0.000000 0.000000 0.000000 1.000000
0.999886 -0.013393 -0.006956 0.000000 0.013491 0.999807 0.014259 15.032500 0.006763 -0.014351 0.999874 0.792900 0.000000 0.000000 0.000000 1.000000
0.999964 0.001567 -0.008371 0.000000 -0.001501 0.999967 0.007950 15.032500 0.008384 -0.007937 0.999933 0.792900 0.000000 0.000000 0.000000 1.000000
0.999611 0.027461 -0.004915 0.000000 -0.027446 0.999618 0.003197 15.032500 0.005001 -0.003061 0.999983 0.792900 0.000000 0.000000 0.000000 1.000000
0.999208 0.039796 -0.000710 0.000000 -0.039794 0.999203 0.003221 15.032500 0.000837 -0.003190 0.999995 0.792900 0.000000 0.000000 0.000000 1.000000
0.998802 0.048724 0.004591 0.000000 -0.048730 0.998811 0.001124 15.032500 -0.004531 -0.001347 0.999989 0.792900 0.000000 0.000000 0.000000 1.000000
0.998459 0.054127 0.012274 0.000000 -0.054133 0.998534 0.000137 15.032500 -0.012249 -0.000801 0.999925 0.792900 0.000000 0.000000 0.000000 1.000000
0.998561 0.049282 0.021154 0.000000 -0.049324 0.998782 0.001481 15.032500 -0.021055 -0.002522 0.999775 0.792900 0.000000 0.000000 0.000000 1.000000
0.998819 0.038413 0.029761 0.000000 -0.038424 0.999262 -0.000213 15.032500 -0.029748 -0.000931 0.999557 0.792900 0.000000 0.000000 0.000000 1.000000
0.998815 0.030143 0.038206 0.000000 -0.029933 0.999534 -0.006061 15.032500 -0.038371 0.004911 0.999252 0.792900 0.000000 0.000000 0.000000 1.000000
0.998633 0.023103 0.046880 0.000000 -0.022591 0.999680 -0.011421 15.032500 -0.047128 0.010346 0.998835 0.792900 0.000000 0.000000 0.000000 1.000000
0.998264 0.018197 0.056024 0.000000 -0.017542 0.999772 -0.012154 15.032500 -0.056233 0.011150 0.998355 0.792900 0.000000 0.000000 0.000000 1.000000
0.997663 0.020207 0.065268 0.000000 -0.019618 0.999761 -0.009654 15.032500 -0.065448 0.008351 0.997821 0.792900 0.000000 0.000000 0.000000 1.000000
0.996765 0.029845 0.074629 0.000000 -0.029416 0.999544 -0.006841 15.032500 -0.074799 0.004623 0.997188 0.792900 0.000000 0.000000 0.000000 1.000000
0.995765 0.039117 0.083199 0.000000 -0.038842 0.999233 -0.004922 15.032500 -0.083328 0.001670 0.996521 0.792900 0.000000 0.000000 0.000000 1.000000
0.995090 0.042326 0.089465 0.000000 -0.042380 0.999101 -0.001291 15.032500 -0.089439 -0.002507 0.995989 0.792900 0.000000 0.000000 0.000000 1.000000
0.994896 0.039709 0.092767 0.000000 -0.040282 0.999179 0.004310 15.032500 -0.092520 -0.008025 0.995679 0.792900 0.000000 0.000000 0.000000 1.000000
0.995083 0.032214 0.093664 0.000000 -0.033105 0.999420 0.007969 15.032500 -0.093353 -0.011031 0.995572 0.792900 0.000000 0.000000 0.000000 1.000000
0.995793 0.009143 0.091175 0.000000 -0.009483 0.999950 0.003307 15.032500 -0.091140 -0.004158 0.995829 0.792900 0.000000 0.000000 0.000000 1.000000
0.996140 -0.002765 0.087730 -0.000000 0.002735 0.999996 0.000460 15.032500 -0.087731 -0.000219 0.996144 0.792900 0.000000 0.000000 0.000000 1.000000
0.996605 -0.014104 0.081115 -0.000000 0.014201 0.999899 -0.000622 15.032500 -0.081098 0.001772 0.996705 0.792900 0.000000 0.000000 0.000000 1.000000
0.997224 -0.023376 0.070695 0.000000 0.023268 0.999726 0.002359 15.032500 -0.070731 -0.000708 0.997495 0.792900 0.000000 0.000000 0.000000 1.000000
0.997990 -0.023150 0.058997 -0.000000 0.022881 0.999724 0.005236 15.032500 -0.059102 -0.003876 0.998244 0.792900 0.000000 0.000000 0.000000 1.000000
0.998718 -0.014904 0.048378 0.000000 0.014689 0.999881 0.004803 15.032500 -0.048443 -0.004087 0.998818 0.792900 0.000000 0.000000 0.000000 1.000000
0.999165 -0.004138 0.040648 0.000000 0.003952 0.999981 0.004654 15.032500 -0.040667 -0.004489 0.999163 0.792900 0.000000 0.000000 0.000000 1.000000
0.999301 0.004142 0.037153 0.000000 -0.004454 0.999956 0.008316 15.032500 -0.037116 -0.008475 0.999275 0.792900 0.000000 0.000000 0.000000 1.000000</float_array><technique_common><accessor source="#mixamorig_Neck-Matrix-animation-output-transform-array" count="32" stride="16"><param type="float4x4"/></accessor></technique_common></source><source id="mixamorig_Neck-Interpolations"><Name_array id="mixamorig_Neck-Interpolations-array" count="32">
 LINEAR LINEAR LINEAR LINEAR LINEAR LINEAR LINEAR LINEAR LINEAR LINEAR LINEAR
LINEAR LINEAR LINEAR LINEAR LINEAR LINEAR LINEAR LINEAR LINEAR LINEAR LINEAR LINEAR
LINEAR LINEAR LINEAR LINEAR LINEAR LINEAR LINEAR LINEAR LINEAR</Name_array><technique_common><accessor source="#mixamorig_Neck-Interpolations-array" count="32"><param type="name"/></accessor></technique_common></source><sampler id="mixamorig_Neck-Matrix-animation-transform"><input semantic="INPUT" source="#mixamorig_Neck-Matrix-animation-input"/><input semantic="OUTPUT" source="#mixamorig_Neck-Matrix-animation-output-transform"/><input semantic="INTERPOLATION" source="#mixamorig_Neck-Interpolations"/></sampler><channel source="#mixamorig_Neck-Matrix-animation-transform" target="mixamorig_Neck/matrix"/></animation>
    <animation id="mixamorig_Head-anim" name="mixamorig_Head"><source id="mixamorig_Head-Matrix-animation-input"><float_array id="mixamorig_Head-Matrix-animation-input-array" count="32">

0.000000 0.033333 0.066667 0.100000 0.133333 0.166667 0.200000 0.233333 0.266667 0.300000 0.333333 0.366667 0.400000 0.433333 0.466667 0.500000
0.533333 0.566667 0.600000 0.633333 0.666667 0.700000 0.733333 0.766667 0.800000 0.833333 0.866667 0.900000 0.933333 0.966667 1.000000 1.033333</float_array><technique_common><accessor source="#mixamorig_Head-Matrix-animation-input-array" count="32"><param name="TIME" type="float"/></accessor></technique_common></source><source id="mixamorig_Head-Matrix-animation-output-transform"><float_array id="mixamorig_Head-Matrix-animation-output-transform-array" count="512">

0.996340 0.032647 0.078999 0.000000 -0.037096 0.997768 0.055527 10.321800 -0.077010 -0.058255 0.995327 3.142400 0.000000 0.000000 0.000000 1.000000
0.997790 0.032674 0.057860 0.000000 -0.035549 0.998148 0.049374 10.321800 -0.056139 -0.051322 0.997103 3.142400 0.000000 0.000000 0.000000 1.000000
0.998661 0.032668 0.040123 -0.000000 -0.034635 0.998181 0.049343 10.321800 -0.038438 -0.050667 0.997976 3.142400 0.000000 0.000000 0.000000 1.000000
0.998921 0.038288 0.026298 -0.000000 -0.039711 0.997646 0.055908 10.321800 -0.024095 -0.056892 0.998090 3.142400 0.000000 0.000000 0.000000 1.000000
0.998903 0.041941 0.020843 0.000000 -0.043277 0.996716 0.068436 10.321800 -0.017904 -0.069263 0.997438 3.142400 0.000000 0.000000 0.000000 1.000000
0.998919 0.042160 0.019596 0.000000 -0.043615 0.995765 0.080926 10.321800 -0.016101 -0.081693 0.996527 3.142400 0.000000 0.000000 0.000000 1.000000
0.999048 0.041890 0.012176 -0.000000 -0.042852 0.994640 0.094102 10.321800 -0.008168 -0.094534 0.995488 3.142400 0.000000 0.000000 0.000000 1.000000
0.999399 0.034408 -0.004238 -0.000000 -0.033784 0.994043 0.103617 10.321800 0.007778 -0.103411 0.994608 3.142400 0.000000 0.000000 0.000000 1.000000
0.999636 0.015646 -0.021967 0.000000 -0.013536 0.995563 0.093120 10.321800 0.023327 -0.092789 0.995413 3.142400 0.000000 0.000000 0.000000 1.000000
0.999404 -0.010233 -0.032954 0.000000 0.012474 0.997572 0.068516 10.321800 0.032173 -0.068886 0.997106 3.142400 0.000000 0.000000 0.000000 1.000000
0.998749 -0.034349 -0.036337 0.000000 0.036239 0.997954 0.052681 10.321800 0.034453 -0.053932 0.997950 3.142400 0.000000 0.000000 0.000000 1.000000
0.998729 -0.041869 -0.028056 -0.000000 0.043394 0.997478 0.056162 10.321800 0.025634 -0.057309 0.998027 3.142400 0.000000 0.000000 0.000000 1.000000
0.999624 -0.027404 -0.000653 -0.000000 0.027382 0.997165 0.070087 10.321800 -0.001269 -0.070078 0.997541 3.142400 0.000000 0.000000 0.000000 1.000000
0.999331 -0.002955 0.036440 -0.000000 0.000205 0.997166 0.075234 10.321800 -0.036559 -0.075176 0.996500 3.142400 0.000000 0.000000 0.000000 1.000000
0.997433 0.015534 0.069904 -0.000000 -0.020025 0.997749 0.064005 10.321800 -0.068753 -0.065241 0.995498 3.142400 0.000000 0.000000 0.000000 1.000000
0.995126 0.024515 0.095515 0.000000 -0.028951 0.998552 0.045342 10.321800 -0.094266 -0.047886 0.994395 3.142400 0.000000 0.000000 0.000000 1.000000
0.992379 0.030540 0.119375 0.000000 -0.034254 0.998987 0.029186 10.321800 -0.118363 -0.033052 0.992420 3.142400 0.000000 0.000000 0.000000 1.000000
0.989005 0.036365 0.143342 0.000000 -0.039846 0.998975 0.021489 10.321800 -0.142414 -0.026964 0.989440 3.142400 0.000000 0.000000 0.000000 1.000000
0.986150 0.038348 0.161363 0.000000 -0.043095 0.998732 0.026018 10.321800 -0.160160 -0.032612 0.986552 3.142400 0.000000 0.000000 0.000000 1.000000
0.984052 0.035415 0.174320 0.000000 -0.043354 0.998179 0.041949 10.321800 -0.172517 -0.048838 0.983795 3.142400 0.000000 0.000000 0.000000 1.000000
0.982535 0.032725 0.183177 0.000000 -0.044146 0.997304 0.058622 10.321800 -0.180765 -0.065684 0.981331 3.142400 0.000000 0.000000 0.000000 1.000000
0.981894 0.032584 0.186609 0.000000 -0.045756 0.996722 0.066717 10.321800 -0.183824 -0.074048 0.980166 3.142400 0.000000 0.000000 0.000000 1.000000
0.981754 0.033322 0.187212 0.000000 -0.047893 0.996118 0.073857 10.321800 -0.184024 -0.081476 0.979539 3.142400 0.000000 0.000000 0.000000 1.000000
0.980591 0.041677 0.191582 0.000000 -0.059126 0.994515 0.086281 10.321800 -0.186935 -0.095934 0.977677 3.142400 0.000000 0.000000 0.000000 1.000000
0.975705 0.064898 0.209258 0.000000 -0.084746 0.992569 0.087316 10.321800 -0.202036 -0.102929 0.973954 3.142400 0.000000 0.000000 0.000000 1.000000
0.970354 0.083242 0.226899 0.000000 -0.102369 0.992001 0.073857 10.321800 -0.218936 -0.094894 0.971114 3.142400 0.000000 0.000000 0.000000 1.000000
0.970766 0.080643 0.226077 0.000000 -0.096976 0.993349 0.062078 10.321800 -0.219567 -0.082188 0.972129 3.142400 0.000000 0.000000 0.000000 1.000000
0.977407 0.066904 0.200498 0.000000 -0.081612 0.994476 0.066006 10.321800 -0.194974 -0.080878 0.977468 3.142400 0.000000 0.000000 0.000000 1.000000
0.985303 0.052587 0.162522 -0.000000 -0.065363 0.995092 0.074288 10.321800 -0.157818 -0.083819 0.983904 3.142400 0.000000 0.000000 0.000000 1.000000
0.991460 0.039490 0.124292 0.000000 -0.049012 0.996015 0.074509 10.321800 -0.120854 -0.079964 0.989444 3.142400 0.000000 0.000000 0.000000 1.000000
0.994966 0.032034 0.094957 0.000000 -0.038439 0.997052 0.066402 10.321800 -0.092550 -0.069718 0.993264 3.142400 0.000000 0.000000 0.000000 1.000000
0.996340 0.032647 0.078999 0.000000 -0.037096 0.997768 0.055527 10.321800 -0.077010 -0.058255 0.995327 3.142400 0.000000 0.000000 0.000000 1.000000</float_array><technique_common><accessor source="#mixamorig_Head-Matrix-animation-output-transform-array" count="32" stride="16"><param type="float4x4"/></accessor></technique_common></source><source id="mixamorig_Head-Interpolations"><Name_array id="mixamorig_Head-Interpolations-array" count="32">
 LINEAR LINEAR LINEAR LINEAR LINEAR LINEAR LINEAR LINEAR LINEAR LINEAR LINEAR
LINEAR LINEAR LINEAR LINEAR LINEAR LINEAR LINEAR LINEAR LINEAR LINEAR LINEAR LINEAR
