<?xml version="1.0" encoding="utf-8"?>
<COLLADA xmlns="http://www.collada.org/2005/11/COLLADASchema" version="1.4.1">
  <asset><contributor><author>Mixamo</author><authoring_tool>COLLADA Mixamo exporter</authoring_tool><comments></comments></contributor><created>2018-04-03T09:17:08Z</created><modified>2018-04-03T09:17:08Z</modified><revision></revision><title></title><unit meter="0.010000"/><up_axis>Y_UP</up_axis></asset>
  <library_animations>
    <animation id="mixamorig_Hips-anim" name="mixamorig_Hips"><source id="mixamorig_Hips-Matrix-animation-input"><float_array id="mixamorig_Hips-Matrix-animation-input-array" count="96">

0.000000 0.033333 0.066667 0.100000 0.133333 0.166667 0.200000 0.233333 0.266667 0.300000 0.333333 0.366667 0.400000 0.433333 0.466667 0.500000
0.533333 0.566667 0.600000 0.633333 0.666667 0.700000 0.733333 0.766667 0.800000 0.833333 0.866667 0.900000 0.933333 0.966667 1.000000 1.033333
1.066667 1.100000 1.133333 1.166667 1.200000 1.233333 1.266667 1.300000 1.333333 1.366667 1.400000 1.433333 1.466667 1.500000 1.533333 1.566667
1.600000 1.633333 1.666667 1.700000 1.733333 1.766667 1.800000 1.833333 1.866667 1.900000 1.933333 1.966667 2.000000 2.033333 2.066667 2.100000
2.133333 2.166667 2.200000 2.233333 2.266667 2.300000 2.333333 2.366667 2.400000 2.433333 2.466667 2.500000 2.533333 2.566667 2.600000 2.633333
2.666667 2.700000 2.733333 2.766667 2.800000 2.833333 2.866667 2.900000 2.933333 2.966667 3.000000 3.033333 3.066667 3.100000 3.133333 3.166667</float_array><technique_common><accessor source="#mixamorig_Hips-Matrix-animation-input-array" count="96"><param name="TIME" type="float"/></accessor></technique_common></source><source id="mixamorig_Hips-Matrix-animation-output-transform"><float_array id="mixamorig_Hips-Matrix-animation-output-transform-array" count="1536">

0.999966 0.007604 -0.003324 -7.997770 -0.007704 0.999486 -0.031108 98.932388 0.003086 0.031132 0.999511 6.523135 0.000000 0.000000 0.000000 1.000000
0.999961 0.008442 -0.002556 -7.989664 -0.008513 0.999541 -0.029088 98.886490 0.002310 0.029108 0.999574 6.586188 0.000000 0.000000 0.000000 1.000000
0.999953 0.009540 -0.001668 -7.987362 -0.009581 0.999601 -0.026578 98.831787 0.001414 0.026593 0.999645 6.659510 0.000000 0.000000 0.000000 1.000000
0.999943 0.010688 -0.000841 -7.992249 -0.010705 0.999662 -0.023675 98.769279 0.000587 0.023683 0.999719 6.744829 0.000000 0.000000 0.000000 1.000000
0.999932 0.011650 -0.000149 -8.005760 -0.011651 0.999725 -0.020363 98.697395 -0.000089 0.020363 0.999793 6.838802 0.000000 0.000000 0.000000 1.000000
0.999925 0.012241 0.000129 -8.030568 -0.012238 0.999794 -0.016168 98.608261 -0.000327 0.016165 0.999869 6.926626 0.000000 0.000000 0.000000 1.000000
0.999926 0.012134 -0.000316 -8.072006 -0.012137 0.999872 -0.010465 98.497612 0.000189 0.010468 0.999945 6.991234 0.000000 0.000000 0.000000 1.000000
0.999937 0.011100 -0.001374 -8.138577 -0.011105 0.999931 -0.003765 98.383530 0.001332 0.003780 0.999992 7.039460 0.000000 0.000000 0.000000 1.000000
0.999951 0.009645 -0.002242 -8.237508 -0.009641 0.999952 0.001666 98.306061 0.002258 -0.001644 0.999996 7.110959 0.000000 0.000000 0.000000 1.000000
0.999961 0.008699 -0.001738 -8.366140 -0.008693 0.999956 0.003488 98.301025 0.001769 -0.003472 0.999992 7.248541 0.000000 0.000000 0.000000 1.000000
0.999962 0.008614 0.000936 -8.515073 -0.008615 0.999962 0.001262 98.377304 -0.000925 -0.001270 0.999999 7.464109 0.000000 0.000000 0.000000 1.000000
0.999945 0.008841 0.005698 -8.678983 -0.008819 0.999954 -0.003833 98.516106 -0.005732 0.003783 0.999976 7.735363 0.000000 0.000000 0.000000 1.000000
0.999898 0.008622 0.011351 -8.859660 -0.008502 0.999907 -0.010626 98.687302 -0.011442 0.010528 0.999879 8.023829 0.000000 0.000000 0.000000 1.000000
0.999841 0.007765 0.016028 -9.059481 -0.007466 0.999799 -0.018580 98.865555 -0.016169 0.018458 0.999699 8.297223 0.000000 0.000000 0.000000 1.000000
0.999804 0.006772 0.018612 -9.271421 -0.006263 0.999608 -0.027283 99.037910 -0.018789 0.027161 0.999454 8.547112 0.000000 0.000000 0.000000 1.000000
0.999785 0.006566 0.019660 -9.478391 -0.005853 0.999329 -0.036146 99.179192 -0.019884 0.036023 0.999153 8.789472 0.000000 0.000000 0.000000 1.000000
0.999774 0.006251 0.020299 -9.672194 -0.005337 0.998983 -0.044763 99.323524 -0.020558 0.044645 0.998791 9.047084 0.000000 0.000000 0.000000 1.000000
0.999778 0.005545 0.020311 -9.851426 -0.004460 0.998581 -0.053071 99.449890 -0.020577 0.052969 0.998384 9.341619 0.000000 0.000000 0.000000 1.000000
0.999830 0.004055 0.017994 -10.019434 -0.002952 0.998140 -0.060884 99.556511 -0.018207 0.060820 0.997983 9.681351 0.000000 0.000000 0.000000 1.000000
0.999914 0.002576 0.012862 -10.169934 -0.001702 0.997717 -0.067511 99.638206 -0.013007 0.067483 0.997636 10.066125 0.000000 0.000000 0.000000 1.000000
0.999976 0.001406 0.006832 -10.303431 -0.000909 0.997389 -0.072207 99.688316 -0.006915 0.072199 0.997366 10.480268 0.000000 0.000000 0.000000 1.000000
0.999999 -0.000096 0.001665 -10.425286 0.000221 0.997196 -0.074835 99.695183 -0.001653 0.074836 0.997195 10.887357 0.000000 0.000000 0.000000 1.000000
0.999994 -0.002307 -0.002628 -10.534865 0.002101 0.997125 -0.075749 99.659309 0.002795 0.075743 0.997123 11.234525 0.000000 0.000000 0.000000 1.000000
0.999976 -0.004461 -0.005340 -10.631209 0.004045 0.997139 -0.075479 99.610123 0.005661 0.075456 0.997133 11.477384 0.000000 0.000000 0.000000 1.000000
0.999977 -0.006060 -0.003173 -10.729664 0.005805 0.997163 -0.075050 99.591393 0.003619 0.075030 0.997175 11.598207 0.000000 0.000000 0.000000 1.000000
0.999945 -0.007571 0.007263 -10.856565 0.008102 0.997066 -0.076114 99.627716 -0.006666 0.076169 0.997073 11.613661 0.000000 0.000000 0.000000 1.000000
0.999622 -0.009356 0.025834 -11.021869 0.011395 0.996733 -0.079954 99.700836 -0.025001 0.080219 0.996464 11.575324 0.000000 0.000000 0.000000 1.000000
0.998773 -0.010818 0.048318 -11.209392 0.014966 0.996156 -0.086311 99.773392 -0.047199 0.086928 0.995096 11.558152 0.000000 0.000000 0.000000 1.000000
0.997562 -0.011251 0.068878 -11.404921 0.017642 0.995520 -0.092896 99.818474 -0.067524 0.093884 0.993291 11.622440 0.000000 0.000000 0.000000 1.000000
0.996448 -0.010688 0.083534 -11.609402 0.018704 0.995227 -0.095781 99.833481 -0.082111 0.097003 0.991891 11.773147 0.000000 0.000000 0.000000 1.000000
0.995694 -0.010312 0.092128 -11.821953 0.018730 0.995677 -0.090981 99.815941 -0.090791 0.092314 0.991582 11.957008 0.000000 0.000000 0.000000 1.000000
0.995242 -0.011424 0.096761 -12.023581 0.018930 0.996850 -0.077015 99.749527 -0.095576 0.078480 0.992324 12.096831 0.000000 0.000000 0.000000 1.000000
0.995041 -0.013751 0.098507 -12.179496 0.019463 0.998169 -0.057261 99.629860 -0.097539 0.058894 0.993488 12.139942 0.000000 0.000000 0.000000 1.000000
0.995213 -0.016252 0.096372 -12.271005 0.020159 0.999008 -0.039712 99.494949 -0.095631 0.041465 0.994553 12.099338 0.000000 0.000000 0.000000 1.000000
0.995811 -0.018172 0.089610 -12.299560 0.021119 0.999263 -0.032052 99.365570 -0.088962 0.033810 0.995461 12.040357 0.000000 0.000000 0.000000 1.000000
0.996609 -0.019611 0.079909 -12.285602 0.022466 0.999135 -0.034994 99.244370 -0.079153 0.036670 0.996188 12.012607 0.000000 0.000000 0.000000 1.000000
0.997277 -0.021121 0.070658 -12.256128 0.024095 0.998847 -0.041511 99.137764 -0.069700 0.043101 0.996636 11.993749 0.000000 0.000000 0.000000 1.000000
0.997627 -0.023481 0.064717 -12.246417 0.026382 0.998668 -0.044343 99.075302 -0.063590 0.045945 0.996918 11.909906 0.000000 0.000000 0.000000 1.000000
0.997632 -0.026997 0.063259 -12.286772 0.029785 0.998607 -0.043551 99.074921 -0.061995 0.045332 0.997046 11.723719 0.000000 0.000000 0.000000 1.000000
0.997348 -0.030308 0.066175 -12.364801 0.033306 0.998446 -0.044671 99.120888 -0.064719 0.046756 0.996808 11.490152 0.000000 0.000000 0.000000 1.000000
0.996866 -0.031761 0.072455 -12.434973 0.035460 0.998102 -0.050354 99.185234 -0.070718 0.052765 0.996100 11.297112 0.000000 0.000000 0.000000 1.000000
0.996274 -0.031675 0.080221 -12.475096 0.036359 0.997676 -0.057617 99.246994 -0.078210 0.060319 0.995111 11.176888 0.000000 0.000000 0.000000 1.000000
0.995678 -0.031315 0.087436 -12.501525 0.036920 0.997315 -0.063244 99.294128 -0.085221 0.066199 0.994160 11.110877 0.000000 0.000000 0.000000 1.000000
0.995165 -0.031184 0.093139 -12.535337 0.037531 0.997035 -0.067183 99.316841 -0.090767 0.070353 0.993384 11.085500 0.000000 0.000000 0.000000 1.000000
0.994718 -0.031637 0.097650 -12.580858 0.038478 0.996875 -0.068989 99.297905 -0.095162 0.072382 0.992827 11.091797 0.000000 0.000000 0.000000 1.000000
0.994327 -0.033139 0.101072 -12.630908 0.039899 0.997047 -0.065608 99.223282 -0.098599 0.069268 0.992714 11.085093 0.000000 0.000000 0.000000 1.000000
0.994119 -0.035394 0.102350 -12.676072 0.041333 0.997547 -0.056500 99.116188 -0.100099 0.060398 0.993143 11.014712 0.000000 0.000000 0.000000 1.000000
0.994215 -0.037287 0.100725 -12.704770 0.042296 0.997948 -0.048061 99.023056 -0.098726 0.052043 0.993753 10.911163 0.000000 0.000000 0.000000 1.000000
0.994539 -0.037966 0.097211 -12.709641 0.042788 0.997930 -0.048008 98.970497 -0.095187 0.051905 0.994105 10.874434 0.000000 0.000000 0.000000 1.000000
0.994911 -0.037940 0.093343 -12.701729 0.043272 0.997505 -0.055777 98.975899 -0.090994 0.059532 0.994070 10.937757 0.000000 0.000000 0.000000 1.000000
0.995240 -0.038782 0.089408 -12.701729 0.044583 0.996964 -0.063830 99.051826 -0.086661 0.067513 0.993948 11.010105 0.000000 0.000000 0.000000 1.000000
0.995509 -0.041888 0.084901 -12.730368 0.047779 0.996500 -0.068595 99.208984 -0.081730 0.072343 0.994025 11.000775 0.000000 0.000000 0.000000 1.000000
0.995748 -0.046467 0.079537 -12.776021 0.052376 0.995890 -0.073895 99.413177 -0.075776 0.077746 0.994089 10.930668 0.000000 0.000000 0.000000 1.000000
0.996033 -0.050716 0.073117 -12.807550 0.056772 0.994907 -0.083284 99.623825 -0.068521 0.087104 0.993840 10.882085 0.000000 0.000000 0.000000 1.000000
0.996403 -0.053744 0.065520 -12.808062 0.059830 0.993698 -0.094783 99.815346 -0.060013 0.098363 0.993339 10.896893 0.000000 0.000000 0.000000 1.000000
0.996784 -0.055664 0.057647 -12.793153 0.061457 0.992660 -0.104157 99.967041 -0.051426 0.107365 0.992889 10.956375 0.000000 0.000000 0.000000 1.000000
0.997070 -0.056694 0.051347 -12.791409 0.062048 0.992047 -0.109512 100.060928 -0.044730 0.112377 0.992658 11.028023 0.000000 0.000000 0.000000 1.000000
0.997218 -0.057359 0.047599 -12.814388 0.062350 0.991859 -0.111032 100.084366 -0.040842 0.113691 0.992676 11.084535 0.000000 0.000000 0.000000 1.000000
0.997285 -0.058002 0.045373 -12.849543 0.062646 0.992098 -0.108704 100.047798 -0.038710 0.111252 0.993038 11.091207 0.000000 0.000000 0.000000 1.000000
0.997383 -0.058144 0.042969 -12.882816 0.062300 0.992757 -0.102724 99.982780 -0.036685 0.105132 0.993781 11.017149 0.000000 0.000000 0.000000 1.000000
0.997551 -0.057308 0.040094 -12.916647 0.060905 0.993599 -0.095141 99.918159 -0.034385 0.097350 0.994656 10.871482 0.000000 0.000000 0.000000 1.000000
0.997727 -0.055833 0.037732 -12.958433 0.059010 0.994272 -0.089109 99.872391 -0.032540 0.091133 0.995307 10.701224 0.000000 0.000000 0.000000 1.000000
0.997856 -0.054503 0.036242 -13.000387 0.057462 0.994605 -0.086365 99.849571 -0.031339 0.088262 0.995604 10.541452 0.000000 0.000000 0.000000 1.000000
0.997969 -0.053431 0.034681 -13.021081 0.056253 0.994684 -0.086248 99.846100 -0.029888 0.088023 0.995670 10.389166 0.000000 0.000000 0.000000 1.000000
0.998110 -0.052365 0.032165 -13.010012 0.054986 0.994699 -0.086898 99.849129 -0.027444 0.088502 0.995698 10.220523 0.000000 0.000000 0.000000 1.000000
0.998261 -0.051232 0.029147 -12.974609 0.053590 0.994774 -0.086910 99.848885 -0.024542 0.088321 0.995790 10.022368 0.000000 0.000000 0.000000 1.000000
0.998380 -0.050186 0.026797 -12.924803 0.052320 0.994920 -0.086002 99.840515 -0.022345 0.087265 0.995934 9.803075 0.000000 0.000000 0.000000 1.000000
0.998461 -0.049198 0.025581 -12.859752 0.051199 0.995099 -0.084593 99.821617 -0.021294 0.085773 0.996087 9.581723 0.000000 0.000000 0.000000 1.000000
0.998534 -0.048022 0.024964 -12.775023 0.049946 0.995280 -0.083200 99.791916 -0.020851 0.084325 0.996220 9.372727 0.000000 0.000000 0.000000 1.000000
0.998630 -0.046470 0.024065 -12.671591 0.048300 0.995456 -0.082061 99.754982 -0.020142 0.083111 0.996337 9.178772 0.000000 0.000000 0.000000 1.000000
0.998762 -0.044548 0.022126 -12.553776 0.046203 0.995644 -0.080986 99.718399 -0.018422 0.081908 0.996470 8.996614 0.000000 0.000000 0.000000 1.000000
0.998918 -0.042530 0.018834 -12.429415 0.043901 0.995857 -0.079635 99.686394 -0.015370 0.080376 0.996646 8.828152 0.000000 0.000000 0.000000 1.000000
0.999070 -0.040628 0.014439 -12.306232 0.041633 0.996089 -0.077937 99.652191 -0.011216 0.078465 0.996854 8.678129 0.000000 0.000000 0.000000 1.000000
0.999219 -0.038397 0.009348 -12.184406 0.038999 0.996331 -0.076179 99.601250 -0.006389 0.076484 0.997050 8.545876 0.000000 0.000000 0.000000 1.000000
0.999382 -0.034919 0.004129 -12.053671 0.035130 0.996584 -0.074746 99.524872 -0.001505 0.074845 0.997194 8.428333 0.000000 0.000000 0.000000 1.000000
0.999557 -0.029751 -0.000099 -11.904297 0.029663 0.996849 -0.073562 99.429245 0.002287 0.073527 0.997291 8.330335 0.000000 0.000000 0.000000 1.000000
0.999719 -0.023582 -0.002385 -11.735538 0.023349 0.997124 -0.072101 99.332573 0.004079 0.072025 0.997394 8.260083 0.000000 0.000000 0.000000 1.000000
0.999835 -0.017867 -0.003166 -11.551839 0.017600 0.997380 -0.070166 99.252312 0.004411 0.070099 0.997530 8.214941 0.000000 0.000000 0.000000 1.000000
0.999900 -0.013627 -0.003878 -11.355277 0.013332 0.997596 -0.067999 99.197762 0.004795 0.067940 0.997678 8.180295 0.000000 0.000000 0.000000 1.000000
0.999925 -0.010929 -0.005462 -11.145862 0.010547 0.997786 -0.065665 99.161667 0.006168 0.065602 0.997827 8.142076 0.000000 0.000000 0.000000 1.000000
0.999929 -0.009100 -0.007697 -10.920279 0.008598 0.997983 -0.062895 99.128586 0.008254 0.062824 0.997990 8.093204 0.000000 0.000000 0.000000 1.000000
0.999924 -0.007456 -0.009807 -10.674260 0.006859 0.998203 -0.059526 99.086235 0.010234 0.059454 0.998179 8.030348 0.000000 0.000000 0.000000 1.000000
0.999920 -0.005579 -0.011359 -10.408878 0.004937 0.998428 -0.055829 99.027710 0.011653 0.055769 0.998376 7.951777 0.000000 0.000000 0.000000 1.000000
0.999918 -0.003665 -0.012304 -10.137024 0.003017 0.998628 -0.052280 98.962227 0.012478 0.052238 0.998557 7.857468 0.000000 0.000000 0.000000 1.000000
0.999922 -0.002000 -0.012363 -9.875295 0.001392 0.998796 -0.049035 98.901207 0.012446 0.049014 0.998721 7.750105 0.000000 0.000000 0.000000 1.000000
0.999938 -0.000920 -0.011072 -9.633326 0.000410 0.998944 -0.045934 98.859261 0.011102 0.045927 0.998883 7.632421 0.000000 0.000000 0.000000 1.000000
0.999963 -0.000429 -0.008627 -9.413995 0.000058 0.999074 -0.043024 98.843468 0.008637 0.043022 0.999037 7.509964 0.000000 0.000000 0.000000 1.000000
0.999981 -0.000212 -0.006205 -9.212680 -0.000040 0.999174 -0.040644 98.848022 0.006209 0.040643 0.999154 7.391386 0.000000 0.000000 0.000000 1.000000
0.999987 0.000249 -0.005016 -9.025105 -0.000445 0.999241 -0.038946 98.860626 0.005003 0.038947 0.999229 7.280101 0.000000 0.000000 0.000000 1.000000
0.999985 0.001256 -0.005266 -8.850460 -0.001453 0.999290 -0.037655 98.870956 0.005215 0.037663 0.999277 7.171233 0.000000 0.000000 0.000000 1.000000
0.999977 0.002714 -0.006243 -8.689015 -0.002940 0.999333 -0.036407 98.877632 0.006140 0.036424 0.999318 7.058539 0.000000 0.000000 0.000000 1.000000
0.999965 0.004338 -0.007086 -8.537949 -0.004584 0.999372 -0.035126 98.886223 0.006929 0.035157 0.999358 6.941848 0.000000 0.000000 0.000000 1.000000
0.999957 0.005782 -0.007278 -8.393069 -0.006027 0.999403 -0.034010 98.900208 0.007077 0.034053 0.999395 6.826720 0.000000 0.000000 0.000000 1.000000
0.999955 0.006757 -0.006619 -8.254781 -0.006973 0.999426 -0.033157 98.916191 0.006391 0.033202 0.999428 6.717811 0.000000 0.000000 0.000000 1.000000
0.999960 0.007253 -0.005150 -8.123539 -0.007416 0.999450 -0.032325 98.927895 0.004913 0.032362 0.999464 6.616679 0.000000 0.000000 0.000000 1.000000
0.999966 0.007604 -0.003325 -7.997770 -0.007704 0.999486 -0.031108 98.932388 0.003086 0.031132 0.999511 6.523134 0.000000 0.000000 0.000000 1.000000</float_array><technique_common><accessor source="#mixamorig_Hips-Matrix-animation-output-transform-array" count="96" stride="16"><param type="float4x4"/></accessor></technique_common></source><source id="mixamorig_Hips-Interpolations"><Name_array id="mixamorig_Hips-Interpolations-array" count="96">
 LINEAR LINEAR LINEAR LINEAR LINEAR LINEAR LINEAR LINEAR LINEAR LINEAR LINEAR
LINEAR LINEAR LINEAR LINEAR LINEAR LINEAR LINEAR LINEAR LINEAR LINEAR LINEAR LINEAR
LINEAR LINEAR LINEAR LINEAR LINEAR LINEAR LINEAR LINEAR LINEAR LINEAR LINEAR LINEAR
LINEAR LINEAR LINEAR LINEAR LINEAR LINEAR LINEAR LINEAR LINEAR LINEAR LINEAR LINEAR
LINEAR LINEAR LINEAR LINEAR LINEAR LINEAR LINEAR LINEAR LINEAR LINEAR LINEAR LINEAR
LINEAR LINEAR LINEAR LINEAR LINEAR LINEAR LINEAR LINEAR LINEAR LINEAR LINEAR LINEAR
LINEAR LINEAR LINEAR LINEAR LINEAR LINEAR LINEAR LINEAR LINEAR LINEAR LINEAR LINEAR
LINEAR LINEAR LINEAR LINEAR LINEAR LINEAR LINEAR LINEAR LINEAR LINEAR LINEAR LINEAR
LINEAR</Name_array><technique_common><accessor source="#mixamorig_Hips-Interpolations-array" count="96"><param type="name"/></accessor></technique_common></source><sampler id="mixamorig_Hips-Matrix-animation-transform"><input semantic="INPUT" source="#mixamorig_Hips-Matrix-animation-input"/><input semantic="OUTPUT" source="#mixamorig_Hips-Matrix-animation-output-transform"/><input semantic="INTERPOLATION" source="#mixamorig_Hips-Interpolations"/></sampler><channel source="#mixamorig_Hips-Matrix-animation-transform" target="mixamorig_Hips/matrix"/></animation>
    <animation id="mixamorig_Spine-anim" name="mixamorig_Spine"><source id="mixamorig_Spine-Matrix-animation-input"><float_array id="mixamorig_Spine-Matrix-animation-input-array" count="96">

0.000000 0.033333 0.066667 0.100000 0.133333 0.166667 0.200000 0.233333 0.266667 0.300000 0.333333 0.366667 0.400000 0.433333 0.466667 0.500000
0.533333 0.566667 0.600000 0.633333 0.666667 0.700000 0.733333 0.766667 0.800000 0.833333 0.866667 0.900000 0.933333 0.966667 1.000000 1.033333
1.066667 1.100000 1.133333 1.166667 1.200000 1.233333 1.266667 1.300000 1.333333 1.366667 1.400000 1.433333 1.466667 1.500000 1.533333 1.566667
1.600000 1.633333 1.666667 1.700000 1.733333 1.766667 1.800000 1.833333 1.866667 1.900000 1.933333 1.966667 2.000000 2.033333 2.066667 2.100000
2.133333 2.166667 2.200000 2.233333 2.266667 2.300000 2.333333 2.366667 2.400000 2.433333 2.466667 2.500000 2.533333 2.566667 2.600000 2.633333
2.666667 2.700000 2.733333 2.766667 2.800000 2.833333 2.866667 2.900000 2.933333 2.966667 3.000000 3.033333 3.066667 3.100000 3.133333 3.166667</float_array><technique_common><accessor source="#mixamorig_Spine-Matrix-animation-input-array" count="96"><param name="TIME" type="float"/></accessor></technique_common></source><source id="mixamorig_Spine-Matrix-animation-output-transform"><float_array id="mixamorig_Spine-Matrix-animation-output-transform-array" count="1536">

0.999984 -0.004618 0.003341 0.000000 0.004619 0.999989 -0.000070 9.923500 -0.003341 0.000086 0.999994 -1.227300 0.000000 0.000000 0.000000 1.000000
0.999984 -0.004524 0.003355 0.000000 0.004523 0.999990 0.000123 9.923500 -0.003355 -0.000108 0.999994 -1.227300 0.000000 0.000000 0.000000 1.000000
0.999984 -0.004516 0.003399 0.000000 0.004515 0.999990 0.000371 9.923500 -0.003401 -0.000355 0.999994 -1.227300 0.000000 0.000000 0.000000 1.000000
0.999984 -0.004584 0.003424 0.000000 0.004582 0.999989 0.000616 9.923500 -0.003427 -0.000601 0.999994 -1.227300 0.000000 0.000000 0.000000 1.000000
0.999984 -0.004616 0.003380 -0.000000 0.004614 0.999989 0.000656 9.923500 -0.003383 -0.000641 0.999994 -1.227300 0.000000 0.000000 0.000000 1.000000
0.999985 -0.004351 0.003325 0.000000 0.004350 0.999991 0.000262 9.923500 -0.003326 -0.000248 0.999994 -1.227300 0.000000 0.000000 0.000000 1.000000
0.999988 -0.003536 0.003468 0.000000 0.003538 0.999994 -0.000456 9.923500 -0.003466 0.000468 0.999994 -1.227300 0.000000 0.000000 0.000000 1.000000
0.999990 -0.002211 0.003979 0.000000 0.002215 0.999997 -0.000814 9.923500 -0.003977 0.000823 0.999992 -1.227300 0.000000 0.000000 0.000000 1.000000
0.999989 -0.000781 0.004730 0.000000 0.000780 1.000000 0.000138 9.923500 -0.004730 -0.000134 0.999989 -1.227300 0.000000 0.000000 0.000000 1.000000
0.999986 0.000317 0.005316 0.000000 -0.000332 0.999996 0.002876 9.923500 -0.005315 -0.002878 0.999982 -1.227300 0.000000 0.000000 0.000000 1.000000
0.999985 0.000990 0.005311 0.000000 -0.001027 0.999976 0.006917 9.923500 -0.005304 -0.006922 0.999962 -1.227300 0.000000 0.000000 0.000000 1.000000
0.999989 0.001487 0.004496 -0.000000 -0.001537 0.999937 0.011112 9.923500 -0.004479 -0.011119 0.999928 -1.227300 0.000000 0.000000 0.000000 1.000000
0.999993 0.002070 0.002997 0.000000 -0.002113 0.999894 0.014425 9.923500 -0.002967 -0.014431 0.999891 -1.227300 0.000000 0.000000 0.000000 1.000000
0.999995 0.002792 0.001335 -0.000000 -0.002813 0.999860 0.016482 9.923500 -0.001289 -0.016485 0.999863 -1.227300 0.000000 0.000000 0.000000 1.000000
0.999994 0.003491 0.000126 0.000000 -0.003493 0.999841 0.017504 9.923500 -0.000065 -0.017504 0.999847 -1.227300 0.000000 0.000000 0.000000 1.000000
0.999993 0.003727 -0.000435 -0.000000 -0.003718 0.999830 0.018035 9.923500 0.000502 -0.018033 0.999837 -1.227300 0.000000 0.000000 0.000000 1.000000
0.999990 0.004352 -0.000603 0.000000 -0.004340 0.999816 0.018703 9.923500 0.000684 -0.018700 0.999825 -1.227300 0.000000 0.000000 0.000000 1.000000
0.999988 0.004771 -0.000712 0.000000 -0.004756 0.999789 0.019983 9.923500 0.000807 -0.019979 0.999800 -1.227300 0.000000 0.000000 0.000000 1.000000
0.999987 0.004964 -0.000613 -0.000000 -0.004949 0.999746 0.021998 9.923500 0.000722 -0.021995 0.999758 -1.227300 0.000000 0.000000 0.000000 1.000000
0.999989 0.004733 -0.000077 0.000000 -0.004730 0.999689 0.024481 9.923500 0.000193 -0.024481 0.999700 -1.227300 0.000000 0.000000 0.000000 1.000000
0.999991 0.004174 0.000742 0.000000 -0.004193 0.999627 0.026981 9.923500 -0.000629 -0.026984 0.999636 -1.227300 0.000000 0.000000 0.000000 1.000000
0.999993 0.003359 0.001590 0.000000 -0.003403 0.999570 0.029118 9.923500 -0.001491 -0.029123 0.999575 -1.227300 0.000000 0.000000 0.000000 1.000000
0.999993 0.002459 0.002661 -0.000000 -0.002540 0.999528 0.030626 9.923500 -0.002585 -0.030633 0.999527 -1.227300 0.000000 0.000000 0.000000 1.000000
0.999989 0.001768 0.004318 -0.000000 -0.001902 0.999508 0.031294 9.923500 -0.004260 -0.031302 0.999501 -1.227300 0.000000 0.000000 0.000000 1.000000
0.999979 0.001631 0.006280 0.000000 -0.001825 0.999516 0.031064 9.923500 -0.006227 -0.031075 0.999498 -1.227300 0.000000 0.000000 0.000000 1.000000
0.999968 0.002275 0.007622 0.000000 -0.002504 0.999540 0.030229 9.923500 -0.007550 -0.030247 0.999514 -1.227300 0.000000 0.000000 0.000000 1.000000
0.999963 0.003609 0.007748 0.000000 -0.003836 0.999558 0.029479 9.923500 -0.007638 -0.029507 0.999535 -1.227300 0.000000 0.000000 0.000000 1.000000
0.999962 0.005188 0.007073 0.000000 -0.005395 0.999548 0.029579 9.923500 -0.006916 -0.029616 0.999537 -1.227300 0.000000 0.000000 0.000000 1.000000
0.999957 0.006625 0.006534 -0.000000 -0.006823 0.999501 0.030826 9.923500 -0.006326 -0.030869 0.999503 -1.227300 0.000000 0.000000 0.000000 1.000000
0.999948 0.007868 0.006488 0.000000 -0.008075 0.999435 0.032619 9.923500 -0.006228 -0.032670 0.999447 -1.227300 0.000000 0.000000 0.000000 1.000000
0.999939 0.009050 0.006344 -0.000000 -0.009259 0.999388 0.033726 9.923500 -0.006035 -0.033783 0.999411 -1.227300 0.000000 0.000000 0.000000 1.000000
0.999934 0.010107 0.005419 0.000000 -0.010281 0.999395 0.033213 9.923500 -0.005080 -0.033267 0.999434 -1.227300 0.000000 0.000000 0.000000 1.000000
0.999936 0.010637 0.003948 0.000000 -0.010756 0.999451 0.031323 9.923500 -0.003613 -0.031363 0.999502 -1.227300 0.000000 0.000000 0.000000 1.000000
0.999942 0.010366 0.002877 0.000000 -0.010447 0.999512 0.029425 9.923500 -0.002570 -0.029453 0.999563 -1.227300 0.000000 0.000000 0.000000 1.000000
0.999953 0.009347 0.002687 0.000000 -0.009421 0.999537 0.028943 9.923500 -0.002415 -0.028967 0.999577 -1.227300 0.000000 0.000000 0.000000 1.000000
0.999964 0.007993 0.002903 0.000000 -0.008077 0.999515 0.030079 9.923500 -0.002661 -0.030102 0.999543 -1.227300 0.000000 0.000000 0.000000 1.000000
0.999972 0.006892 0.002767 0.000000 -0.006976 0.999477 0.031587 9.923500 -0.002548 -0.031606 0.999497 -1.227300 0.000000 0.000000 0.000000 1.000000
0.999976 0.006546 0.002092 0.000000 -0.006609 0.999467 0.031954 9.923500 -0.001882 -0.031967 0.999487 -1.227300 0.000000 0.000000 0.000000 1.000000
0.999974 0.007066 0.001362 0.000000 -0.007105 0.999500 0.030810 9.923500 -0.001144 -0.030819 0.999524 -1.227300 0.000000 0.000000 0.000000 1.000000
0.999968 0.007934 0.001121 -0.000000 -0.007963 0.999549 0.028954 9.923500 -0.000891 -0.028962 0.999580 -1.227300 0.000000 0.000000 0.000000 1.000000
0.999963 0.008443 0.001457 0.000000 -0.008480 0.999593 0.027247 9.923500 -0.001227 -0.027258 0.999628 -1.227300 0.000000 0.000000 0.000000 1.000000
0.999962 0.008415 0.002123 0.000000 -0.008467 0.999626 0.026001 9.923500 -0.001903 -0.026018 0.999660 -1.227300 0.000000 0.000000 0.000000 1.000000
0.999962 0.008198 0.002865 0.000000 -0.008268 0.999644 0.025363 9.923500 -0.002656 -0.025386 0.999674 -1.227300 0.000000 0.000000 0.000000 1.000000
0.999961 0.008129 0.003426 -0.000000 -0.008214 0.999641 0.025488 9.923500 -0.003218 -0.025515 0.999669 -1.227300 0.000000 0.000000 0.000000 1.000000
0.999960 0.008238 0.003414 0.000000 -0.008324 0.999627 0.025996 9.923500 -0.003198 -0.026024 0.999656 -1.227300 0.000000 0.000000 0.000000 1.000000
0.999962 0.008352 0.002627 0.000000 -0.008417 0.999628 0.025935 9.923500 -0.002409 -0.025956 0.999660 -1.227300 0.000000 0.000000 0.000000 1.000000
0.999964 0.008297 0.001502 -0.000000 -0.008332 0.999655 0.024902 9.923500 -0.001295 -0.024914 0.999689 -1.227300 0.000000 0.000000 0.000000 1.000000
0.999968 0.007947 0.000807 0.000000 -0.007964 0.999684 0.023848 9.923500 -0.000617 -0.023853 0.999715 -1.227300 0.000000 0.000000 0.000000 1.000000
0.999973 0.007282 0.000832 -0.000000 -0.007300 0.999685 0.023998 9.923500 -0.000657 -0.024003 0.999712 -1.227300 0.000000 0.000000 0.000000 1.000000
0.999978 0.006521 0.001206 0.000000 -0.006549 0.999663 0.025131 9.923500 -0.001042 -0.025138 0.999683 -1.227300 0.000000 0.000000 0.000000 1.000000
0.999981 0.005982 0.001421 0.000000 -0.006017 0.999650 0.025763 9.923500 -0.001266 -0.025771 0.999667 -1.227300 0.000000 0.000000 0.000000 1.000000
0.999982 0.005887 0.001294 0.000000 -0.005918 0.999668 0.025066 9.923500 -0.001146 -0.025073 0.999685 -1.227300 0.000000 0.000000 0.000000 1.000000
0.999981 0.006043 0.001018 0.000000 -0.006065 0.999698 0.023827 9.923500 -0.000874 -0.023833 0.999716 -1.227300 0.000000 0.000000 0.000000 1.000000
0.999981 0.006101 0.001019 0.000000 -0.006123 0.999711 0.023250 9.923500 -0.000877 -0.023256 0.999729 -1.227300 0.000000 0.000000 0.000000 1.000000
0.999981 0.005970 0.001695 -0.000000 -0.006009 0.999704 0.023580 9.923500 -0.001554 -0.023590 0.999721 -1.227300 0.000000 0.000000 0.000000 1.000000
0.999978 0.005942 0.003081 0.000000 -0.006015 0.999688 0.024254 9.923500 -0.002936 -0.024272 0.999701 -1.227300 0.000000 0.000000 0.000000 1.000000
0.999969 0.006290 0.004679 -0.000000 -0.006404 0.999671 0.024844 9.923500 -0.004521 -0.024874 0.999680 -1.227300 0.000000 0.000000 0.000000 1.000000
0.999959 0.006932 0.005742 0.000000 -0.007075 0.999656 0.025275 9.923500 -0.005565 -0.025314 0.999664 -1.227300 0.000000 0.000000 0.000000 1.000000
0.999955 0.007489 0.005874 0.000000 -0.007635 0.999650 0.025324 9.923500 -0.005683 -0.025368 0.999662 -1.227300 0.000000 0.000000 0.000000 1.000000
0.999957 0.007653 0.005332 0.000000 -0.007781 0.999668 0.024550 9.923500 -0.005143 -0.024591 0.999684 -1.227300 0.000000 0.000000 0.000000 1.000000
0.999961 0.007451 0.004662 0.000000 -0.007556 0.999710 0.022878 9.923500 -0.004490 -0.022912 0.999727 -1.227300 0.000000 0.000000 0.000000 1.000000
0.999966 0.007127 0.004174 -0.000000 -0.007213 0.999755 0.020925 9.923500 -0.004024 -0.020955 0.999772 -1.227300 0.000000 0.000000 0.000000 1.000000
0.999969 0.006881 0.003922 0.000000 -0.006956 0.999786 0.019495 9.923500 -0.003787 -0.019521 0.999802 -1.227300 0.000000 0.000000 0.000000 1.000000
0.999970 0.006686 0.003985 -0.000000 -0.006760 0.999799 0.018886 9.923500 -0.003858 -0.018913 0.999814 -1.227300 0.000000 0.000000 0.000000 1.000000
0.999969 0.006447 0.004477 0.000000 -0.006531 0.999802 0.018803 9.923500 -0.004355 -0.018832 0.999813 -1.227300 0.000000 0.000000 0.000000 1.000000
0.999968 0.006091 0.005258 0.000000 -0.006189 0.999804 0.018811 9.923500 -0.005143 -0.018843 0.999809 -1.227300 0.000000 0.000000 0.000000 1.000000
0.999967 0.005585 0.005890 0.000000 -0.005694 0.999809 0.018722 9.923500 -0.005785 -0.018755 0.999807 -1.227300 0.000000 0.000000 0.000000 1.000000
0.999970 0.004911 0.006004 -0.000000 -0.005022 0.999815 0.018591 9.923500 -0.005911 -0.018621 0.999809 -1.227300 0.000000 0.000000 0.000000 1.000000
0.999976 0.004048 0.005628 0.000000 -0.004151 0.999820 0.018505 9.923500 -0.005552 -0.018528 0.999813 -1.227300 0.000000 0.000000 0.000000 1.000000
0.999983 0.002973 0.005079 -0.000000 -0.003067 0.999825 0.018476 9.923500 -0.005024 -0.018491 0.999816 -1.227300 0.000000 0.000000 0.000000 1.000000
0.999988 0.001713 0.004574 0.000000 -0.001797 0.999828 0.018469 9.923500 -0.004541 -0.018477 0.999819 -1.227300 0.000000 0.000000 0.000000 1.000000
0.999992 0.000384 0.004058 0.000000 -0.000459 0.999830 0.018427 9.923500 -0.004050 -0.018429 0.999822 -1.227300 0.000000 0.000000 0.000000 1.000000
0.999994 -0.000878 0.003444 0.000000 0.000816 0.999834 0.018214 9.923500 -0.003460 -0.018211 0.999828 -1.227300 0.000000 0.000000 0.000000 1.000000
0.999994 -0.002097 0.002874 0.000000 0.002046 0.999843 0.017626 9.923500 -0.002910 -0.017620 0.999841 -1.227300 0.000000 0.000000 0.000000 1.000000
0.999991 -0.003489 0.002577 0.000000 0.003446 0.999857 0.016533 9.923500 -0.002635 -0.016524 0.999860 -1.227300 0.000000 0.000000 0.000000 1.000000
0.999983 -0.005206 0.002539 -0.000000 0.005167 0.999875 0.014970 9.923500 -0.002616 -0.014956 0.999885 -1.227300 0.000000 0.000000 0.000000 1.000000
0.999972 -0.007037 0.002514 0.000000 0.007003 0.999890 0.013091 9.923500 -0.002606 -0.013073 0.999911 -1.227300 0.000000 0.000000 0.000000 1.000000
0.999961 -0.008503 0.002380 0.000000 0.008476 0.999902 0.011099 9.923500 -0.002474 -0.011078 0.999936 -1.227300 0.000000 0.000000 0.000000 1.000000
0.999954 -0.009342 0.002271 -0.000000 0.009321 0.999914 0.009185 9.923500 -0.002357 -0.009163 0.999955 -1.227300 0.000000 0.000000 0.000000 1.000000
0.999951 -0.009571 0.002364 -0.000000 0.009553 0.999927 0.007462 9.923500 -0.002435 -0.007439 0.999969 -1.227300 0.000000 0.000000 0.000000 1.000000
0.999952 -0.009426 0.002673 0.000000 0.009410 0.999938 0.005955 9.923500 -0.002729 -0.005929 0.999979 -1.227300 0.000000 0.000000 0.000000 1.000000
0.999954 -0.009101 0.003079 0.000000 0.009086 0.999948 0.004644 9.923500 -0.003121 -0.004615 0.999984 -1.227300 0.000000 0.000000 0.000000 1.000000
0.999955 -0.008777 0.003461 0.000000 0.008764 0.999955 0.003520 9.923500 -0.003492 -0.003489 0.999988 -1.227300 0.000000 0.000000 0.000000 1.000000
0.999958 -0.008415 0.003730 0.000000 0.008405 0.999961 0.002598 9.923500 -0.003752 -0.002566 0.999990 -1.227300 0.000000 0.000000 0.000000 1.000000
0.999960 -0.008102 0.003777 -0.000000 0.008095 0.999965 0.001875 9.923500 -0.003792 -0.001844 0.999991 -1.227300 0.000000 0.000000 0.000000 1.000000
0.999964 -0.007743 0.003510 0.000000 0.007739 0.999969 0.001308 9.923500 -0.003520 -0.001281 0.999993 -1.227300 0.000000 0.000000 0.000000 1.000000
0.999969 -0.007302 0.003005 -0.000000 0.007299 0.999973 0.000861 9.923500 -0.003011 -0.000839 0.999995 -1.227300 0.000000 0.000000 0.000000 1.000000
0.999973 -0.006827 0.002542 0.000000 0.006826 0.999977 0.000527 9.923500 -0.002545 -0.000510 0.999997 -1.227300 0.000000 0.000000 0.000000 1.000000
0.999976 -0.006431 0.002416 0.000000 0.006430 0.999979 0.000296 9.923500 -0.002418 -0.000280 0.999997 -1.227300 0.000000 0.000000 0.000000 1.000000
0.999977 -0.006173 0.002687 0.000000 0.006172 0.999981 0.000126 9.923500 -0.002688 -0.000110 0.999996 -1.227300 0.000000 0.000000 0.000000 1.000000
0.999977 -0.006019 0.003161 0.000000 0.006019 0.999982 -0.000017 9.923500 -0.003161 0.000036 0.999995 -1.227300 0.000000 0.000000 0.000000 1.000000
0.999976 -0.005909 0.003596 0.000000 0.005909 0.999983 -0.000127 9.923500 -0.003595 0.000148 0.999994 -1.227300 0.000000 0.000000 0.000000 1.000000
0.999976 -0.005748 0.003830 0.000000 0.005749 0.999983 -0.000170 9.923500 -0.003829 0.000192 0.999993 -1.227300 0.000000 0.000000 0.000000 1.000000
0.999978 -0.005481 0.003832 0.000000 0.005482 0.999985 -0.000139 9.923500 -0.003831 0.000160 0.999993 -1.227300 0.000000 0.000000 0.000000 1.000000
0.999980 -0.005093 0.003642 -0.000000 0.005093 0.999987 -0.000085 9.923500 -0.003641 0.000103 0.999993 -1.227300 0.000000 0.000000 0.000000 1.000000
0.999984 -0.004618 0.003341 -0.000000 0.004619 0.999989 -0.000070 9.923500 -0.003341 0.000086 0.999994 -1.227300 0.000000 0.000000 0.000000 1.000000</float_array><technique_common><accessor source="#mixamorig_Spine-Matrix-animation-output-transform-array" count="96" stride="16"><param type="float4x4"/></accessor></technique_common></source><source id="mixamorig_Spine-Interpolations"><Name_array id="mixamorig_Spine-Interpolations-array" count="96">
 LINEAR LINEAR LINEAR LINEAR LINEAR LINEAR LINEAR LINEAR LINEAR LINEAR LINEAR
LINEAR LINEAR LINEAR LINEAR LINEAR LINEAR LINEAR LINEAR LINEAR LINEAR LINEAR LINEAR
LINEAR LINEAR LINEAR LINEAR LINEAR LINEAR LINEAR LINEAR LINEAR LINEAR LINEAR LINEAR
LINEAR LINEAR LINEAR LINEAR LINEAR LINEAR LINEAR LINEAR LINEAR LINEAR LINEAR LINEAR
LINEAR LINEAR LINEAR LINEAR LINEAR LINEAR LINEAR LINEAR LINEAR LINEAR LINEAR LINEAR
LINEAR LINEAR LINEAR LINEAR LINEAR LINEAR LINEAR LINEAR LINEAR LINEAR LINEAR LINEAR
LINEAR LINEAR LINEAR LINEAR LINEAR LINEAR LINEAR LINEAR LINEAR LINEAR LINEAR LINEAR
LINEAR LINEAR LINEAR LINEAR LINEAR LINEAR LINEAR LINEAR LINEAR LINEAR LINEAR LINEAR
LINEAR</Name_array><technique_common><accessor source="#mixamorig_Spine-Interpolations-array" count="96"><param type="name"/></accessor></technique_common></source><sampler id="mixamorig_Spine-Matrix-animation-transform"><input semantic="INPUT" source="#mixamorig_Spine-Matrix-animation-input"/><input semantic="OUTPUT" source="#mixamorig_Spine-Matrix-animation-output-transform"/><input semantic="INTERPOLATION" source="#mixamorig_Spine-Interpolations"/></sampler><channel source="#mixamorig_Spine-Matrix-animation-transform" target="mixamorig_Spine/matrix"/></animation>
    <animation id="mixamorig_Spine1-anim" name="mixamorig_Spine1"><source id="mixamorig_Spine1-Matrix-animation-input"><float_array id="mixamorig_Spine1-Matrix-animation-input-array" count="96">

0.000000 0.033333 0.066667 0.100000 0.133333 0.166667 0.200000 0.233333 0.266667 0.300000 0.333333 0.366667 0.400000 0.433333 0.466667 0.500000
0.533333 0.566667 0.600000 0.633333 0.666667 0.700000 0.733333 0.766667 0.800000 0.833333 0.866667 0.900000 0.933333 0.966667 1.000000 1.033333
1.066667 1.100000 1.133333 1.166667 1.200000 1.233333 1.266667 1.300000 1.333333 1.366667 1.400000 1.433333 1.466667 1.500000 1.533333 1.566667
1.600000 1.633333 1.666667 1.700000 1.733333 1.766667 1.800000 1.833333 1.866667 1.900000 1.933333 1.966667 2.000000 2.033333 2.066667 2.100000
2.133333 2.166667 2.200000 2.233333 2.266667 2.300000 2.333333 2.366667 2.400000 2.433333 2.466667 2.500000 2.533333 2.566667 2.600000 2.633333
2.666667 2.700000 2.733333 2.766667 2.800000 2.833333 2.866667 2.900000 2.933333 2.966667 3.000000 3.033333 3.066667 3.100000 3.133333 3.166667</float_array><technique_common><accessor source="#mixamorig_Spine1-Matrix-animation-input-array" count="96"><param name="TIME" type="float"/></accessor></technique_common></source><source id="mixamorig_Spine1-Matrix-animation-output-transform"><float_array id="mixamorig_Spine1-Matrix-animation-output-transform-array" count="1536">

0.999938 -0.008980 0.006645 -0.000100 0.008981 0.999960 -0.000126 11.645400 -0.006644 0.000186 0.999978 -1.422300 0.000000 0.000000 0.000000 1.000000
0.999940 -0.008739 0.006671 -0.000100 0.008737 0.999962 0.000260 11.645400 -0.006673 -0.000201 0.999978 -1.422300 0.000000 0.000000 0.000000 1.000000
0.999940 -0.008655 0.006761 -0.000100 0.008650 0.999962 0.000755 11.645400 -0.006767 -0.000696 0.999977 -1.422300 0.000000 0.000000 0.000000 1.000000
0.999939 -0.008715 0.006811 -0.000100 0.008707 0.999961 0.001246 11.645400 -0.006822 -0.001186 0.999976 -1.422300 0.000000 0.000000 0.000000 1.000000
0.999939 -0.008714 0.006725 -0.000100 0.008705 0.999961 0.001325 11.645400 -0.006736 -0.001267 0.999977 -1.422300 0.000000 0.000000 0.000000 1.000000
0.999945 -0.008143 0.006620 -0.000100 0.008140 0.999967 0.000536 11.645400 -0.006624 -0.000483 0.999978 -1.422300 0.000000 0.000000 0.000000 1.000000
0.999955 -0.006523 0.006911 -0.000100 0.006529 0.999978 -0.000902 11.645400 -0.006905 0.000947 0.999976 -1.422300 0.000000 0.000000 0.000000 1.000000
0.999961 -0.003953 0.007933 -0.000100 0.003966 0.999991 -0.001622 11.645400 -0.007927 0.001653 0.999967 -1.422300 0.000000 0.000000 0.000000 1.000000
0.999955 -0.001204 0.009432 -0.000100 0.001201 0.999999 0.000277 11.645400 -0.009432 -0.000266 0.999955 -1.422300 0.000000 0.000000 0.000000 1.000000
0.999943 0.000920 0.010605 -0.000100 -0.000981 0.999983 0.005748 11.645400 -0.010599 -0.005758 0.999927 -1.422300 0.000000 0.000000 0.000000 1.000000
0.999941 0.002278 0.010605 -0.000100 -0.002425 0.999901 0.013825 11.645400 -0.010572 -0.013850 0.999848 -1.422300 0.000000 0.000000 0.000000 1.000000
0.999954 0.003343 0.008991 -0.000100 -0.003542 0.999747 0.022213 11.645400 -0.008914 -0.022244 0.999713 -1.422300 0.000000 0.000000 0.000000 1.000000
0.999971 0.004596 0.006014 -0.000100 -0.004767 0.999573 0.028838 11.645400 -0.005879 -0.028866 0.999566 -1.422300 0.000000 0.000000 0.000000 1.000000
0.999978 0.006128 0.002712 -0.000100 -0.006214 0.999438 0.032954 11.645400 -0.002509 -0.032970 0.999453 -1.422300 0.000000 0.000000 0.000000 1.000000
0.999970 0.007724 0.000322 -0.000100 -0.007731 0.999357 0.035002 11.645400 -0.000052 -0.035003 0.999387 -1.422300 0.000000 0.000000 0.000000 1.000000
0.999958 0.009131 -0.000731 -0.000100 -0.009099 0.999308 0.036066 11.645400 0.001060 -0.036058 0.999349 -1.422300 0.000000 0.000000 0.000000 1.000000
0.999948 0.010155 -0.001076 -0.000100 -0.010107 0.999249 0.037402 11.645400 0.001455 -0.037389 0.999300 -1.422300 0.000000 0.000000 0.000000 1.000000
0.999942 0.010728 -0.001301 -0.000100 -0.010668 0.999144 0.039962 11.645400 0.001729 -0.039946 0.999200 -1.422300 0.000000 0.000000 0.000000 1.000000
0.999942 0.010737 -0.001114 -0.000100 -0.010677 0.998975 0.043990 11.645400 0.001585 -0.043975 0.999031 -1.422300 0.000000 0.000000 0.000000 1.000000
0.999949 0.010116 -0.000044 -0.000100 -0.010102 0.998750 0.048948 11.645400 0.000539 -0.048945 0.998801 -1.422300 0.000000 0.000000 0.000000 1.000000
0.999959 0.008890 0.001587 -0.000100 -0.008962 0.998504 0.053939 11.645400 -0.001105 -0.053951 0.998543 -1.422300 0.000000 0.000000 0.000000 1.000000
0.999969 0.007141 0.003262 -0.000100 -0.007319 0.998278 0.058205 11.645400 -0.002841 -0.058227 0.998299 -1.422300 0.000000 0.000000 0.000000 1.000000
0.999972 0.005188 0.005374 -0.000100 -0.005507 0.998109 0.061215 11.645400 -0.005046 -0.061243 0.998110 -1.422300 0.000000 0.000000 0.000000 1.000000
0.999956 0.003638 0.008658 -0.000100 -0.004172 0.998033 0.062548 11.645400 -0.008413 -0.062581 0.998004 -1.422300 0.000000 0.000000 0.000000 1.000000
