<?xml version="1.0" encoding="utf-8"?>
<COLLADA xmlns="http://www.collada.org/2005/11/COLLADASchema" version="1.4.1">
  <asset><contributor><author>Mixamo</author><authoring_tool>COLLADA Mixamo exporter</authoring_tool><comments></comments></contributor><created>2018-03-06T11:46:47Z</created><modified>2018-03-06T11:46:47Z</modified><revision></revision><title></title><unit meter="0.010000"/><up_axis>Y_UP</up_axis></asset>
  <library_animations>
    <animation id="mixamorig_Hips-anim" name="mixamorig_Hips"><source id="mixamorig_Hips-Matrix-animation-input"><float_array id="mixamorig_Hips-Matrix-animation-input-array" count="34">

0.000000 0.033333 0.066667 0.100000 0.133333 0.166667 0.200000 0.233333 0.266667 0.300000 0.333333 0.366667 0.400000 0.433333 0.466667 0.500000
0.533333 0.566667 0.600000 0.633333 0.666667 0.700000 0.733333 0.766667 0.800000 0.833333 0.866667 0.900000 0.933333 0.966667 1.000000 1.033333
1.066667 1.100000</float_array><technique_common><accessor source="#mixamorig_Hips-Matrix-animation-input-array" count="34"><param name="TIME" type="float"/></accessor></technique_common></source><source id="mixamorig_Hips-Matrix-animation-output-transform"><float_array id="mixamorig_Hips-Matrix-animation-output-transform-array" count="544">

0.997108 -0.037200 0.066269 -0.098656 0.041006 0.997530 -0.057027 99.786232 -0.063984 0.059579 0.996171 0.216158 0.000000 0.000000 0.000000 1.000000
0.994686 -0.051085 0.089390 -0.191568 0.058154 0.995228 -0.078354 100.554054 -0.084961 0.083136 0.992910 4.929601 0.000000 0.000000 0.000000 1.000000
0.993683 -0.049677 0.100627 -0.223416 0.058274 0.994729 -0.084371 100.306732 -0.095906 0.089702 0.991340 9.582157 0.000000 0.000000 0.000000 1.000000
0.994316 -0.039183 0.098996 -0.178859 0.048008 0.994928 -0.088394 99.175217 -0.095031 0.092644 0.991154 14.263556 0.000000 0.000000 0.000000 1.000000
0.995258 -0.028825 0.092906 -0.056860 0.037816 0.994613 -0.096514 97.364655 -0.089623 0.099570 0.990986 19.021307 0.000000 0.000000 0.000000 1.000000
0.996121 -0.032747 0.081672 0.148497 0.040995 0.993996 -0.101450 95.320312 -0.077859 0.104405 0.991483 23.723278 0.000000 0.000000 0.000000 1.000000
0.995948 -0.062098 0.065046 0.499789 0.068347 0.992766 -0.098712 93.300545 -0.058446 0.102757 0.992988 28.489668 0.000000 0.000000 0.000000 1.000000
0.994676 -0.096171 0.037032 1.060430 0.099275 0.990617 -0.093923 91.354332 -0.027651 0.097099 0.994891 33.936485 0.000000 0.000000 0.000000 1.000000
0.994337 -0.105553 -0.012385 1.751941 0.103878 0.989889 -0.096586 89.753876 0.022454 0.094753 0.995248 39.889576 0.000000 0.000000 0.000000 1.000000
0.993175 -0.098417 -0.062591 2.499696 0.091909 0.990783 -0.099503 88.439926 0.071807 0.093072 0.993067 45.784718 0.000000 0.000000 0.000000 1.000000
0.991585 -0.103322 -0.078002 3.319645 0.096450 0.991505 -0.087262 87.734360 0.086355 0.079005 0.993127 51.364109 0.000000 0.000000 0.000000 1.000000
0.992431 -0.105763 -0.062405 4.065479 0.102103 0.993011 -0.059192 88.175545 0.068229 0.052372 0.996294 56.789757 0.000000 0.000000 0.000000 1.000000
0.995472 -0.086543 -0.039328 4.559148 0.085022 0.995622 -0.038834 89.911888 0.042517 0.035314 0.998471 62.248219 0.000000 0.000000 0.000000 1.000000
0.998083 -0.056311 -0.025659 4.833656 0.055499 0.997967 -0.031339 92.613785 0.027371 0.029855 0.999179 67.837975 0.000000 0.000000 0.000000 1.000000
0.999329 -0.025189 -0.026593 4.934454 0.024518 0.999380 -0.025261 95.431648 0.027213 0.024592 0.999327 73.543777 0.000000 0.000000 0.000000 1.000000
0.999192 0.006684 -0.039622 4.915300 -0.008003 0.999416 -0.033225 97.669258 0.039377 0.033515 0.998662 79.116890 0.000000 0.000000 0.000000 1.000000
0.998317 0.027803 -0.050891 4.870105 -0.030860 0.997703 -0.060303 99.101723 0.049097 0.061772 0.996882 84.386475 0.000000 0.000000 0.000000 1.000000
0.998212 0.031381 -0.050874 4.796141 -0.035930 0.995193 -0.091108 99.896637 0.047771 0.092773 0.994541 89.447159 0.000000 0.000000 0.000000 1.000000
0.998686 0.022801 -0.045894 4.723184 -0.027566 0.993980 -0.106032 99.909195 0.043200 0.107158 0.993303 94.310593 0.000000 0.000000 0.000000 1.000000
0.998872 0.010092 -0.046400 4.687423 -0.015145 0.993830 -0.109874 99.121849 0.045005 0.110452 0.992862 99.014816 0.000000 0.000000 0.000000 1.000000
0.998180 0.000486 -0.060304 4.711934 -0.007022 0.994101 -0.108227 97.620079 0.059896 0.108454 0.992295 103.697884 0.000000 0.000000 0.000000 1.000000
0.996972 -0.003796 -0.077671 4.665216 -0.004477 0.994349 -0.106065 95.553238 0.077634 0.106092 0.991321 108.496483 0.000000 0.000000 0.000000 1.000000
0.995899 -0.002044 -0.090454 4.442552 -0.006823 0.995202 -0.097603 93.245659 0.090219 0.097820 0.991106 113.554970 0.000000 0.000000 0.000000 1.000000
0.995632 0.007585 -0.093056 4.029798 -0.014847 0.996874 -0.077598 90.672653 0.092177 0.078641 0.992632 119.256729 0.000000 0.000000 0.000000 1.000000
0.996916 0.022931 -0.075050 3.446854 -0.027511 0.997785 -0.060574 88.500298 0.073494 0.062451 0.995338 125.312119 0.000000 0.000000 0.000000 1.000000
0.997200 0.041582 -0.062153 2.843533 -0.045305 0.997185 -0.059748 87.194679 0.059494 0.062397 0.996277 131.537643 0.000000 0.000000 0.000000 1.000000
0.996351 0.059828 -0.060871 2.307705 -0.063387 0.996283 -0.058326 87.017540 0.057155 0.061971 0.996440 138.025543 0.000000 0.000000 0.000000 1.000000
0.996216 0.069708 -0.051913 1.633502 -0.071854 0.996585 -0.040683 87.661461 0.048899 0.044260 0.997823 144.034088 0.000000 0.000000 0.000000 1.000000
0.997370 0.063151 -0.035571 0.948076 -0.063832 0.997792 -0.018334 89.515602 0.034334 0.020556 0.999199 149.643936 0.000000 0.000000 0.000000 1.000000
0.998943 0.040069 -0.022502 0.522273 -0.040230 0.999168 -0.006718 92.043549 0.022214 0.007616 0.999724 154.943542 0.000000 0.000000 0.000000 1.000000
0.999816 0.016860 -0.009192 0.259921 -0.016874 0.999857 -0.001408 94.738243 0.009167 0.001563 0.999957 160.391098 0.000000 0.000000 0.000000 1.000000
0.999945 -0.005553 0.008911 0.066058 0.005625 0.999951 -0.008103 97.034843 -0.008866 0.008153 0.999927 165.791489 0.000000 0.000000 0.000000 1.000000
0.999068 -0.026848 0.033805 -0.085936 0.027955 0.999073 -0.032729 98.841652 -0.032895 0.033643 0.998892 170.970764 0.000000 0.000000 0.000000 1.000000
0.997108 -0.037200 0.066269 -0.098661 0.041006 0.997530 -0.057027 99.786240 -0.063984 0.059579 0.996171 176.025146 0.000000 0.000000 0.000000 1.000000</float_array><technique_common><accessor source="#mixamorig_Hips-Matrix-animation-output-transform-array" count="34" stride="16"><param type="float4x4"/></accessor></technique_common></source><source id="mixamorig_Hips-Interpolations"><Name_array id="mixamorig_Hips-Interpolations-array" count="34">
 LINEAR LINEAR LINEAR LINEAR LINEAR LINEAR LINEAR LINEAR LINEAR LINEAR LINEAR
LINEAR LINEAR LINEAR LINEAR LINEAR LINEAR LINEAR LINEAR LINEAR LINEAR LINEAR LINEAR
LINEAR LINEAR LINEAR LINEAR LINEAR LINEAR LINEAR LINEAR LINEAR LINEAR LINEAR</Name_array><technique_common><accessor source="#mixamorig_Hips-Interpolations-array" count="34"><param type="name"/></accessor></technique_common></source><sampler id="mixamorig_Hips-Matrix-animation-transform"><input semantic="INPUT" source="#mixamorig_Hips-Matrix-animation-input"/><input semantic="OUTPUT" source="#mixamorig_Hips-Matrix-animation-output-transform"/><input semantic="INTERPOLATION" source="#mixamorig_Hips-Interpolations"/></sampler><channel source="#mixamorig_Hips-Matrix-animation-transform" target="mixamorig_Hips/matrix"/></animation>
    <animation id="mixamorig_Spine-anim" name="mixamorig_Spine"><source id="mixamorig_Spine-Matrix-animation-input"><float_array id="mixamorig_Spine-Matrix-animation-input-array" count="34">

0.000000 0.033333 0.066667 0.100000 0.133333 0.166667 0.200000 0.233333 0.266667 0.300000 0.333333 0.366667 0.400000 0.433333 0.466667 0.500000
0.533333 0.566667 0.600000 0.633333 0.666667 0.700000 0.733333 0.766667 0.800000 0.833333 0.866667 0.900000 0.933333 0.966667 1.000000 1.033333
1.066667 1.100000</float_array><technique_common><accessor source="#mixamorig_Spine-Matrix-animation-input-array" count="34"><param name="TIME" type="float"/></accessor></technique_common></source><source id="mixamorig_Spine-Matrix-animation-output-transform"><float_array id="mixamorig_Spine-Matrix-animation-output-transform-array" count="544">

0.991712 0.086396 0.095099 0.000000 -0.071426 0.985967 -0.150891 9.923500 -0.106800 0.142847 0.983966 -1.227300 0.000000 0.000000 0.000000 1.000000
0.989414 0.108872 0.095952 0.000000 -0.094514 0.985166 -0.143229 9.923500 -0.110122 0.132644 0.985027 -1.227300 0.000000 0.000000 0.000000 1.000000
0.988972 0.113094 0.095628 0.000000 -0.098271 0.984153 -0.147602 9.923500 -0.110805 0.136577 0.984413 -1.227300 0.000000 0.000000 0.000000 1.000000
0.989688 0.107657 0.094483 0.000000 -0.092567 0.984086 -0.151679 9.923500 -0.109309 0.141369 0.983904 -1.227300 0.000000 0.000000 0.000000 1.000000
0.990850 0.102037 0.088345 0.000000 -0.087917 0.984594 -0.151147 9.923500 -0.102406 0.141997 0.984556 -1.227300 0.000000 0.000000 0.000000 1.000000
0.990890 0.109018 0.079072 0.000000 -0.095576 0.982895 -0.157427 9.923500 -0.094882 0.148435 0.984360 -1.227300 0.000000 0.000000 0.000000 1.000000
0.988153 0.137744 0.067680 0.000000 -0.124420 0.977173 -0.172199 9.923500 -0.089854 0.161738 0.982734 -1.227300 0.000000 0.000000 0.000000 1.000000
0.983565 0.169420 0.062427 0.000000 -0.156044 0.971553 -0.178141 9.923500 -0.090832 0.165472 0.982023 -1.227300 0.000000 0.000000 0.000000 1.000000
0.980813 0.181575 0.070966 0.000000 -0.167744 0.971519 -0.167371 9.923500 -0.099335 0.152256 0.983336 -1.227300 0.000000 0.000000 0.000000 1.000000
0.981624 0.178439 0.067635 0.000000 -0.166014 0.973315 -0.158419 9.923500 -0.094098 0.144279 0.985053 -1.227300 0.000000 0.000000 0.000000 1.000000
0.983586 0.178544 0.026099 0.000000 -0.171730 0.970653 -0.168348 9.923500 -0.055391 0.161102 0.985382 -1.227300 0.000000 0.000000 0.000000 1.000000
0.985616 0.166872 -0.026751 0.000000 -0.168934 0.968271 -0.184153 9.923500 -0.004828 0.186023 0.982534 -1.227300 0.000000 0.000000 0.000000 1.000000
0.989401 0.133918 -0.056138 0.000000 -0.142184 0.971958 -0.187301 9.923500 0.029481 0.193298 0.980697 -1.227300 0.000000 0.000000 0.000000 1.000000
0.993072 0.093519 -0.071145 0.000000 -0.105106 0.977666 -0.181994 9.923500 0.052536 0.188211 0.980722 -1.227300 0.000000 0.000000 0.000000 1.000000
0.994622 0.052985 -0.088992 0.000000 -0.068273 0.981541 -0.178653 9.923500 0.077883 0.183768 0.979879 -1.227300 0.000000 0.000000 0.000000 1.000000
0.994873 0.013897 -0.100175 0.000000 -0.030761 0.985164 -0.168834 9.923500 0.096343 0.171050 0.980541 -1.227300 0.000000 0.000000 0.000000 1.000000
0.993279 -0.014980 -0.114770 -0.000000 -0.002070 0.989131 -0.147020 9.923500 0.115725 0.146269 0.982453 -1.227300 0.000000 0.000000 0.000000 1.000000
0.990340 -0.027482 -0.135911 0.000000 0.010362 0.992090 -0.125102 9.923500 0.138274 0.122485 0.982791 -1.227300 0.000000 0.000000 0.000000 1.000000
0.988777 -0.026293 -0.147067 -0.000000 0.008284 0.992526 -0.121749 9.923500 0.149169 0.119164 0.981605 -1.227300 0.000000 0.000000 0.000000 1.000000
0.989281 -0.020221 -0.144617 0.000000 0.001008 0.991288 -0.131711 9.923500 0.146020 0.130154 0.980682 -1.227300 0.000000 0.000000 0.000000 1.000000
0.991117 -0.016950 -0.131909 -0.000000 -0.002630 0.989153 -0.146865 9.923500 0.132967 0.145907 0.980322 -1.227300 0.000000 0.000000 0.000000 1.000000
0.992840 -0.015754 -0.118412 -0.000000 -0.003360 0.987191 -0.159509 9.923500 0.119408 0.158765 0.980069 -1.227300 0.000000 0.000000 0.000000 1.000000
0.993586 -0.016871 -0.111817 0.000000 -0.002819 0.984804 -0.173644 9.923500 0.113047 0.172845 0.978440 -1.227300 0.000000 0.000000 0.000000 1.000000
0.993199 -0.025290 -0.113647 -0.000000 0.003152 0.981606 -0.190893 9.923500 0.116384 0.189237 0.975010 -1.227300 0.000000 0.000000 0.000000 1.000000
0.991311 -0.042761 -0.124393 0.000000 0.017096 0.979548 -0.200484 9.923500 0.130422 0.196615 0.971768 -1.227300 0.000000 0.000000 0.000000 1.000000
0.990280 -0.065067 -0.122933 0.000000 0.039689 0.979274 -0.198612 9.923500 0.133308 0.191803 0.972338 -1.227300 0.000000 0.000000 0.000000 1.000000
0.990311 -0.086800 -0.108397 0.000000 0.065293 0.979957 -0.188203 9.923500 0.122560 0.179302 0.976130 -1.227300 0.000000 0.000000 0.000000 1.000000
0.991324 -0.093350 -0.092535 0.000000 0.074098 0.978363 -0.193170 9.923500 0.108565 0.184638 0.976792 -1.227300 0.000000 0.000000 0.000000 1.000000
0.994463 -0.076722 -0.071806 0.000000 0.060938 0.977750 -0.200730 9.923500 0.085609 0.195242 0.977012 -1.227300 0.000000 0.000000 0.000000 1.000000
0.998538 -0.040922 -0.035310 -0.000000 0.033029 0.979096 -0.200699 9.923500 0.042785 0.199240 0.979016 -1.227300 0.000000 0.000000 0.000000 1.000000
0.999937 -0.004618 0.010220 0.000000 0.006515 0.980936 -0.194220 9.923500 -0.009129 0.194274 0.980905 -1.227300 0.000000 0.000000 0.000000 1.000000
0.998141 0.031311 0.052285 -0.000000 -0.021187 0.982694 -0.184018 9.923500 -0.057142 0.182568 0.981531 -1.227300 0.000000 0.000000 0.000000 1.000000
0.994258 0.067320 0.083175 0.000000 -0.052696 0.984555 -0.166957 9.923500 -0.093130 0.161615 0.982450 -1.227300 0.000000 0.000000 0.000000 1.000000
0.991712 0.086396 0.095098 0.000000 -0.071426 0.985967 -0.150891 9.923500 -0.106800 0.142847 0.983966 -1.227300 0.000000 0.000000 0.000000 1.000000</float_array><technique_common><accessor source="#mixamorig_Spine-Matrix-animation-output-transform-array" count="34" stride="16"><param type="float4x4"/></accessor></technique_common></source><source id="mixamorig_Spine-Interpolations"><Name_array id="mixamorig_Spine-Interpolations-array" count="34">
 LINEAR LINEAR LINEAR LINEAR LINEAR LINEAR LINEAR LINEAR LINEAR LINEAR LINEAR
LINEAR LINEAR LINEAR LINEAR LINEAR LINEAR LINEAR LINEAR LINEAR LINEAR LINEAR LINEAR
LINEAR LINEAR LINEAR LINEAR LINEAR LINEAR LINEAR LINEAR LINEAR LINEAR LINEAR</Name_array><technique_common><accessor source="#mixamorig_Spine-Interpolations-array" count="34"><param type="name"/></accessor></technique_common></source><sampler id="mixamorig_Spine-Matrix-animation-transform"><input semantic="INPUT" source="#mixamorig_Spine-Matrix-animation-input"/><input semantic="OUTPUT" source="#mixamorig_Spine-Matrix-animation-output-transform"/><input semantic="INTERPOLATION" source="#mixamorig_Spine-Interpolations"/></sampler><channel source="#mixamorig_Spine-Matrix-animation-transform" target="mixamorig_Spine/matrix"/></animation>
    <animation id="mixamorig_Spine1-anim" name="mixamorig_Spine1"><source id="mixamorig_Spine1-Matrix-animation-input"><float_array id="mixamorig_Spine1-Matrix-animation-input-array" count="34">

0.000000 0.033333 0.066667 0.100000 0.133333 0.166667 0.200000 0.233333 0.266667 0.300000 0.333333 0.366667 0.400000 0.433333 0.466667 0.500000
0.533333 0.566667 0.600000 0.633333 0.666667 0.700000 0.733333 0.766667 0.800000 0.833333 0.866667 0.900000 0.933333 0.966667 1.000000 1.033333
1.066667 1.100000</float_array><technique_common><accessor source="#mixamorig_Spine1-Matrix-animation-input-array" count="34"><param name="TIME" type="float"/></accessor></technique_common></source><source id="mixamorig_Spine1-Matrix-animation-output-transform"><float_array id="mixamorig_Spine1-Matrix-animation-output-transform-array" count="544">

0.999454 0.013584 0.030105 -0.000100 -0.013332 0.999875 -0.008553 11.645400 -0.030218 0.008147 0.999510 -1.422300 0.000000 0.000000 0.000000 1.000000
0.999364 0.017372 0.031145 -0.000100 -0.017133 0.999822 -0.007948 11.645400 -0.031277 0.007410 0.999483 -1.422300 0.000000 0.000000 0.000000 1.000000
0.999350 0.017814 0.031337 -0.000100 -0.017565 0.999812 -0.008206 11.645400 -0.031478 0.007651 0.999475 -1.422300 0.000000 0.000000 0.000000 1.000000
0.999367 0.017689 0.030849 -0.000100 -0.017425 0.999809 -0.008804 11.645400 -0.030999 0.008261 0.999485 -1.422300 0.000000 0.000000 0.000000 1.000000
0.999419 0.018178 0.028815 -0.000100 -0.017924 0.999799 -0.009030 11.645400 -0.028974 0.008509 0.999544 -1.422300 0.000000 0.000000 0.000000 1.000000
0.999436 0.020378 0.026686 -0.000100 -0.020132 0.999753 -0.009453 11.645400 -0.026872 0.008911 0.999599 -1.422300 0.000000 0.000000 0.000000 1.000000
0.999356 0.025330 0.025427 -0.000100 -0.025079 0.999634 -0.010150 11.645400 -0.025674 0.009506 0.999625 -1.422300 0.000000 0.000000 0.000000 1.000000
0.999112 0.033430 0.025633 -0.000100 -0.033151 0.999387 -0.011217 11.645400 -0.025992 0.010357 0.999608 -1.422300 0.000000 0.000000 0.000000 1.000000
0.998814 0.039835 0.027992 -0.000100 -0.039548 0.999160 -0.010746 11.645400 -0.028396 0.009626 0.999550 -1.422300 0.000000 0.000000 0.000000 1.000000
0.998798 0.041022 0.026845 -0.000100 -0.040830 0.999137 -0.007674 11.645400 -0.027137 0.006569 0.999610 -1.422300 0.000000 0.000000 0.000000 1.000000
0.999083 0.039435 0.016654 -0.000100 -0.039351 0.999211 -0.005321 11.645400 -0.016851 0.004661 0.999847 -1.422300 0.000000 0.000000 0.000000 1.000000
0.999364 0.035560 0.002728 -0.000100 -0.035545 0.999354 -0.005272 11.645400 -0.002914 0.005172 0.999982 -1.422300 0.000000 0.000000 0.000000 1.000000
0.999599 0.027360 -0.007327 -0.000100 -0.027410 0.999600 -0.006913 11.645400 0.007135 0.007111 0.999949 -1.422300 0.000000 0.000000 0.000000 1.000000
0.999751 0.017220 -0.014179 -0.000100 -0.017342 0.999813 -0.008525 11.645400 0.014029 0.008769 0.999863 -1.422300 0.000000 0.000000 0.000000 1.000000
0.999726 0.009416 -0.021434 -0.000100 -0.009613 0.999913 -0.009079 11.645400 0.021346 0.009283 0.999729 -1.422300 0.000000 0.000000 0.000000 1.000000
0.999645 0.000946 -0.026624 -0.000100 -0.001121 0.999978 -0.006578 11.645400 0.026617 0.006606 0.999624 -1.422300 0.000000 0.000000 0.000000 1.000000
0.999473 -0.005320 -0.032022 -0.000100 0.005207 0.999980 -0.003616 11.645400 0.032040 0.003448 0.999481 -1.422300 0.000000 0.000000 0.000000 1.000000
0.999242 -0.007251 -0.038248 -0.000100 0.007174 0.999972 -0.002153 11.645400 0.038263 0.001877 0.999266 -1.422300 0.000000 0.000000 0.000000 1.000000
0.999128 -0.006784 -0.041185 -0.000100 0.006698 0.999975 -0.002208 11.645400 0.041199 0.001930 0.999149 -1.422300 0.000000 0.000000 0.000000 1.000000
0.999176 -0.005228 -0.040261 -0.000100 0.005122 0.999983 -0.002742 11.645400 0.040275 0.002534 0.999185 -1.422300 0.000000 0.000000 0.000000 1.000000
0.999321 -0.003251 -0.036699 -0.000100 0.003091 0.999985 -0.004432 11.645400 0.036713 0.004315 0.999317 -1.422300 0.000000 0.000000 0.000000 1.000000
0.999452 -0.002654 -0.032989 -0.000100 0.002450 0.999978 -0.006224 11.645400 0.033005 0.006140 0.999436 -1.422300 0.000000 0.000000 0.000000 1.000000
0.999502 -0.004049 -0.031288 -0.000100 0.003791 0.999958 -0.008295 11.645400 0.031320 0.008172 0.999476 -1.422300 0.000000 0.000000 0.000000 1.000000
0.999459 -0.007229 -0.032092 -0.000100 0.006881 0.999917 -0.010918 11.645400 0.032168 0.010691 0.999425 -1.422300 0.000000 0.000000 0.000000 1.000000
0.999289 -0.011426 -0.035938 -0.000100 0.011061 0.999885 -0.010350 11.645400 0.036052 0.009945 0.999300 -1.422300 0.000000 0.000000 0.000000 1.000000
0.999193 -0.015616 -0.037013 -0.000100 0.015394 0.999862 -0.006257 11.645400 0.037105 0.005682 0.999295 -1.422300 0.000000 0.000000 0.000000 1.000000
0.999238 -0.018418 -0.034405 -0.000100 0.018187 0.999810 -0.007000 11.645400 0.034527 0.006369 0.999383 -1.422300 0.000000 0.000000 0.000000 1.000000
0.999315 -0.020521 -0.030800 -0.000100 0.020342 0.999774 -0.006118 11.645400 0.030918 0.005488 0.999507 -1.422300 0.000000 0.000000 0.000000 1.000000
0.999550 -0.017533 -0.024341 -0.000100 0.017371 0.999826 -0.006836 11.645400 0.024457 0.006410 0.999680 -1.422300 0.000000 0.000000 0.000000 1.000000
0.999876 -0.009994 -0.012135 -0.000100 0.009897 0.999919 -0.008050 11.645400 0.012215 0.007929 0.999894 -1.422300 0.000000 0.000000 0.000000 1.000000
0.999995 -0.001893 0.002538 -0.000100 0.001918 0.999952 -0.009648 11.645400 -0.002520 0.009653 0.999950 -1.422300 0.000000 0.000000 0.000000 1.000000
0.999856 0.005359 0.016071 -0.000100 -0.005202 0.999938 -0.009799 11.645400 -0.016122 0.009714 0.999823 -1.422300 0.000000 0.000000 0.000000 1.000000
0.999594 0.011115 0.026247 -0.000100 -0.010888 0.999903 -0.008742 11.645400 -0.026342 0.008452 0.999617 -1.422300 0.000000 0.000000 0.000000 1.000000
0.999454 0.013584 0.030105 -0.000100 -0.013332 0.999875 -0.008553 11.645400 -0.030218 0.008147 0.999510 -1.422300 0.000000 0.000000 0.000000 1.000000</float_array><technique_common><accessor source="#mixamorig_Spine1-Matrix-animation-output-transform-array" count="34" stride="16"><param type="float4x4"/></accessor></technique_common></source><source id="mixamorig_Spine1-Interpolations"><Name_array id="mixamorig_Spine1-Interpolations-array" count="34">
 LINEAR LINEAR LINEAR LINEAR LINEAR LINEAR LINEAR LINEAR LINEAR LINEAR LINEAR
LINEAR LINEAR LINEAR LINEAR LINEAR LINEAR LINEAR LINEAR LINEAR LINEAR LINEAR LINEAR
LINEAR LINEAR LINEAR LINEAR LINEAR LINEAR LINEAR LINEAR LINEAR LINEAR LINEAR</Name_array><technique_common><accessor source="#mixamorig_Spine1-Interpolations-array" count="34"><param type="name"/></accessor></technique_common></source><sampler id="mixamorig_Spine1-Matrix-animation-transform"><input semantic="INPUT" source="#mixamorig_Spine1-Matrix-animation-input"/><input semantic="OUTPUT" source="#mixamorig_Spine1-Matrix-animation-output-transform"/><input semantic="INTERPOLATION" source="#mixamorig_Spine1-Interpolations"/></sampler><channel source="#mixamorig_Spine1-Matrix-animation-transform" target="mixamorig_Spine1/matrix"/></animation>
    <animation id="mixamorig_Spine2-anim" name="mixamorig_Spine2"><source id="mixamorig_Spine2-Matrix-animation-input"><float_array id="mixamorig_Spine2-Matrix-animation-input-array" count="34">

0.000000 0.033333 0.066667 0.100000 0.133333 0.166667 0.200000 0.233333 0.266667 0.300000 0.333333 0.366667 0.400000 0.433333 0.466667 0.500000
0.533333 0.566667 0.600000 0.633333 0.666667 0.700000 0.733333 0.766667 0.800000 0.833333 0.866667 0.900000 0.933333 0.966667 1.000000 1.033333
1.066667 1.100000</float_array><technique_common><accessor source="#mixamorig_Spine2-Matrix-animation-input-array" count="34"><param name="TIME" type="float"/></accessor></technique_common></source><source id="mixamorig_Spine2-Matrix-animation-output-transform"><float_array id="mixamorig_Spine2-Matrix-animation-output-transform-array" count="544">

0.999447 0.013703 0.030290 0.000100 -0.013456 0.999874 -0.008366 13.360200 -0.030401 0.007954 0.999506 -1.626500 0.000000 0.000000 0.000000 1.000000
0.999354 0.017492 0.031396 0.000100 -0.017259 0.999822 -0.007676 13.360200 -0.031524 0.007130 0.999478 -1.626500 0.000000 0.000000 0.000000 1.000000
0.999339 0.017942 0.031606 0.000100 -0.017700 0.999812 -0.007921 13.360200 -0.031743 0.007357 0.999469 -1.626500 0.000000 0.000000 0.000000 1.000000
0.999356 0.017834 0.031125 0.000100 -0.017576 0.999809 -0.008520 13.360200 -0.031271 0.007967 0.999479 -1.626500 0.000000 0.000000 0.000000 1.000000
0.999408 0.018329 0.029111 0.000100 -0.018082 0.999798 -0.008743 13.360200 -0.029265 0.008212 0.999538 -1.626500 0.000000 0.000000 0.000000 1.000000
0.999423 0.020543 0.027056 0.000100 -0.020302 0.999752 -0.009131 13.360200 -0.027236 0.008576 0.999592 -1.626500 0.000000 0.000000 0.000000 1.000000
0.999337 0.025525 0.025962 0.000100 -0.025280 0.999633 -0.009734 13.360200 -0.026201 0.009071 0.999616 -1.626500 0.000000 0.000000 0.000000 1.000000
0.999084 0.033684 0.026380 0.000100 -0.033414 0.999385 -0.010618 13.360200 -0.026721 0.009727 0.999596 -1.626500 0.000000 0.000000 0.000000 1.000000
0.998779 0.040115 0.028835 0.000100 -0.039843 0.999156 -0.009947 13.360200 -0.029209 0.008786 0.999535 -1.626500 0.000000 0.000000 0.000000 1.000000
0.998763 0.041242 0.027769 0.000100 -0.041067 0.999133 -0.006866 13.360200 -0.028028 0.005717 0.999591 -1.626500 0.000000 0.000000 0.000000 1.000000
0.999057 0.039626 0.017754 0.000100 -0.039547 0.999206 -0.004775 13.360200 -0.017930 0.004068 0.999831 -1.626500 0.000000 0.000000 0.000000 1.000000
0.999352 0.035774 0.003882 0.000100 -0.035754 0.999348 -0.005092 13.360200 -0.004062 0.004950 0.999979 -1.626500 0.000000 0.000000 0.000000 1.000000
0.999600 0.027529 -0.006455 0.000100 -0.027574 0.999595 -0.006969 13.360200 0.006261 0.007144 0.999955 -1.626500 0.000000 0.000000 0.000000 1.000000
0.999757 0.017299 -0.013675 0.000100 -0.017418 0.999811 -0.008650 13.360200 0.013523 0.008886 0.999869 -1.626500 0.000000 0.000000 0.000000 1.000000
0.999732 0.009430 -0.021141 0.000100 -0.009626 0.999911 -0.009202 13.360200 0.021052 0.009403 0.999734 -1.626500 0.000000 0.000000 0.000000 1.000000
0.999647 0.000957 -0.026546 0.000100 -0.001133 0.999978 -0.006594 13.360200 0.026540 0.006622 0.999626 -1.626500 0.000000 0.000000 0.000000 1.000000
0.999471 -0.005271 -0.032089 0.000100 0.005161 0.999981 -0.003510 13.360200 0.032107 0.003342 0.999479 -1.626500 0.000000 0.000000 0.000000 1.000000
0.999240 -0.007162 -0.038324 0.000100 0.007090 0.999973 -0.002008 13.360200 0.038338 0.001735 0.999263 -1.626500 0.000000 0.000000 0.000000 1.000000
0.999127 -0.006711 -0.041231 0.000100 0.006630 0.999976 -0.002088 13.360200 0.041244 0.001813 0.999147 -1.626500 0.000000 0.000000 0.000000 1.000000
0.999175 -0.005208 -0.040267 0.000100 0.005105 0.999983 -0.002677 13.360200 0.040280 0.002469 0.999185 -1.626500 0.000000 0.000000 0.000000 1.000000
0.999322 -0.003283 -0.036663 0.000100 0.003123 0.999985 -0.004414 13.360200 0.036677 0.004297 0.999318 -1.626500 0.000000 0.000000 0.000000 1.000000
0.999453 -0.002694 -0.032956 0.000100 0.002492 0.999978 -0.006189 13.360200 0.032972 0.006103 0.999438 -1.626500 0.000000 0.000000 0.000000 1.000000
0.999501 -0.004092 -0.031324 0.000100 0.003837 0.999959 -0.008188 13.360200 0.031356 0.008063 0.999476 -1.626500 0.000000 0.000000 0.000000 1.000000
0.999453 -0.007336 -0.032233 0.000100 0.006994 0.999918 -0.010717 13.360200 0.032309 0.010485 0.999423 -1.626500 0.000000 0.000000 0.000000 1.000000
0.999278 -0.011626 -0.036162 0.000100 0.011270 0.999886 -0.010042 13.360200 0.036274 0.009627 0.999296 -1.626500 0.000000 0.000000 0.000000 1.000000
0.999178 -0.015819 -0.037315 0.000100 0.015612 0.999861 -0.005836 13.360200 0.037403 0.005249 0.999286 -1.626500 0.000000 0.000000 0.000000 1.000000
0.999221 -0.018444 -0.034881 0.000100 0.018229 0.999813 -0.006464 13.360200 0.034993 0.005823 0.999371 -1.626500 0.000000 0.000000 0.000000 1.000000
0.999296 -0.020534 -0.031396 0.000100 0.020370 0.999777 -0.005541 13.360200 0.031502 0.004897 0.999492 -1.626500 0.000000 0.000000 0.000000 1.000000
0.999536 -0.017557 -0.024884 0.000100 0.017403 0.999828 -0.006391 13.360200 0.024991 0.005955 0.999670 -1.626500 0.000000 0.000000 0.000000 1.000000
0.999872 -0.010005 -0.012453 0.000100 0.009908 0.999920 -0.007839 13.360200 0.012530 0.007714 0.999892 -1.626500 0.000000 0.000000 0.000000 1.000000
0.999995 -0.001862 0.002454 0.000100 0.001886 0.999952 -0.009567 13.360200 -0.002436 0.009572 0.999951 -1.626500 0.000000 0.000000 0.000000 1.000000
0.999855 0.005446 0.016150 0.000100 -0.005290 0.999939 -0.009719 13.360200 -0.016202 0.009632 0.999822 -1.626500 0.000000 0.000000 0.000000 1.000000
0.999588 0.011225 0.026421 0.000100 -0.011002 0.999903 -0.008594 13.360200 -0.026515 0.008300 0.999614 -1.626500 0.000000 0.000000 0.000000 1.000000
0.999447 0.013703 0.030290 0.000100 -0.013456 0.999874 -0.008367 13.360200 -0.030401 0.007954 0.999506 -1.626500 0.000000 0.000000 0.000000 1.000000</float_array><technique_common><accessor source="#mixamorig_Spine2-Matrix-animation-output-transform-array" count="34" stride="16"><param type="float4x4"/></accessor></technique_common></source><source id="mixamorig_Spine2-Interpolations"><Name_array id="mixamorig_Spine2-Interpolations-array" count="34">
 LINEAR LINEAR LINEAR LINEAR LINEAR LINEAR LINEAR LINEAR LINEAR LINEAR LINEAR
LINEAR LINEAR LINEAR LINEAR LINEAR LINEAR LINEAR LINEAR LINEAR LINEAR LINEAR LINEAR
LINEAR LINEAR LINEAR LINEAR LINEAR LINEAR LINEAR LINEAR LINEAR LINEAR LINEAR</Name_array><technique_common><accessor source="#mixamorig_Spine2-Interpolations-array" count="34"><param type="name"/></accessor></technique_common></source><sampler id="mixamorig_Spine2-Matrix-animation-transform"><input semantic="INPUT" source="#mixamorig_Spine2-Matrix-animation-input"/><input semantic="OUTPUT" source="#mixamorig_Spine2-Matrix-animation-output-transform"/><input semantic="INTERPOLATION" source="#mixamorig_Spine2-Interpolations"/></sampler><channel source="#mixamorig_Spine2-Matrix-animation-transform" target="mixamorig_Spine2/matrix"/></animation>
    <animation id="mixamorig_Neck-anim" name="mixamorig_Neck"><source id="mixamorig_Neck-Matrix-animation-input"><float_array id="mixamorig_Neck-Matrix-animation-input-array" count="34">

0.000000 0.033333 0.066667 0.100000 0.133333 0.166667 0.200000 0.233333 0.266667 0.300000 0.333333 0.366667 0.400000 0.433333 0.466667 0.500000
0.533333 0.566667 0.600000 0.633333 0.666667 0.700000 0.733333 0.766667 0.800000 0.833333 0.866667 0.900000 0.933333 0.966667 1.000000 1.033333
1.066667 1.100000</float_array><technique_common><accessor source="#mixamorig_Neck-Matrix-animation-input-array" count="34"><param name="TIME" type="float"/></accessor></technique_common></source><source id="mixamorig_Neck-Matrix-animation-output-transform"><float_array id="mixamorig_Neck-Matrix-animation-output-transform-array" count="544">

0.999472 0.026531 -0.018749 0.000000 -0.022687 0.983087 0.181727 15.032500 0.023253 -0.181206 0.983170 0.792900 0.000000 0.000000 0.000000 1.000000
0.999327 0.032109 -0.017748 0.000000 -0.028321 0.982675 0.183159 15.032500 0.023322 -0.182533 0.982923 0.792900 0.000000 0.000000 0.000000 1.000000
0.999185 0.037105 -0.015877 -0.000000 -0.033560 0.982388 0.183813 15.032500 0.022418 -0.183131 0.982833 0.792900 0.000000 0.000000 0.000000 1.000000
0.999137 0.038994 -0.014329 0.000000 -0.035678 0.982119 0.184847 15.032500 0.021281 -0.184177 0.982663 0.792900 0.000000 0.000000 0.000000 1.000000
0.999163 0.038825 -0.012907 0.000000 -0.035756 0.981938 0.185795 15.032500 0.019887 -0.185178 0.982504 0.792900 0.000000 0.000000 0.000000 1.000000
0.999184 0.038745 -0.011424 0.000000 -0.035942 0.981830 0.186326 15.032500 0.018436 -0.185764 0.982421 0.792900 0.000000 0.000000 0.000000 1.000000
0.999185 0.039128 -0.009907 -0.000000 -0.036628 0.982110 0.184709 15.032500 0.016957 -0.184196 0.982743 0.792900 0.000000 0.000000 0.000000 1.000000
0.999292 0.036251 -0.010098 0.000000 -0.033834 0.982980 0.180571 15.032500 0.016472 -0.180102 0.983510 0.792900 0.000000 0.000000 0.000000 1.000000
0.999471 0.030188 -0.012125 0.000000 -0.027542 0.983564 0.178447 15.032500 0.017312 -0.178018 0.983875 0.792900 0.000000 0.000000 0.000000 1.000000
0.999643 0.023709 -0.012291 0.000000 -0.021097 0.983281 0.180869 15.032500 0.016373 -0.180545 0.983430 0.792900 0.000000 0.000000 0.000000 1.000000
0.999833 0.015938 -0.008946 -0.000000 -0.014011 0.982675 0.184805 15.032500 0.011736 -0.184649 0.982734 0.792900 0.000000 0.000000 0.000000 1.000000
0.999957 0.007494 -0.005468 0.000000 -0.006371 0.983215 0.182340 15.032500 0.006743 -0.182297 0.983220 0.792900 0.000000 0.000000 0.000000 1.000000
0.999988 0.003395 -0.003497 -0.000000 -0.002719 0.984059 0.177823 15.032500 0.004045 -0.177812 0.984056 0.792900 0.000000 0.000000 0.000000 1.000000
0.999997 0.001225 -0.002074 -0.000000 -0.000836 0.983995 0.178196 15.032500 0.002259 -0.178194 0.983993 0.792900 0.000000 0.000000 0.000000 1.000000
0.999988 -0.004952 -0.000503 0.000000 0.004961 0.983379 0.181498 15.032500 -0.000404 -0.181498 0.983391 0.792900 0.000000 0.000000 0.000000 1.000000
0.999942 -0.010721 0.001403 -0.000000 0.010279 0.982818 0.184292 15.032500 -0.003355 -0.184267 0.982871 0.792900 0.000000 0.000000 0.000000 1.000000
0.999862 -0.016316 0.003025 0.000000 0.015463 0.982254 0.186919 15.032500 -0.006021 -0.186847 0.982371 0.792900 0.000000 0.000000 0.000000 1.000000
0.999748 -0.022129 0.003827 0.000000 0.020998 0.981530 0.190153 15.032500 -0.007964 -0.190025 0.981747 0.792900 0.000000 0.000000 0.000000 1.000000
0.999691 -0.024583 0.003565 0.000000 0.023432 0.980896 0.193115 15.032500 -0.008244 -0.192971 0.981170 0.792900 0.000000 0.000000 0.000000 1.000000
0.999701 -0.024325 0.002600 0.000000 0.023353 0.980564 0.194804 15.032500 -0.007288 -0.194685 0.980839 0.792900 0.000000 0.000000 0.000000 1.000000
0.999678 -0.025344 0.000799 0.000000 0.024703 0.980543 0.194746 15.032500 -0.005719 -0.194664 0.980853 0.792900 0.000000 0.000000 0.000000 1.000000
0.999610 -0.027921 -0.000789 0.000000 0.027554 0.981056 0.191755 15.032500 -0.004580 -0.191702 0.981442 0.792900 0.000000 0.000000 0.000000 1.000000
0.999542 -0.030251 -0.000973 0.000000 0.029902 0.981999 0.186504 15.032500 -0.004687 -0.186448 0.982454 0.792900 0.000000 0.000000 0.000000 1.000000
0.999495 -0.031776 -0.000506 0.000000 0.031347 0.983140 0.180149 15.032500 -0.005227 -0.180074 0.983639 0.792900 0.000000 0.000000 0.000000 1.000000
0.999489 -0.031975 -0.000328 0.000000 0.031547 0.984326 0.173514 15.032500 -0.005225 -0.173436 0.984831 0.792900 0.000000 0.000000 0.000000 1.000000
0.999515 -0.031107 -0.001607 0.000000 0.030921 0.984671 0.171661 15.032500 -0.003758 -0.171628 0.985155 0.792900 0.000000 0.000000 0.000000 1.000000
0.999580 -0.028831 -0.003025 0.000000 0.028918 0.984356 0.173801 15.032500 -0.002033 -0.173815 0.984776 0.792900 0.000000 0.000000 0.000000 1.000000
0.999712 -0.023858 -0.002720 0.000000 0.023968 0.984501 0.173736 15.032500 -0.001467 -0.173751 0.984788 0.792900 0.000000 0.000000 0.000000 1.000000
0.999841 -0.017395 -0.003836 0.000000 0.017796 0.984729 0.173179 15.032500 0.000765 -0.173220 0.984883 0.792900 0.000000 0.000000 0.000000 1.000000
0.999922 -0.009392 -0.008228 0.000000 0.010674 0.984852 0.173068 15.032500 0.006478 -0.173142 0.984876 0.792900 0.000000 0.000000 0.000000 1.000000
0.999910 -0.001033 -0.013369 0.000000 0.003338 0.984817 0.173565 15.032500 0.012986 -0.173594 0.984732 0.792900 0.000000 0.000000 0.000000 1.000000
0.999819 0.008320 -0.017109 0.000000 -0.005189 0.984473 0.175460 15.032500 0.018303 -0.175339 0.984338 0.792900 0.000000 0.000000 0.000000 1.000000
0.999656 0.017731 -0.019342 0.000000 -0.013989 0.983778 0.178846 15.032500 0.022199 -0.178513 0.983687 0.792900 0.000000 0.000000 0.000000 1.000000
0.999472 0.026531 -0.018749 0.000000 -0.022687 0.983087 0.181727 15.032500 0.023253 -0.181206 0.983170 0.792900 0.000000 0.000000 0.000000 1.000000</float_array><technique_common><accessor source="#mixamorig_Neck-Matrix-animation-output-transform-array" count="34" stride="16"><param type="float4x4"/></accessor></technique_common></source><source id="mixamorig_Neck-Interpolations"><Name_array id="mixamorig_Neck-Interpolations-array" count="34">
 LINEAR LINEAR LINEAR LINEAR LINEAR LINEAR LINEAR LINEAR LINEAR LINEAR LINEAR
LINEAR LINEAR LINEAR LINEAR LINEAR LINEAR LINEAR LINEAR LINEAR LINEAR LINEAR LINEAR
LINEAR LINEAR LINEAR LINEAR LINEAR LINEAR LINEAR LINEAR LINEAR LINEAR LINEAR</Name_array><technique_common><accessor source="#mixamorig_Neck-Interpolations-array" count="34"><param type="name"/></accessor></technique_common></source><sampler id="mixamorig_Neck-Matrix-animation-transform"><input semantic="INPUT" source="#mixamorig_Neck-Matrix-animation-input"/><input semantic="OUTPUT" source="#mixamorig_Neck-Matrix-animation-output-transform"/><input semantic="INTERPOLATION" source="#mixamorig_Neck-Interpolations"/></sampler><channel source="#mixamorig_Neck-Matrix-animation-transform" target="mixamorig_Neck/matrix"/></animation>
    <animation id="mixamorig_Head-anim" name="mixamorig_Head"><source id="mixamorig_Head-Matrix-animation-input"><float_array id="mixamorig_Head-Matrix-animation-input-array" count="34">

0.000000 0.033333 0.066667 0.100000 0.133333 0.166667 0.200000 0.233333 0.266667 0.300000 0.333333 0.366667 0.400000 0.433333 0.466667 0.500000
0.533333 0.566667 0.600000 0.633333 0.666667 0.700000 0.733333 0.766667 0.800000 0.833333 0.866667 0.900000 0.933333 0.966667 1.000000 1.033333
1.066667 1.100000</float_array><technique_common><accessor source="#mixamorig_Head-Matrix-animation-input-array" count="34"><param name="TIME" type="float"/></accessor></technique_common></source><source id="mixamorig_Head-Matrix-animation-output-transform"><float_array id="mixamorig_Head-Matrix-animation-output-transform-array" count="544">

0.990320 0.065531 -0.122360 0.000000 -0.028515 0.958785 0.282697 10.321800 0.135842 -0.276471 0.951373 3.142400 0.000000 0.000000 0.000000 1.000000
0.989149 0.074945 -0.126359 0.000000 -0.036428 0.958355 0.283248 10.321800 0.142325 -0.275572 0.950686 3.142400 0.000000 0.000000 0.000000 1.000000
0.988675 0.084884 -0.123756 -0.000000 -0.046589 0.957523 0.284569 10.321800 0.142654 -0.275581 0.950634 3.142400 0.000000 0.000000 0.000000 1.000000
0.989027 0.090910 -0.116455 0.000000 -0.053725 0.955604 0.289714 10.321800 0.137623 -0.280279 0.950002 3.142400 0.000000 0.000000 0.000000 1.000000
0.989968 0.091898 -0.107320 0.000000 -0.056337 0.953323 0.296651 10.321800 0.129572 -0.287629 0.948937 3.142400 0.000000 0.000000 0.000000 1.000000
0.990935 0.090280 -0.099484 0.000000 -0.056224 0.951260 0.303223 10.321800 0.122010 -0.294881 0.947712 3.142400 0.000000 0.000000 0.000000 1.000000
0.991742 0.087723 -0.093552 0.000000 -0.055106 0.950179 0.306796 10.321800 0.115804 -0.299107 0.947166 3.142400 0.000000 0.000000 0.000000 1.000000
0.993030 0.076625 -0.089551 0.000000 -0.045786 0.950944 0.305956 10.321800 0.108602 -0.299723 0.947825 3.142400 0.000000 0.000000 0.000000 1.000000
0.994721 0.051736 -0.088619 0.000000 -0.022624 0.952920 0.302378 10.321800 0.100091 -0.298776 0.949060 3.142400 0.000000 0.000000 0.000000 1.000000
0.996489 0.013873 -0.082566 0.000000 0.011809 0.953029 0.302649 10.321800 0.082887 -0.302562 0.949519 3.142400 0.000000 0.000000 0.000000 1.000000
0.997417 -0.030353 -0.065102 0.000000 0.048962 0.950445 0.307014 10.321800 0.052557 -0.309409 0.949476 3.142400 0.000000 0.000000 0.000000 1.000000
0.996609 -0.067416 -0.047174 -0.000000 0.078568 0.949999 0.302207 10.321800 0.024442 -0.304888 0.952074 3.142400 0.000000 0.000000 0.000000 1.000000
0.995550 -0.085771 -0.039034 0.000000 0.093487 0.951043 0.294580 10.321800 0.011857 -0.296918 0.954829 3.142400 0.000000 0.000000 0.000000 1.000000
0.995206 -0.092255 -0.032475 0.000000 0.097714 0.952125 0.289672 10.321800 0.004196 -0.291456 0.956575 3.142400 0.000000 0.000000 0.000000 1.000000
0.995157 -0.097142 -0.015048 -0.000000 0.097410 0.953948 0.283717 10.321800 -0.013206 -0.283809 0.958790 3.142400 0.000000 0.000000 0.000000 1.000000
0.995003 -0.099770 0.003911 0.000000 0.094703 0.955435 0.279598 10.321800 -0.031632 -0.277831 0.960109 3.142400 0.000000 0.000000 0.000000 1.000000
0.994075 -0.106828 0.020063 0.000000 0.097055 0.955470 0.278671 10.321800 -0.048939 -0.275073 0.960177 3.142400 0.000000 0.000000 0.000000 1.000000
0.992836 -0.115112 0.032039 0.000000 0.101573 0.954295 0.281078 10.321800 -0.062930 -0.275810 0.959150 3.142400 0.000000 0.000000 0.000000 1.000000
0.992180 -0.120423 0.032816 0.000000 0.105984 0.951719 0.288096 10.321800 -0.065925 -0.282365 0.957039 3.142400 0.000000 0.000000 0.000000 1.000000
0.992121 -0.122383 0.026817 0.000000 0.109037 0.948851 0.296298 10.321800 -0.061707 -0.291039 0.954719 3.142400 0.000000 0.000000 0.000000 1.000000
0.992250 -0.122478 0.020960 -0.000000 0.110416 0.946451 0.303378 10.321800 -0.056995 -0.298713 0.952640 3.142400 0.000000 0.000000 0.000000 1.000000
0.992054 -0.124594 0.017478 0.000000 0.113311 0.945176 0.306273 10.321800 -0.054679 -0.301859 0.951783 3.142400 0.000000 0.000000 0.000000 1.000000
0.991268 -0.130710 0.017416 0.000000 0.119137 0.944355 0.306595 10.321800 -0.056522 -0.301843 0.951681 3.142400 0.000000 0.000000 0.000000 1.000000
0.990855 -0.133550 0.019267 -0.000000 0.121498 0.945171 0.303135 10.321800 -0.058694 -0.298022 0.952753 3.142400 0.000000 0.000000 0.000000 1.000000
0.991464 -0.129119 0.018112 -0.000000 0.118120 0.948318 0.294519 10.321800 -0.055204 -0.289865 0.955474 3.142400 0.000000 0.000000 0.000000 1.000000
