<?xml version="1.0" encoding="utf-8"?>
<COLLADA xmlns="http://www.collada.org/2005/11/COLLADASchema" version="1.4.1">
  <asset><contributor><author>Mixamo</author><authoring_tool>COLLADA Mixamo exporter</authoring_tool><comments></comments></contributor><created>2018-03-22T12:18:35Z</created><modified>2018-03-22T12:18:35Z</modified><revision></revision><title></title><unit meter="0.010000"/><up_axis>Y_UP</up_axis></asset>
  <library_animations>
    <animation id="mixamorig_Hips-anim" name="mixamorig_Hips"><source id="mixamorig_Hips-Matrix-animation-input"><float_array id="mixamorig_Hips-Matrix-animation-input-array" count="86">

0.000000 0.033333 0.066667 0.100000 0.133333 0.166667 0.200000 0.233333 0.266667 0.300000 0.333333 0.366667 0.400000 0.433333 0.466667 0.500000
0.533333 0.566667 0.600000 0.633333 0.666667 0.700000 0.733333 0.766667 0.800000 0.833333 0.866667 0.900000 0.933333 0.966667 1.000000 1.033333
1.066667 1.100000 1.133333 1.166667 1.200000 1.233333 1.266667 1.300000 1.333333 1.366667 1.400000 1.433333 1.466667 1.500000 1.533333 1.566667
1.600000 1.633333 1.666667 1.700000 1.733333 1.766667 1.800000 1.833333 1.866667 1.900000 1.933333 1.966667 2.000000 2.033333 2.066667 2.100000
2.133333 2.166667 2.200000 2.233333 2.266667 2.300000 2.333333 2.366667 2.400000 2.433333 2.466667 2.500000 2.533333 2.566667 2.600000 2.633333
2.666667 2.700000 2.733333 2.766667 2.800000 2.833333</float_array><technique_common><accessor source="#mixamorig_Hips-Matrix-animation-input-array" count="86"><param name="TIME" type="float"/></accessor></technique_common></source><source id="mixamorig_Hips-Matrix-animation-output-transform"><float_array id="mixamorig_Hips-Matrix-animation-output-transform-array" count="1376">

0.994191 0.057603 -0.090917 -0.008207 -0.051801 0.996544 0.064942 99.005066 0.094343 -0.059855 0.993739 0.346846 0.000000 0.000000 0.000000 1.000000
0.994327 0.057243 -0.089653 -0.021973 -0.051490 0.996541 0.065227 99.000748 0.093077 -0.060241 0.993835 0.341769 0.000000 0.000000 0.000000 1.000000
0.994444 0.056913 -0.088559 -0.037407 -0.051202 0.996539 0.065483 98.997192 0.091979 -0.060585 0.993916 0.336405 0.000000 0.000000 0.000000 1.000000
0.994543 0.056614 -0.087630 -0.054652 -0.050941 0.996540 0.065676 98.993576 0.091045 -0.060854 0.993986 0.332295 0.000000 0.000000 0.000000 1.000000
0.994625 0.056339 -0.086877 -0.073069 -0.050695 0.996540 0.065858 98.990730 0.090287 -0.061100 0.994040 0.330248 0.000000 0.000000 0.000000 1.000000
0.994688 0.056097 -0.086311 -0.092940 -0.050469 0.996539 0.066059 98.989502 0.089718 -0.061352 0.994076 0.329482 0.000000 0.000000 0.000000 1.000000
0.994735 0.055898 -0.085891 -0.114436 -0.050281 0.996537 0.066228 98.988716 0.089296 -0.061561 0.994101 0.328993 0.000000 0.000000 0.000000 1.000000
0.994773 0.055736 -0.085554 -0.135837 -0.050134 0.996540 0.066287 98.987564 0.088952 -0.061652 0.994126 0.328784 0.000000 0.000000 0.000000 1.000000
0.994801 0.055582 -0.085327 -0.155114 -0.049999 0.996551 0.066228 98.986580 0.088714 -0.061618 0.994149 0.329877 0.000000 0.000000 0.000000 1.000000
0.994811 0.055418 -0.085317 -0.172437 -0.049842 0.996564 0.066150 98.986076 0.088690 -0.061554 0.994155 0.333197 0.000000 0.000000 0.000000 1.000000
0.994799 0.055257 -0.085566 -0.188235 -0.049667 0.996574 0.066136 98.986519 0.088928 -0.061542 0.994135 0.339181 0.000000 0.000000 0.000000 1.000000
0.994773 0.055103 -0.085971 -0.201704 -0.049483 0.996579 0.066193 98.987885 0.089324 -0.061593 0.994096 0.347480 0.000000 0.000000 0.000000 1.000000
0.994746 0.054945 -0.086379 -0.212510 -0.049289 0.996582 0.066293 98.989594 0.089726 -0.061687 0.994054 0.356889 0.000000 0.000000 0.000000 1.000000
0.994724 0.054778 -0.086739 -0.221582 -0.049089 0.996584 0.066414 98.991074 0.090080 -0.061806 0.994015 0.366255 0.000000 0.000000 0.000000 1.000000
0.994702 0.054617 -0.087094 -0.229550 -0.048891 0.996583 0.066571 98.992073 0.090433 -0.061960 0.993973 0.375614 0.000000 0.000000 0.000000 1.000000
0.994675 0.054484 -0.087487 -0.235752 -0.048715 0.996578 0.066778 98.992462 0.090826 -0.062160 0.993925 0.385360 0.000000 0.000000 0.000000 1.000000
0.994640 0.054391 -0.087942 -0.240195 -0.048571 0.996569 0.067017 98.992477 0.091285 -0.062386 0.993869 0.395037 0.000000 0.000000 0.000000 1.000000
0.994597 0.054330 -0.088462 -0.243856 -0.048453 0.996557 0.067272 98.992210 0.091813 -0.062622 0.993805 0.404127 0.000000 0.000000 0.000000 1.000000
0.994553 0.054291 -0.088974 -0.247550 -0.048357 0.996544 0.067540 98.991287 0.092333 -0.062870 0.993741 0.412715 0.000000 0.000000 0.000000 1.000000
0.994517 0.054294 -0.089374 -0.251377 -0.048309 0.996528 0.067817 98.989845 0.092746 -0.063128 0.993687 0.421281 0.000000 0.000000 0.000000 1.000000
0.994486 0.054350 -0.089690 -0.254464 -0.048318 0.996507 0.068109 98.988640 0.093079 -0.063400 0.993638 0.429744 0.000000 0.000000 0.000000 1.000000
0.994450 0.054431 -0.090039 -0.255414 -0.048346 0.996484 0.068434 98.988068 0.093447 -0.063701 0.993584 0.436888 0.000000 0.000000 0.000000 1.000000
0.994414 0.054525 -0.090371 -0.254195 -0.048384 0.996456 0.068811 98.988037 0.093802 -0.064055 0.993528 0.442659 0.000000 0.000000 0.000000 1.000000
0.994395 0.054654 -0.090504 -0.252147 -0.048463 0.996421 0.069251 98.988243 0.093965 -0.064477 0.993485 0.448870 0.000000 0.000000 0.000000 1.000000
0.994396 0.054816 -0.090394 -0.250304 -0.048587 0.996382 0.069733 98.987740 0.093890 -0.064951 0.993462 0.455915 0.000000 0.000000 0.000000 1.000000
0.994407 0.054982 -0.090176 -0.248201 -0.048721 0.996341 0.070220 98.985977 0.093707 -0.065434 0.993447 0.461818 0.000000 0.000000 0.000000 1.000000
0.994420 0.055128 -0.089945 -0.245578 -0.048839 0.996302 0.070686 98.983681 0.093509 -0.065899 0.993435 0.465418 0.000000 0.000000 0.000000 1.000000
0.994441 0.055254 -0.089632 -0.243524 -0.048942 0.996264 0.071147 98.981216 0.093229 -0.066365 0.993430 0.467914 0.000000 0.000000 0.000000 1.000000
0.994482 0.055370 -0.089104 -0.243616 -0.049048 0.996224 0.071644 98.977982 0.092735 -0.066878 0.993442 0.471257 0.000000 0.000000 0.000000 1.000000
0.994543 0.055466 -0.088358 -0.245636 -0.049142 0.996178 0.072209 98.973396 0.092025 -0.067473 0.993468 0.475608 0.000000 0.000000 0.000000 1.000000
0.994614 0.055522 -0.087524 -0.247996 -0.049196 0.996129 0.072850 98.967804 0.091230 -0.068151 0.993495 0.479221 0.000000 0.000000 0.000000 1.000000
0.994687 0.055540 -0.086672 -0.250889 -0.049212 0.996079 0.073521 98.961754 0.090416 -0.068865 0.993520 0.481144 0.000000 0.000000 0.000000 1.000000
0.994766 0.055539 -0.085767 -0.256328 -0.049216 0.996032 0.074151 98.955551 0.089545 -0.069542 0.993552 0.482415 0.000000 0.000000 0.000000 1.000000
0.994851 0.055523 -0.084792 -0.265394 -0.049220 0.995990 0.074708 98.949196 0.088600 -0.070150 0.993594 0.484240 0.000000 0.000000 0.000000 1.000000
0.994942 0.055474 -0.083745 -0.278531 -0.049203 0.995955 0.075178 98.942917 0.087577 -0.070678 0.993647 0.487622 0.000000 0.000000 0.000000 1.000000
0.995041 0.055377 -0.082624 -0.295303 -0.049156 0.995932 0.075521 98.938156 0.086470 -0.071085 0.993715 0.493730 0.000000 0.000000 0.000000 1.000000
0.995139 0.055253 -0.081519 -0.313600 -0.049095 0.995921 0.075710 98.936447 0.085370 -0.071340 0.993792 0.502569 0.000000 0.000000 0.000000 1.000000
0.995221 0.055147 -0.080586 -0.332143 -0.049049 0.995916 0.075797 98.936668 0.084437 -0.071482 0.993862 0.513255 0.000000 0.000000 0.000000 1.000000
0.995278 0.055063 -0.079937 -0.350504 -0.049003 0.995912 0.075887 98.936981 0.083789 -0.071612 0.993907 0.525636 0.000000 0.000000 0.000000 1.000000
0.995314 0.054946 -0.079565 -0.368265 -0.048899 0.995904 0.076052 98.936867 0.083418 -0.071805 0.993924 0.539835 0.000000 0.000000 0.000000 1.000000
0.995341 0.054763 -0.079356 -0.386043 -0.048712 0.995896 0.076283 98.936394 0.083208 -0.072062 0.993923 0.555463 0.000000 0.000000 0.000000 1.000000
0.995366 0.054547 -0.079186 -0.405969 -0.048486 0.995887 0.076539 98.935631 0.083035 -0.072345 0.993917 0.572324 0.000000 0.000000 0.000000 1.000000
0.995394 0.054366 -0.078965 -0.429476 -0.048301 0.995877 0.076781 98.935043 0.082814 -0.072613 0.993916 0.590539 0.000000 0.000000 0.000000 1.000000
0.995422 0.054228 -0.078700 -0.454900 -0.048165 0.995868 0.076985 98.934502 0.082550 -0.072842 0.993921 0.609644 0.000000 0.000000 0.000000 1.000000
0.995447 0.054071 -0.078499 -0.478518 -0.048009 0.995862 0.077157 98.934113 0.082347 -0.073037 0.993924 0.628675 0.000000 0.000000 0.000000 1.000000
0.995461 0.053869 -0.078461 -0.498340 -0.047796 0.995860 0.077323 98.934715 0.082301 -0.073222 0.993914 0.647671 0.000000 0.000000 0.000000 1.000000
0.995462 0.053655 -0.078588 -0.515563 -0.047560 0.995859 0.077479 98.937019 0.082419 -0.073390 0.993892 0.667612 0.000000 0.000000 0.000000 1.000000
0.995454 0.053464 -0.078825 -0.531687 -0.047341 0.995860 0.077601 98.940323 0.082647 -0.073517 0.993864 0.687983 0.000000 0.000000 0.000000 1.000000
0.995439 0.053273 -0.079145 -0.545450 -0.047114 0.995860 0.077740 98.942635 0.082959 -0.073657 0.993827 0.705330 0.000000 0.000000 0.000000 1.000000
0.995420 0.053057 -0.079524 -0.555048 -0.046849 0.995853 0.077993 98.943085 0.083332 -0.073910 0.993777 0.716390 0.000000 0.000000 0.000000 1.000000
0.995403 0.052858 -0.079863 -0.561165 -0.046593 0.995835 0.078372 98.943146 0.083673 -0.074291 0.993720 0.721510 0.000000 0.000000 0.000000 1.000000
0.995392 0.052707 -0.080107 -0.564848 -0.046391 0.995814 0.078750 98.945221 0.083922 -0.074671 0.993671 0.722656 0.000000 0.000000 0.000000 1.000000
0.995383 0.052554 -0.080313 -0.564864 -0.046207 0.995808 0.078941 98.949852 0.084125 -0.074865 0.993639 0.720838 0.000000 0.000000 0.000000 1.000000
0.995376 0.052338 -0.080546 -0.559548 -0.045981 0.995825 0.078859 98.955154 0.084337 -0.074790 0.993627 0.716061 0.000000 0.000000 0.000000 1.000000
0.995370 0.052060 -0.080799 -0.549453 -0.045708 0.995860 0.078576 98.958832 0.084555 -0.074519 0.993628 0.707248 0.000000 0.000000 0.000000 1.000000
0.995365 0.051771 -0.081040 -0.537084 -0.045431 0.995901 0.078207 98.960655 0.084757 -0.074163 0.993638 0.693627 0.000000 0.000000 0.000000 1.000000
0.995363 0.051507 -0.081238 -0.524656 -0.045186 0.995944 0.077812 98.962074 0.084916 -0.073780 0.993653 0.676642 0.000000 0.000000 0.000000 1.000000
0.995362 0.051278 -0.081397 -0.512583 -0.044979 0.995983 0.077420 98.964264 0.085040 -0.073400 0.993670 0.658234 0.000000 0.000000 0.000000 1.000000
0.995358 0.051074 -0.081569 -0.499983 -0.044791 0.996018 0.077083 98.966888 0.085181 -0.073071 0.993682 0.639090 0.000000 0.000000 0.000000 1.000000
0.995351 0.050886 -0.081779 -0.485959 -0.044610 0.996047 0.076813 98.969711 0.085365 -0.072808 0.993686 0.620110 0.000000 0.000000 0.000000 1.000000
0.995341 0.050708 -0.082012 -0.470335 -0.044438 0.996075 0.076554 98.973244 0.085572 -0.072553 0.993687 0.602724 0.000000 0.000000 0.000000 1.000000
0.995328 0.050562 -0.082258 -0.453925 -0.044300 0.996104 0.076249 98.977654 0.085793 -0.072248 0.993690 0.586996 0.000000 0.000000 0.000000 1.000000
0.995308 0.050482 -0.082542 -0.438103 -0.044230 0.996135 0.075892 98.981873 0.086054 -0.071885 0.993694 0.571217 0.000000 0.000000 0.000000 1.000000
0.995282 0.050445 -0.082875 -0.423602 -0.044204 0.996167 0.075486 98.985069 0.086365 -0.071466 0.993697 0.554788 0.000000 0.000000 0.000000 1.000000
0.995255 0.050384 -0.083241 -0.409463 -0.044160 0.996206 0.074993 98.988426 0.086704 -0.070961 0.993704 0.539764 0.000000 0.000000 0.000000 1.000000
0.995228 0.050294 -0.083613 -0.393839 -0.044096 0.996254 0.074393 98.993546 0.087041 -0.070351 0.993718 0.527558 0.000000 0.000000 0.000000 1.000000
0.995200 0.050253 -0.083975 -0.376508 -0.044086 0.996303 0.073739 98.999390 0.087370 -0.069683 0.993736 0.516827 0.000000 0.000000 0.000000 1.000000
0.995170 0.050282 -0.084315 -0.358770 -0.044146 0.996346 0.073116 99.004906 0.087684 -0.069041 0.993753 0.507303 0.000000 0.000000 0.000000 1.000000
0.995140 0.050300 -0.084655 -0.340853 -0.044187 0.996382 0.072597 99.011299 0.088001 -0.068503 0.993762 0.502275 0.000000 0.000000 0.000000 1.000000
0.995110 0.050216 -0.085060 -0.321675 -0.044107 0.996412 0.072240 99.019402 0.088382 -0.068135 0.993754 0.503603 0.000000 0.000000 0.000000 1.000000
0.995075 0.050057 -0.085559 -0.301458 -0.043927 0.996431 0.072079 99.027229 0.088862 -0.067966 0.993722 0.508105 0.000000 0.000000 0.000000 1.000000
0.995037 0.049934 -0.086073 -0.282324 -0.043767 0.996436 0.072111 99.032722 0.089367 -0.067986 0.993676 0.511575 0.000000 0.000000 0.000000 1.000000
0.995005 0.049905 -0.086461 -0.266407 -0.043695 0.996426 0.072290 99.036057 0.089760 -0.068151 0.993629 0.513479 0.000000 0.000000 0.000000 1.000000
0.994986 0.049922 -0.086663 -0.253656 -0.043676 0.996409 0.072533 99.038582 0.089973 -0.068384 0.993594 0.516226 0.000000 0.000000 0.000000 1.000000
0.994978 0.049912 -0.086758 -0.242161 -0.043638 0.996393 0.072775 99.041023 0.090077 -0.068624 0.993568 0.521128 0.000000 0.000000 0.000000 1.000000
0.994971 0.049864 -0.086870 -0.230431 -0.043560 0.996379 0.073016 99.043678 0.090196 -0.068865 0.993540 0.527289 0.000000 0.000000 0.000000 1.000000
0.994956 0.049824 -0.087059 -0.218698 -0.043485 0.996365 0.073254 99.046936 0.090393 -0.069099 0.993506 0.533437 0.000000 0.000000 0.000000 1.000000
0.994937 0.049834 -0.087275 -0.208323 -0.043463 0.996352 0.073442 99.050224 0.090616 -0.069277 0.993473 0.538359 0.000000 0.000000 0.000000 1.000000
0.994920 0.049886 -0.087437 -0.200119 -0.043495 0.996344 0.073530 99.052063 0.090785 -0.069353 0.993453 0.540765 0.000000 0.000000 0.000000 1.000000
0.994909 0.049943 -0.087531 -0.193199 -0.043548 0.996343 0.073510 99.052780 0.090882 -0.069324 0.993446 0.540610 0.000000 0.000000 0.000000 1.000000
0.994901 0.049996 -0.087594 -0.186366 -0.043604 0.996347 0.073422 99.054321 0.090945 -0.069228 0.993447 0.539353 0.000000 0.000000 0.000000 1.000000
0.994894 0.050065 -0.087637 -0.180014 -0.043680 0.996352 0.073314 99.056992 0.090987 -0.069111 0.993451 0.538022 0.000000 0.000000 0.000000 1.000000
0.994890 0.050159 -0.087625 -0.175058 -0.043785 0.996355 0.073213 99.059799 0.090978 -0.069002 0.993459 0.536956 0.000000 0.000000 0.000000 1.000000
0.994889 0.050265 -0.087577 -0.171556 -0.043904 0.996358 0.073101 99.062645 0.090932 -0.068882 0.993472 0.536928 0.000000 0.000000 0.000000 1.000000
0.994884 0.050362 -0.087571 -0.168919 -0.044017 0.996365 0.072934 99.065399 0.090926 -0.068707 0.993485 0.538269 0.000000 0.000000 0.000000 1.000000
0.994873 0.050469 -0.087638 -0.166980 -0.044140 0.996375 0.072718 99.066414 0.090991 -0.068477 0.993495 0.539945 0.000000 0.000000 0.000000 1.000000</float_array><technique_common><accessor source="#mixamorig_Hips-Matrix-animation-output-transform-array" count="86" stride="16"><param type="float4x4"/></accessor></technique_common></source><source id="mixamorig_Hips-Interpolations"><Name_array id="mixamorig_Hips-Interpolations-array" count="86">
 LINEAR LINEAR LINEAR LINEAR LINEAR LINEAR LINEAR LINEAR LINEAR LINEAR LINEAR
LINEAR LINEAR LINEAR LINEAR LINEAR LINEAR LINEAR LINEAR LINEAR LINEAR LINEAR LINEAR
LINEAR LINEAR LINEAR LINEAR LINEAR LINEAR LINEAR LINEAR LINEAR LINEAR LINEAR LINEAR
LINEAR LINEAR LINEAR LINEAR LINEAR LINEAR LINEAR LINEAR LINEAR LINEAR LINEAR LINEAR
LINEAR LINEAR LINEAR LINEAR LINEAR LINEAR LINEAR LINEAR LINEAR LINEAR LINEAR LINEAR
LINEAR LINEAR LINEAR LINEAR LINEAR LINEAR LINEAR LINEAR LINEAR LINEAR LINEAR LINEAR
LINEAR LINEAR LINEAR LINEAR LINEAR LINEAR LINEAR LINEAR LINEAR LINEAR LINEAR LINEAR
LINEAR LINEAR LINEAR</Name_array><technique_common><accessor source="#mixamorig_Hips-Interpolations-array" count="86"><param type="name"/></accessor></technique_common></source><sampler id="mixamorig_Hips-Matrix-animation-transform"><input semantic="INPUT" source="#mixamorig_Hips-Matrix-animation-input"/><input semantic="OUTPUT" source="#mixamorig_Hips-Matrix-animation-output-transform"/><input semantic="INTERPOLATION" source="#mixamorig_Hips-Interpolations"/></sampler><channel source="#mixamorig_Hips-Matrix-animation-transform" target="mixamorig_Hips/matrix"/></animation>
    <animation id="mixamorig_Spine-anim" name="mixamorig_Spine"><source id="mixamorig_Spine-Matrix-animation-input"><float_array id="mixamorig_Spine-Matrix-animation-input-array" count="86">

0.000000 0.033333 0.066667 0.100000 0.133333 0.166667 0.200000 0.233333 0.266667 0.300000 0.333333 0.366667 0.400000 0.433333 0.466667 0.500000
0.533333 0.566667 0.600000 0.633333 0.666667 0.700000 0.733333 0.766667 0.800000 0.833333 0.866667 0.900000 0.933333 0.966667 1.000000 1.033333
1.066667 1.100000 1.133333 1.166667 1.200000 1.233333 1.266667 1.300000 1.333333 1.366667 1.400000 1.433333 1.466667 1.500000 1.533333 1.566667
1.600000 1.633333 1.666667 1.700000 1.733333 1.766667 1.800000 1.833333 1.866667 1.900000 1.933333 1.966667 2.000000 2.033333 2.066667 2.100000
2.133333 2.166667 2.200000 2.233333 2.266667 2.300000 2.333333 2.366667 2.400000 2.433333 2.466667 2.500000 2.533333 2.566667 2.600000 2.633333
2.666667 2.700000 2.733333 2.766667 2.800000 2.833333</float_array><technique_common><accessor source="#mixamorig_Spine-Matrix-animation-input-array" count="86"><param name="TIME" type="float"/></accessor></technique_common></source><source id="mixamorig_Spine-Matrix-animation-output-transform"><float_array id="mixamorig_Spine-Matrix-animation-output-transform-array" count="1376">

0.998448 -0.044763 0.033132 -0.000000 0.046735 0.997021 -0.061354 9.923500 -0.030287 0.062807 0.997566 -1.227300 0.000000 0.000000 0.000000 1.000000
0.998423 -0.045011 0.033554 0.000000 0.047021 0.996983 -0.061755 9.923500 -0.030673 0.063235 0.997527 -1.227300 0.000000 0.000000 0.000000 1.000000
0.998398 -0.045210 0.034016 -0.000000 0.047259 0.996951 -0.062089 9.923500 -0.031105 0.063597 0.997491 -1.227300 0.000000 0.000000 0.000000 1.000000
0.998377 -0.045363 0.034423 -0.000000 0.047447 0.996925 -0.062358 9.923500 -0.031489 0.063890 0.997460 -1.227300 0.000000 0.000000 0.000000 1.000000
0.998361 -0.045485 0.034732 0.000000 0.047597 0.996903 -0.062607 9.923500 -0.031777 0.064157 0.997434 -1.227300 0.000000 0.000000 0.000000 1.000000
0.998347 -0.045606 0.034967 -0.000000 0.047741 0.996879 -0.062871 9.923500 -0.031990 0.064437 0.997409 -1.227300 0.000000 0.000000 0.000000 1.000000
0.998333 -0.045756 0.035181 0.000000 0.047914 0.996853 -0.063148 9.923500 -0.032181 0.064728 0.997384 -1.227300 0.000000 0.000000 0.000000 1.000000
0.998316 -0.045939 0.035412 -0.000000 0.048119 0.996827 -0.063401 9.923500 -0.032387 0.064998 0.997360 -1.227300 0.000000 0.000000 0.000000 1.000000
0.998300 -0.046101 0.035663 0.000000 0.048303 0.996806 -0.063593 9.923500 -0.032618 0.065207 0.997339 -1.227300 0.000000 0.000000 0.000000 1.000000
0.998288 -0.046183 0.035904 0.000000 0.048405 0.996794 -0.063710 9.923500 -0.032847 0.065339 0.997322 -1.227300 0.000000 0.000000 0.000000 1.000000
0.998281 -0.046195 0.036072 0.000000 0.048430 0.996789 -0.063772 9.923500 -0.033010 0.065409 0.997312 -1.227300 0.000000 0.000000 0.000000 1.000000
0.998280 -0.046194 0.036097 -0.000000 0.048432 0.996786 -0.063813 9.923500 -0.033033 0.065452 0.997309 -1.227300 0.000000 0.000000 0.000000 1.000000
0.998284 -0.046219 0.035950 -0.000000 0.048449 0.996783 -0.063851 9.923500 -0.032883 0.065483 0.997312 -1.227300 0.000000 0.000000 0.000000 1.000000
0.998292 -0.046265 0.035670 0.000000 0.048478 0.996779 -0.063888 9.923500 -0.032600 0.065508 0.997319 -1.227300 0.000000 0.000000 0.000000 1.000000
0.998301 -0.046327 0.035353 -0.000000 0.048520 0.996774 -0.063927 9.923500 -0.032278 0.065534 0.997328 -1.227300 0.000000 0.000000 0.000000 1.000000
0.998306 -0.046414 0.035089 0.000000 0.048591 0.996768 -0.063971 9.923500 -0.032006 0.065568 0.997335 -1.227300 0.000000 0.000000 0.000000 1.000000
0.998307 -0.046520 0.034903 0.000000 0.048686 0.996761 -0.064013 9.923500 -0.031812 0.065604 0.997339 -1.227300 0.000000 0.000000 0.000000 1.000000
0.998309 -0.046609 0.034742 0.000000 0.048765 0.996755 -0.064042 9.923500 -0.031644 0.065628 0.997342 -1.227300 0.000000 0.000000 0.000000 1.000000
0.998314 -0.046654 0.034520 -0.000000 0.048796 0.996753 -0.064057 9.923500 -0.031420 0.065634 0.997349 -1.227300 0.000000 0.000000 0.000000 1.000000
0.998325 -0.046666 0.034212 0.000000 0.048787 0.996753 -0.064054 9.923500 -0.031111 0.065615 0.997360 -1.227300 0.000000 0.000000 0.000000 1.000000
0.998336 -0.046665 0.033889 0.000000 0.048764 0.996756 -0.064024 9.923500 -0.030791 0.065570 0.997373 -1.227300 0.000000 0.000000 0.000000 1.000000
0.998344 -0.046644 0.033658 0.000000 0.048727 0.996761 -0.063972 9.923500 -0.030565 0.065506 0.997384 -1.227300 0.000000 0.000000 0.000000 1.000000
0.998350 -0.046602 0.033554 -0.000000 0.048676 0.996767 -0.063918 9.923500 -0.030467 0.065446 0.997391 -1.227300 0.000000 0.000000 0.000000 1.000000
0.998352 -0.046563 0.033531 0.000000 0.048635 0.996771 -0.063885 9.923500 -0.030448 0.065411 0.997394 -1.227300 0.000000 0.000000 0.000000 1.000000
0.998352 -0.046549 0.033552 0.000000 0.048622 0.996772 -0.063879 9.923500 -0.030470 0.065405 0.997393 -1.227300 0.000000 0.000000 0.000000 1.000000
0.998350 -0.046547 0.033624 0.000000 0.048625 0.996772 -0.063881 9.923500 -0.030542 0.065411 0.997391 -1.227300 0.000000 0.000000 0.000000 1.000000
0.998347 -0.046522 0.033758 0.000000 0.048608 0.996774 -0.063873 9.923500 -0.030677 0.065409 0.997387 -1.227300 0.000000 0.000000 0.000000 1.000000
0.998343 -0.046473 0.033937 0.000000 0.048570 0.996777 -0.063854 9.923500 -0.030860 0.065397 0.997382 -1.227300 0.000000 0.000000 0.000000 1.000000
0.998337 -0.046442 0.034163 0.000000 0.048554 0.996778 -0.063839 9.923500 -0.031088 0.065392 0.997375 -1.227300 0.000000 0.000000 0.000000 1.000000
0.998325 -0.046465 0.034465 -0.000000 0.048597 0.996776 -0.063848 9.923500 -0.031388 0.065416 0.997364 -1.227300 0.000000 0.000000 0.000000 1.000000
0.998309 -0.046532 0.034845 -0.000000 0.048690 0.996768 -0.063899 9.923500 -0.031759 0.065488 0.997348 -1.227300 0.000000 0.000000 0.000000 1.000000
0.998293 -0.046599 0.035222 -0.000000 0.048785 0.996757 -0.064002 9.923500 -0.032126 0.065611 0.997328 -1.227300 0.000000 0.000000 0.000000 1.000000
0.998281 -0.046634 0.035507 -0.000000 0.048844 0.996745 -0.064141 9.923500 -0.032401 0.065765 0.997309 -1.227300 0.000000 0.000000 0.000000 1.000000
0.998274 -0.046650 0.035683 0.000000 0.048876 0.996734 -0.064281 9.923500 -0.032567 0.065914 0.997294 -1.227300 0.000000 0.000000 0.000000 1.000000
0.998269 -0.046675 0.035789 0.000000 0.048911 0.996726 -0.064376 9.923500 -0.032667 0.066015 0.997284 -1.227300 0.000000 0.000000 0.000000 1.000000
0.998264 -0.046716 0.035857 0.000000 0.048957 0.996723 -0.064396 9.923500 -0.032732 0.066039 0.997280 -1.227300 0.000000 0.000000 0.000000 1.000000
0.998261 -0.046753 0.035900 -0.000000 0.048995 0.996725 -0.064340 9.923500 -0.032775 0.065987 0.997282 -1.227300 0.000000 0.000000 0.000000 1.000000
0.998259 -0.046764 0.035957 -0.000000 0.049006 0.996731 -0.064232 9.923500 -0.032836 0.065882 0.997287 -1.227300 0.000000 0.000000 0.000000 1.000000
0.998254 -0.046754 0.036103 -0.000000 0.049002 0.996739 -0.064104 9.923500 -0.032988 0.065761 0.997290 -1.227300 0.000000 0.000000 0.000000 1.000000
0.998244 -0.046749 0.036373 0.000000 0.049010 0.996747 -0.063976 9.923500 -0.033264 0.065646 0.997288 -1.227300 0.000000 0.000000 0.000000 1.000000
0.998233 -0.046765 0.036664 -0.000000 0.049041 0.996753 -0.063862 9.923500 -0.033558 0.065547 0.997285 -1.227300 0.000000 0.000000 0.000000 1.000000
0.998227 -0.046805 0.036776 0.000000 0.049085 0.996757 -0.063759 9.923500 -0.033673 0.065451 0.997287 -1.227300 0.000000 0.000000 0.000000 1.000000
0.998230 -0.046873 0.036591 0.000000 0.049137 0.996762 -0.063650 9.923500 -0.033489 0.065335 0.997301 -1.227300 0.000000 0.000000 0.000000 1.000000
0.998241 -0.046953 0.036204 0.000000 0.049187 0.996768 -0.063508 9.923500 -0.033105 0.065177 0.997324 -1.227300 0.000000 0.000000 0.000000 1.000000
0.998251 -0.047015 0.035838 -0.000000 0.049219 0.996779 -0.063318 9.923500 -0.032746 0.064972 0.997350 -1.227300 0.000000 0.000000 0.000000 1.000000
0.998257 -0.047044 0.035621 0.000000 0.049226 0.996794 -0.063082 9.923500 -0.032539 0.064725 0.997372 -1.227300 0.000000 0.000000 0.000000 1.000000
0.998261 -0.047058 0.035499 0.000000 0.049223 0.996811 -0.062803 9.923500 -0.032430 0.064441 0.997394 -1.227300 0.000000 0.000000 0.000000 1.000000
0.998264 -0.047090 0.035377 0.000000 0.049237 0.996830 -0.062495 9.923500 -0.032322 0.064128 0.997418 -1.227300 0.000000 0.000000 0.000000 1.000000
0.998266 -0.047160 0.035239 0.000000 0.049288 0.996847 -0.062185 9.923500 -0.032195 0.063814 0.997442 -1.227300 0.000000 0.000000 0.000000 1.000000
0.998266 -0.047254 0.035105 0.000000 0.049364 0.996861 -0.061890 9.923500 -0.032070 0.063516 0.997465 -1.227300 0.000000 0.000000 0.000000 1.000000
0.998267 -0.047344 0.034954 0.000000 0.049434 0.996877 -0.061584 9.923500 -0.031929 0.063205 0.997490 -1.227300 0.000000 0.000000 0.000000 1.000000
0.998271 -0.047405 0.034755 0.000000 0.049471 0.996897 -0.061224 9.923500 -0.031745 0.062837 0.997519 -1.227300 0.000000 0.000000 0.000000 1.000000
0.998277 -0.047433 0.034528 -0.000000 0.049472 0.996922 -0.060819 9.923500 -0.031537 0.062422 0.997551 -1.227300 0.000000 0.000000 0.000000 1.000000
0.998283 -0.047464 0.034313 0.000000 0.049478 0.996945 -0.060438 9.923500 -0.031340 0.062032 0.997582 -1.227300 0.000000 0.000000 0.000000 1.000000
0.998287 -0.047543 0.034096 -0.000000 0.049534 0.996960 -0.060145 9.923500 -0.031133 0.061731 0.997607 -1.227300 0.000000 0.000000 0.000000 1.000000
0.998290 -0.047678 0.033809 -0.000000 0.049645 0.996967 -0.059939 9.923500 -0.030849 0.061515 0.997629 -1.227300 0.000000 0.000000 0.000000 1.000000
0.998296 -0.047828 0.033418 0.000000 0.049765 0.996972 -0.059751 9.923500 -0.030459 0.061313 0.997654 -1.227300 0.000000 0.000000 0.000000 1.000000
0.998305 -0.047949 0.032980 0.000000 0.049851 0.996983 -0.059500 9.923500 -0.030028 0.061043 0.997683 -1.227300 0.000000 0.000000 0.000000 1.000000
0.998314 -0.048018 0.032608 0.000000 0.049887 0.997002 -0.059150 9.923500 -0.029670 0.060677 0.997716 -1.227300 0.000000 0.000000 0.000000 1.000000
0.998321 -0.048038 0.032377 0.000000 0.049881 0.997027 -0.058726 9.923500 -0.029460 0.060243 0.997749 -1.227300 0.000000 0.000000 0.000000 1.000000
0.998325 -0.048014 0.032265 0.000000 0.049836 0.997057 -0.058259 9.923500 -0.029372 0.059769 0.997780 -1.227300 0.000000 0.000000 0.000000 1.000000
0.998331 -0.047954 0.032178 0.000000 0.049755 0.997091 -0.057732 9.923500 -0.029315 0.059237 0.997813 -1.227300 0.000000 0.000000 0.000000 1.000000
0.998340 -0.047875 0.032033 0.000000 0.049650 0.997132 -0.057117 9.923500 -0.029206 0.058613 0.997853 -1.227300 0.000000 0.000000 0.000000 1.000000
0.998351 -0.047785 0.031822 0.000000 0.049528 0.997176 -0.056450 9.923500 -0.029035 0.057933 0.997898 -1.227300 0.000000 0.000000 0.000000 1.000000
0.998362 -0.047684 0.031614 0.000000 0.049397 0.997218 -0.055829 9.923500 -0.028864 0.057299 0.997940 -1.227300 0.000000 0.000000 0.000000 1.000000
0.998371 -0.047584 0.031483 0.000000 0.049275 0.997254 -0.055292 9.923500 -0.028766 0.056754 0.997974 -1.227300 0.000000 0.000000 0.000000 1.000000
0.998376 -0.047510 0.031437 -0.000000 0.049182 0.997288 -0.054756 9.923500 -0.028750 0.056214 0.998005 -1.227300 0.000000 0.000000 0.000000 1.000000
0.998379 -0.047458 0.031428 0.000000 0.049112 0.997326 -0.054112 9.923500 -0.028776 0.055568 0.998040 -1.227300 0.000000 0.000000 0.000000 1.000000
0.998382 -0.047392 0.031427 -0.000000 0.049024 0.997371 -0.053362 9.923500 -0.028816 0.054816 0.998081 -1.227300 0.000000 0.000000 0.000000 1.000000
0.998387 -0.047273 0.031443 0.000000 0.048884 0.997418 -0.052617 9.923500 -0.028874 0.054069 0.998120 -1.227300 0.000000 0.000000 0.000000 1.000000
0.998394 -0.047116 0.031456 0.000000 0.048710 0.997459 -0.051982 9.923500 -0.028927 0.053431 0.998152 -1.227300 0.000000 0.000000 0.000000 1.000000
0.998402 -0.046982 0.031395 -0.000000 0.048558 0.997493 -0.051468 9.923500 -0.028899 0.052910 0.998181 -1.227300 0.000000 0.000000 0.000000 1.000000
0.998411 -0.046925 0.031205 0.000000 0.048478 0.997520 -0.051020 9.923500 -0.028733 0.052452 0.998210 -1.227300 0.000000 0.000000 0.000000 1.000000
0.998418 -0.046947 0.030934 0.000000 0.048473 0.997543 -0.050587 9.923500 -0.028483 0.052007 0.998240 -1.227300 0.000000 0.000000 0.000000 1.000000
0.998423 -0.046991 0.030709 0.000000 0.048493 0.997564 -0.050148 9.923500 -0.028278 0.051558 0.998270 -1.227300 0.000000 0.000000 0.000000 1.000000
0.998426 -0.046994 0.030608 0.000000 0.048478 0.997587 -0.049705 9.923500 -0.028198 0.051111 0.998295 -1.227300 0.000000 0.000000 0.000000 1.000000
0.998430 -0.046931 0.030594 0.000000 0.048402 0.997612 -0.049266 9.923500 -0.028209 0.050670 0.998317 -1.227300 0.000000 0.000000 0.000000 1.000000
0.998436 -0.046818 0.030572 -0.000000 0.048276 0.997639 -0.048844 9.923500 -0.028213 0.050243 0.998338 -1.227300 0.000000 0.000000 0.000000 1.000000
0.998444 -0.046680 0.030492 0.000000 0.048124 0.997665 -0.048463 9.923500 -0.028159 0.049855 0.998359 -1.227300 0.000000 0.000000 0.000000 1.000000
0.998454 -0.046541 0.030381 0.000000 0.047970 0.997688 -0.048148 9.923500 -0.028070 0.049531 0.998378 -1.227300 0.000000 0.000000 0.000000 1.000000
0.998463 -0.046411 0.030296 -0.000000 0.047829 0.997707 -0.047890 9.923500 -0.028004 0.049265 0.998393 -1.227300 0.000000 0.000000 0.000000 1.000000
0.998469 -0.046294 0.030258 0.000000 0.047704 0.997724 -0.047653 9.923500 -0.027983 0.049023 0.998406 -1.227300 0.000000 0.000000 0.000000 1.000000
0.998475 -0.046180 0.030251 0.000000 0.047582 0.997741 -0.047421 9.923500 -0.027993 0.048788 0.998417 -1.227300 0.000000 0.000000 0.000000 1.000000
0.998481 -0.046054 0.030257 0.000000 0.047452 0.997757 -0.047224 9.923500 -0.028014 0.048588 0.998426 -1.227300 0.000000 0.000000 0.000000 1.000000
0.998487 -0.045921 0.030264 0.000000 0.047315 0.997769 -0.047101 9.923500 -0.028033 0.048461 0.998432 -1.227300 0.000000 0.000000 0.000000 1.000000
0.998493 -0.045795 0.030249 0.000000 0.047188 0.997777 -0.047062 9.923500 -0.028027 0.048418 0.998434 -1.227300 0.000000 0.000000 0.000000 1.000000</float_array><technique_common><accessor source="#mixamorig_Spine-Matrix-animation-output-transform-array" count="86" stride="16"><param type="float4x4"/></accessor></technique_common></source><source id="mixamorig_Spine-Interpolations"><Name_array id="mixamorig_Spine-Interpolations-array" count="86">
 LINEAR LINEAR LINEAR LINEAR LINEAR LINEAR LINEAR LINEAR LINEAR LINEAR LINEAR
LINEAR LINEAR LINEAR LINEAR LINEAR LINEAR LINEAR LINEAR LINEAR LINEAR LINEAR LINEAR
LINEAR LINEAR LINEAR LINEAR LINEAR LINEAR LINEAR LINEAR LINEAR LINEAR LINEAR LINEAR
LINEAR LINEAR LINEAR LINEAR LINEAR LINEAR LINEAR LINEAR LINEAR LINEAR LINEAR LINEAR
LINEAR LINEAR LINEAR LINEAR LINEAR LINEAR LINEAR LINEAR LINEAR LINEAR LINEAR LINEAR
LINEAR LINEAR LINEAR LINEAR LINEAR LINEAR LINEAR LINEAR LINEAR LINEAR LINEAR LINEAR
LINEAR LINEAR LINEAR LINEAR LINEAR LINEAR LINEAR LINEAR LINEAR LINEAR LINEAR LINEAR
LINEAR LINEAR LINEAR</Name_array><technique_common><accessor source="#mixamorig_Spine-Interpolations-array" count="86"><param type="name"/></accessor></technique_common></source><sampler id="mixamorig_Spine-Matrix-animation-transform"><input semantic="INPUT" source="#mixamorig_Spine-Matrix-animation-input"/><input semantic="OUTPUT" source="#mixamorig_Spine-Matrix-animation-output-transform"/><input semantic="INTERPOLATION" source="#mixamorig_Spine-Interpolations"/></sampler><channel source="#mixamorig_Spine-Matrix-animation-transform" target="mixamorig_Spine/matrix"/></animation>
    <animation id="mixamorig_Spine1-anim" name="mixamorig_Spine1"><source id="mixamorig_Spine1-Matrix-animation-input"><float_array id="mixamorig_Spine1-Matrix-animation-input-array" count="86">

0.000000 0.033333 0.066667 0.100000 0.133333 0.166667 0.200000 0.233333 0.266667 0.300000 0.333333 0.366667 0.400000 0.433333 0.466667 0.500000
0.533333 0.566667 0.600000 0.633333 0.666667 0.700000 0.733333 0.766667 0.800000 0.833333 0.866667 0.900000 0.933333 0.966667 1.000000 1.033333
1.066667 1.100000 1.133333 1.166667 1.200000 1.233333 1.266667 1.300000 1.333333 1.366667 1.400000 1.433333 1.466667 1.500000 1.533333 1.566667
1.600000 1.633333 1.666667 1.700000 1.733333 1.766667 1.800000 1.833333 1.866667 1.900000 1.933333 1.966667 2.000000 2.033333 2.066667 2.100000
2.133333 2.166667 2.200000 2.233333 2.266667 2.300000 2.333333 2.366667 2.400000 2.433333 2.466667 2.500000 2.533333 2.566667 2.600000 2.633333
2.666667 2.700000 2.733333 2.766667 2.800000 2.833333</float_array><technique_common><accessor source="#mixamorig_Spine1-Matrix-animation-input-array" count="86"><param name="TIME" type="float"/></accessor></technique_common></source><source id="mixamorig_Spine1-Matrix-animation-output-transform"><float_array id="mixamorig_Spine1-Matrix-animation-output-transform-array" count="1376">

0.999582 -0.027625 0.008477 -0.000100 0.027798 0.999391 -0.021096 11.645400 -0.007889 0.021323 0.999742 -1.422300 0.000000 0.000000 0.000000 1.000000
0.999579 -0.027705 0.008648 -0.000100 0.027883 0.999386 -0.021237 11.645400 -0.008054 0.021470 0.999737 -1.422300 0.000000 0.000000 0.000000 1.000000
0.999575 -0.027771 0.008835 -0.000100 0.027955 0.999381 -0.021355 11.645400 -0.008237 0.021593 0.999733 -1.422300 0.000000 0.000000 0.000000 1.000000
0.999572 -0.027825 0.009002 -0.000100 0.028013 0.999377 -0.021448 11.645400 -0.008399 0.021691 0.999729 -1.422300 0.000000 0.000000 0.000000 1.000000
0.999570 -0.027868 0.009128 -0.000100 0.028059 0.999374 -0.021531 11.645400 -0.008522 0.021778 0.999727 -1.422300 0.000000 0.000000 0.000000 1.000000
0.999568 -0.027906 0.009224 -0.000100 0.028100 0.999371 -0.021619 11.645400 -0.008615 0.021869 0.999724 -1.422300 0.000000 0.000000 0.000000 1.000000
0.999566 -0.027952 0.009310 -0.000100 0.028148 0.999368 -0.021712 11.645400 -0.008697 0.021965 0.999721 -1.422300 0.000000 0.000000 0.000000 1.000000
0.999564 -0.028007 0.009399 -0.000100 0.028206 0.999364 -0.021797 11.645400 -0.008782 0.022053 0.999718 -1.422300 0.000000 0.000000 0.000000 1.000000
0.999561 -0.028056 0.009495 -0.000100 0.028258 0.999362 -0.021860 11.645400 -0.008876 0.022119 0.999716 -1.422300 0.000000 0.000000 0.000000 1.000000
0.999560 -0.028084 0.009589 -0.000100 0.028289 0.999360 -0.021895 11.645400 -0.008968 0.022157 0.999714 -1.422300 0.000000 0.000000 0.000000 1.000000
0.999559 -0.028096 0.009656 -0.000100 0.028302 0.999359 -0.021909 11.645400 -0.009035 0.022172 0.999713 -1.422300 0.000000 0.000000 0.000000 1.000000
0.999558 -0.028106 0.009667 -0.000100 0.028312 0.999359 -0.021912 11.645400 -0.009045 0.022176 0.999713 -1.422300 0.000000 0.000000 0.000000 1.000000
0.999558 -0.028122 0.009607 -0.000100 0.028327 0.999359 -0.021911 11.645400 -0.008985 0.022174 0.999714 -1.422300 0.000000 0.000000 0.000000 1.000000
0.999559 -0.028142 0.009493 -0.000100 0.028344 0.999358 -0.021909 11.645400 -0.008870 0.022169 0.999715 -1.422300 0.000000 0.000000 0.000000 1.000000
0.999559 -0.028164 0.009363 -0.000100 0.028364 0.999358 -0.021907 11.645400 -0.008740 0.022163 0.999716 -1.422300 0.000000 0.000000 0.000000 1.000000
0.999560 -0.028193 0.009254 -0.000100 0.028390 0.999357 -0.021906 11.645400 -0.008630 0.022159 0.999717 -1.422300 0.000000 0.000000 0.000000 1.000000
0.999559 -0.028229 0.009176 -0.000100 0.028425 0.999356 -0.021907 11.645400 -0.008552 0.022158 0.999718 -1.422300 0.000000 0.000000 0.000000 1.000000
0.999559 -0.028260 0.009108 -0.000100 0.028454 0.999355 -0.021904 11.645400 -0.008484 0.022154 0.999719 -1.422300 0.000000 0.000000 0.000000 1.000000
0.999559 -0.028277 0.009017 -0.000100 0.028468 0.999355 -0.021896 11.645400 -0.008392 0.022143 0.999720 -1.422300 0.000000 0.000000 0.000000 1.000000
0.999560 -0.028280 0.008891 -0.000100 0.028469 0.999355 -0.021879 11.645400 -0.008267 0.022123 0.999721 -1.422300 0.000000 0.000000 0.000000 1.000000
0.999562 -0.028277 0.008760 -0.000100 0.028463 0.999356 -0.021853 11.645400 -0.008137 0.022092 0.999723 -1.422300 0.000000 0.000000 0.000000 1.000000
0.999563 -0.028267 0.008667 -0.000100 0.028451 0.999357 -0.021819 11.645400 -0.008045 0.022056 0.999724 -1.422300 0.000000 0.000000 0.000000 1.000000
0.999564 -0.028251 0.008626 -0.000100 0.028433 0.999358 -0.021785 11.645400 -0.008005 0.022020 0.999725 -1.422300 0.000000 0.000000 0.000000 1.000000
0.999564 -0.028235 0.008618 -0.000100 0.028417 0.999359 -0.021758 11.645400 -0.007998 0.021993 0.999726 -1.422300 0.000000 0.000000 0.000000 1.000000
0.999564 -0.028226 0.008629 -0.000100 0.028408 0.999360 -0.021739 11.645400 -0.008010 0.021975 0.999726 -1.422300 0.000000 0.000000 0.000000 1.000000
0.999564 -0.028220 0.008661 -0.000100 0.028403 0.999360 -0.021724 11.645400 -0.008042 0.021961 0.999726 -1.422300 0.000000 0.000000 0.000000 1.000000
0.999564 -0.028210 0.008719 -0.000100 0.028393 0.999361 -0.021707 11.645400 -0.008101 0.021945 0.999726 -1.422300 0.000000 0.000000 0.000000 1.000000
0.999564 -0.028193 0.008796 -0.000100 0.028378 0.999362 -0.021687 11.645400 -0.008179 0.021927 0.999726 -1.422300 0.000000 0.000000 0.000000 1.000000
0.999563 -0.028184 0.008891 -0.000100 0.028371 0.999363 -0.021669 11.645400 -0.008275 0.021911 0.999726 -1.422300 0.000000 0.000000 0.000000 1.000000
0.999562 -0.028192 0.009017 -0.000100 0.028382 0.999362 -0.021661 11.645400 -0.008401 0.021907 0.999725 -1.422300 0.000000 0.000000 0.000000 1.000000
0.999560 -0.028217 0.009174 -0.000100 0.028410 0.999361 -0.021671 11.645400 -0.008557 0.021922 0.999723 -1.422300 0.000000 0.000000 0.000000 1.000000
0.999558 -0.028242 0.009331 -0.000100 0.028439 0.999360 -0.021702 11.645400 -0.008712 0.021958 0.999721 -1.422300 0.000000 0.000000 0.000000 1.000000
0.999556 -0.028257 0.009451 -0.000100 0.028458 0.999358 -0.021747 11.645400 -0.008831 0.022007 0.999719 -1.422300 0.000000 0.000000 0.000000 1.000000
0.999555 -0.028265 0.009528 -0.000100 0.028467 0.999357 -0.021791 11.645400 -0.008906 0.022053 0.999717 -1.422300 0.000000 0.000000 0.000000 1.000000
0.999554 -0.028273 0.009577 -0.000100 0.028477 0.999356 -0.021816 11.645400 -0.008954 0.022079 0.999716 -1.422300 0.000000 0.000000 0.000000 1.000000
0.999554 -0.028286 0.009609 -0.000100 0.028490 0.999356 -0.021812 11.645400 -0.008985 0.022076 0.999716 -1.422300 0.000000 0.000000 0.000000 1.000000
0.999553 -0.028296 0.009628 -0.000100 0.028500 0.999357 -0.021779 11.645400 -0.009005 0.022044 0.999716 -1.422300 0.000000 0.000000 0.000000 1.000000
0.999553 -0.028298 0.009653 -0.000100 0.028503 0.999358 -0.021727 11.645400 -0.009032 0.021992 0.999717 -1.422300 0.000000 0.000000 0.000000 1.000000
0.999552 -0.028300 0.009715 -0.000100 0.028505 0.999359 -0.021668 11.645400 -0.009095 0.021935 0.999718 -1.422300 0.000000 0.000000 0.000000 1.000000
0.999551 -0.028307 0.009828 -0.000100 0.028514 0.999360 -0.021611 11.645400 -0.009210 0.021881 0.999718 -1.422300 0.000000 0.000000 0.000000 1.000000
0.999549 -0.028321 0.009950 -0.000100 0.028530 0.999360 -0.021559 11.645400 -0.009333 0.021833 0.999718 -1.422300 0.000000 0.000000 0.000000 1.000000
0.999548 -0.028339 0.009998 -0.000100 0.028549 0.999361 -0.021510 11.645400 -0.009382 0.021786 0.999719 -1.422300 0.000000 0.000000 0.000000 1.000000
0.999548 -0.028362 0.009923 -0.000100 0.028570 0.999362 -0.021456 11.645400 -0.009308 0.021730 0.999721 -1.422300 0.000000 0.000000 0.000000 1.000000
0.999549 -0.028387 0.009766 -0.000100 0.028590 0.999362 -0.021388 11.645400 -0.009153 0.021658 0.999724 -1.422300 0.000000 0.000000 0.000000 1.000000
0.999550 -0.028407 0.009618 -0.000100 0.028606 0.999364 -0.021306 11.645400 -0.009006 0.021571 0.999727 -1.422300 0.000000 0.000000 0.000000 1.000000
0.999551 -0.028417 0.009530 -0.000100 0.028614 0.999365 -0.021209 11.645400 -0.008922 0.021473 0.999730 -1.422300 0.000000 0.000000 0.000000 1.000000
0.999551 -0.028424 0.009483 -0.000100 0.028619 0.999368 -0.021101 11.645400 -0.008877 0.021362 0.999732 -1.422300 0.000000 0.000000 0.000000 1.000000
