<?xml version="1.0" encoding="utf-8"?>
<COLLADA xmlns="http://www.collada.org/2005/11/COLLADASchema" version="1.4.1">
  <asset><contributor><author>Mixamo</author><authoring_tool>COLLADA Mixamo exporter</authoring_tool><comments></comments></contributor><created>2018-05-07T14:39:00Z</created><modified>2018-05-07T14:39:00Z</modified><revision></revision><title></title><unit meter="0.010000"/><up_axis>Y_UP</up_axis></asset>
  <library_animations>
    <animation id="mixamorig_Hips-anim" name="mixamorig_Hips"><source id="mixamorig_Hips-Matrix-animation-input"><float_array id="mixamorig_Hips-Matrix-animation-input-array" count="31">

0.000000 0.033333 0.066667 0.100000 0.133333 0.166667 0.200000 0.233333 0.266667 0.300000 0.333333 0.366667 0.400000 0.433333 0.466667 0.500000
0.533333 0.566667 0.600000 0.633333 0.666667 0.700000 0.733333 0.766667 0.800000 0.833333 0.866667 0.900000 0.933333 0.966667 1.000000</float_array><technique_common><accessor source="#mixamorig_Hips-Matrix-animation-input-array" count="31"><param name="TIME" type="float"/></accessor></technique_common></source><source id="mixamorig_Hips-Matrix-animation-output-transform"><float_array id="mixamorig_Hips-Matrix-animation-output-transform-array" count="496">

0.950684 -0.056841 0.304909 -0.253318 0.164373 0.925994 -0.339877 84.095963 -0.263025 0.373234 0.889671 0.817817 0.000000 0.000000 0.000000 1.000000
0.971167 0.088000 0.221566 -0.025757 -0.038824 0.975353 -0.217210 94.863716 -0.235220 0.202345 0.950646 13.895393 0.000000 0.000000 0.000000 1.000000
0.967091 0.220515 0.126917 0.685731 -0.209712 0.973318 -0.093131 106.717201 -0.144067 0.063450 0.987532 27.106237 0.000000 0.000000 0.000000 1.000000
0.958210 0.281681 0.049886 1.280042 -0.282713 0.959090 0.014853 119.089211 -0.043662 -0.028336 0.998644 40.423775 0.000000 0.000000 0.000000 1.000000
0.970893 0.239465 0.004838 1.216274 -0.238897 0.966744 0.091289 131.822906 0.017183 -0.089788 0.995813 53.979729 0.000000 0.000000 0.000000 1.000000
0.991493 0.129178 -0.015989 0.535178 -0.125406 0.980925 0.148526 144.409851 0.034870 -0.145258 0.988779 67.711449 0.000000 0.000000 0.000000 1.000000
0.998992 0.031666 -0.031821 -0.260671 -0.024794 0.980104 0.196929 156.168472 0.037424 -0.195941 0.979901 81.361214 0.000000 0.000000 0.000000 1.000000
0.998321 0.004446 -0.057755 -0.795179 0.008570 0.974744 0.223162 166.676620 0.057289 -0.223282 0.973069 94.887444 0.000000 0.000000 0.000000 1.000000
0.995064 0.041087 -0.090334 -1.115782 -0.020748 0.976283 0.215500 175.649994 0.097046 -0.212562 0.972317 108.501091 0.000000 0.000000 0.000000 1.000000
0.989014 0.096842 -0.111682 -1.524592 -0.075244 0.980126 0.183552 182.644958 0.127238 -0.173132 0.976645 122.274307 0.000000 0.000000 0.000000 1.000000
0.984895 0.132495 -0.111479 -2.158044 -0.115258 0.982102 0.148965 187.148743 0.129220 -0.133866 0.982539 136.071564 0.000000 0.000000 0.000000 1.000000
0.986704 0.131495 -0.095520 -2.895029 -0.118787 0.984588 0.128361 188.706085 0.110927 -0.115308 0.987117 149.787186 0.000000 0.000000 0.000000 1.000000
0.992844 0.092867 -0.075073 -3.561788 -0.083332 0.989092 0.121461 187.149719 0.085534 -0.114336 0.989753 163.533905 0.000000 0.000000 0.000000 1.000000
0.998339 0.022309 -0.053124 -4.048696 -0.016131 0.993349 0.114008 181.074112 0.055315 -0.112962 0.992058 177.509506 0.000000 0.000000 0.000000 1.000000
0.997352 -0.068967 -0.023070 -4.453091 0.070881 0.992828 0.096275 171.437378 0.016265 -0.097656 0.995087 191.636795 0.000000 0.000000 0.000000 1.000000
0.987417 -0.156637 0.021749 -4.748627 0.154535 0.984939 0.077549 158.895950 -0.033569 -0.073212 0.996751 205.584213 0.000000 0.000000 0.000000 1.000000
0.974122 -0.213611 0.073872 -4.859568 0.208075 0.975156 0.075993 144.482880 -0.088270 -0.058656 0.994368 219.386505 0.000000 0.000000 0.000000 1.000000
0.967617 -0.222947 0.118374 -4.798665 0.212314 0.972469 0.096052 129.713745 -0.136530 -0.067809 0.988313 232.950272 0.000000 0.000000 0.000000 1.000000
0.973253 -0.181421 0.140943 -4.541376 0.164740 0.978733 0.122243 115.731995 -0.160123 -0.095754 0.982442 246.262024 0.000000 0.000000 0.000000 1.000000
0.985192 -0.103931 0.136366 -4.056718 0.085591 0.987267 0.134081 104.633728 -0.148565 -0.120424 0.981543 259.446411 0.000000 0.000000 0.000000 1.000000
0.992988 -0.026810 0.115139 -3.329232 0.013176 0.992976 0.117580 94.905624 -0.117483 -0.115238 0.986366 272.585968 0.000000 0.000000 0.000000 1.000000
0.994761 0.015368 0.101068 -2.349864 -0.021800 0.997785 0.062853 87.470741 -0.099878 -0.064728 0.992892 285.714508 0.000000 0.000000 0.000000 1.000000
0.992566 -0.002555 0.121684 -1.353319 0.006365 0.999501 -0.030927 83.885559 -0.121544 0.031472 0.992087 298.725586 0.000000 0.000000 0.000000 1.000000
0.980883 -0.067603 0.182480 -0.726226 0.093920 0.985735 -0.139663 84.016441 -0.170435 0.154132 0.973240 312.349518 0.000000 0.000000 0.000000 1.000000
0.953240 -0.139008 0.268345 -0.728727 0.202551 0.952854 -0.225923 86.098656 -0.224289 0.269713 0.936456 326.459198 0.000000 0.000000 0.000000 1.000000
0.916660 -0.175669 0.358992 -1.164084 0.283261 0.919225 -0.273475 87.160355 -0.281953 0.352371 0.892377 340.372986 0.000000 0.000000 0.000000 1.000000
0.882640 -0.166300 0.439648 -1.561488 0.316396 0.901903 -0.294049 86.605537 -0.347620 0.398642 0.848673 353.732483 0.000000 0.000000 0.000000 1.000000
0.860958 -0.130727 0.491591 -1.606099 0.312091 0.898896 -0.307547 85.514366 -0.401684 0.418207 0.814711 366.356079 0.000000 0.000000 0.000000 1.000000
0.865616 -0.094151 0.491777 -1.283979 0.282103 0.903145 -0.323645 84.681152 -0.413675 0.418884 0.808337 378.381012 0.000000 0.000000 0.000000 1.000000
0.900660 -0.069753 0.428888 -0.774165 0.231549 0.912261 -0.337882 84.237854 -0.367690 0.403626 0.837789 390.060730 0.000000 0.000000 0.000000 1.000000
0.950684 -0.056841 0.304909 -0.253317 0.164372 0.925994 -0.339877 84.095970 -0.263025 0.373234 0.889671 401.541992 0.000000 0.000000 0.000000 1.000000</float_array><technique_common><accessor source="#mixamorig_Hips-Matrix-animation-output-transform-array" count="31" stride="16"><param type="float4x4"/></accessor></technique_common></source><source id="mixamorig_Hips-Interpolations"><Name_array id="mixamorig_Hips-Interpolations-array" count="31">
 LINEAR LINEAR LINEAR LINEAR LINEAR LINEAR LINEAR LINEAR LINEAR LINEAR LINEAR
LINEAR LINEAR LINEAR LINEAR LINEAR LINEAR LINEAR LINEAR LINEAR LINEAR LINEAR LINEAR
LINEAR LINEAR LINEAR LINEAR LINEAR LINEAR LINEAR LINEAR</Name_array><technique_common><accessor source="#mixamorig_Hips-Interpolations-array" count="31"><param type="name"/></accessor></technique_common></source><sampler id="mixamorig_Hips-Matrix-animation-transform"><input semantic="INPUT" source="#mixamorig_Hips-Matrix-animation-input"/><input semantic="OUTPUT" source="#mixamorig_Hips-Matrix-animation-output-transform"/><input semantic="INTERPOLATION" source="#mixamorig_Hips-Interpolations"/></sampler><channel source="#mixamorig_Hips-Matrix-animation-transform" target="mixamorig_Hips/matrix"/></animation>
    <animation id="mixamorig_Spine-anim" name="mixamorig_Spine"><source id="mixamorig_Spine-Matrix-animation-input"><float_array id="mixamorig_Spine-Matrix-animation-input-array" count="31">

0.000000 0.033333 0.066667 0.100000 0.133333 0.166667 0.200000 0.233333 0.266667 0.300000 0.333333 0.366667 0.400000 0.433333 0.466667 0.500000
0.533333 0.566667 0.600000 0.633333 0.666667 0.700000 0.733333 0.766667 0.800000 0.833333 0.866667 0.900000 0.933333 0.966667 1.000000</float_array><technique_common><accessor source="#mixamorig_Spine-Matrix-animation-input-array" count="31"><param name="TIME" type="float"/></accessor></technique_common></source><source id="mixamorig_Spine-Matrix-animation-output-transform"><float_array id="mixamorig_Spine-Matrix-animation-output-transform-array" count="496">

0.978576 0.016686 -0.205210 -0.000000 -0.069437 0.965063 -0.252651 9.923500 0.193825 0.261487 0.945546 -1.227300 0.000000 0.000000 0.000000 1.000000
0.982892 -0.022706 -0.182779 0.000000 -0.016699 0.977299 -0.211207 9.923500 0.183425 0.210646 0.960200 -1.227300 0.000000 0.000000 0.000000 1.000000
0.980967 -0.086706 -0.173743 0.000000 0.057082 0.984000 -0.168774 9.923500 0.185596 0.155644 0.970221 -1.227300 0.000000 0.000000 0.000000 1.000000
0.974813 -0.124340 -0.185146 0.000000 0.097842 0.984437 -0.145982 9.923500 0.200416 0.124191 0.971808 -1.227300 0.000000 0.000000 0.000000 1.000000
0.973806 -0.090637 -0.208533 0.000000 0.059289 0.986608 -0.151954 9.923500 0.219513 0.135610 0.966139 -1.227300 0.000000 0.000000 0.000000 1.000000
0.975447 -0.002647 -0.220218 0.000000 -0.037555 0.983283 -0.178169 9.923500 0.217008 0.182064 0.959041 -1.227300 0.000000 0.000000 0.000000 1.000000
0.975883 0.069046 -0.207087 -0.000000 -0.114723 0.969308 -0.217443 9.923500 0.185717 0.235957 0.953852 -1.227300 0.000000 0.000000 0.000000 1.000000
0.981417 0.069470 -0.178870 0.000000 -0.115528 0.958203 -0.261726 9.923500 0.153211 0.277527 0.948422 -1.227300 0.000000 0.000000 0.000000 1.000000
0.988362 0.007023 -0.151960 0.000000 -0.052842 0.952580 -0.299665 9.923500 0.142649 0.304207 0.941865 -1.227300 0.000000 0.000000 0.000000 1.000000
0.988434 -0.067647 -0.135730 0.000000 0.019207 0.943635 -0.330431 9.923500 0.150433 0.324002 0.934020 -1.227300 0.000000 0.000000 0.000000 1.000000
0.985503 -0.110209 -0.128991 0.000000 0.057356 0.931943 -0.358039 9.923500 0.159671 0.345450 0.924754 -1.227300 0.000000 0.000000 0.000000 1.000000
0.986020 -0.105853 -0.128686 0.000000 0.049690 0.923949 -0.379276 9.923500 0.159047 0.367579 0.916291 -1.227300 0.000000 0.000000 0.000000 1.000000
0.988615 -0.060932 -0.137579 -0.000000 0.003368 0.923073 -0.384610 9.923500 0.150430 0.379768 0.912769 -1.227300 0.000000 0.000000 0.000000 1.000000
0.987156 0.008119 -0.159551 0.000000 -0.067091 0.927439 -0.367907 9.923500 0.144987 0.373886 0.916072 -1.227300 0.000000 0.000000 0.000000 1.000000
0.978853 0.082935 -0.187001 0.000000 -0.141818 0.933919 -0.328152 9.923500 0.147429 0.347733 0.925930 -1.227300 0.000000 0.000000 0.000000 1.000000
0.969869 0.142092 -0.197897 0.000000 -0.194510 0.940739 -0.277806 9.923500 0.146695 0.307929 0.940032 -1.227300 0.000000 0.000000 0.000000 1.000000
0.970448 0.170215 -0.171051 0.000000 -0.208573 0.948151 -0.239806 9.923500 0.121363 0.268396 0.955633 -1.227300 0.000000 0.000000 0.000000 1.000000
0.981601 0.158958 -0.105786 -0.000000 -0.179574 0.956836 -0.228511 9.923500 0.064897 0.243304 0.967777 -1.227300 0.000000 0.000000 0.000000 1.000000
0.994395 0.104130 -0.018319 -0.000000 -0.105468 0.964764 -0.241054 9.923500 -0.007428 0.241635 0.970339 -1.227300 0.000000 0.000000 0.000000 1.000000
0.997493 0.014113 0.069350 -0.000000 0.004485 0.965340 -0.260957 9.923500 -0.070629 0.260613 0.962856 -1.227300 0.000000 0.000000 0.000000 1.000000
0.987115 -0.078466 0.139450 0.000000 0.114103 0.956167 -0.269676 9.923500 -0.112177 0.282113 0.952800 -1.227300 0.000000 0.000000 0.000000 1.000000
0.972993 -0.134423 0.187659 0.000000 0.180849 0.949118 -0.257815 9.923500 -0.143454 0.284790 0.947795 -1.227300 0.000000 0.000000 0.000000 1.000000
0.971500 -0.117647 0.205784 0.000000 0.164955 0.958991 -0.230492 9.923500 -0.170228 0.257868 0.951066 -1.227300 0.000000 0.000000 0.000000 1.000000
0.983102 -0.028796 0.180777 0.000000 0.065346 0.977690 -0.199628 9.923500 -0.170995 0.208068 0.963052 -1.227300 0.000000 0.000000 0.000000 1.000000
0.991121 0.087869 0.099792 0.000000 -0.070307 0.983350 -0.167571 9.923500 -0.112855 0.159067 0.980796 -1.227300 0.000000 0.000000 0.000000 1.000000
0.985588 0.167160 -0.025972 0.000000 -0.169139 0.976475 -0.133750 9.923500 0.003003 0.136216 0.990675 -1.227300 0.000000 0.000000 0.000000 1.000000
0.971084 0.173869 -0.163603 -0.000000 -0.194189 0.973885 -0.117640 9.923500 0.138877 0.146008 0.979487 -1.227300 0.000000 0.000000 0.000000 1.000000
0.954537 0.124389 -0.270899 -0.000000 -0.166394 0.976357 -0.137987 9.923500 0.247330 0.176789 0.952667 -1.227300 0.000000 0.000000 0.000000 1.000000
0.947852 0.063620 -0.312298 0.000000 -0.124608 0.975853 -0.179400 9.923500 0.293343 0.208959 0.932891 -1.227300 0.000000 0.000000 0.000000 1.000000
0.958396 0.025371 -0.284311 -0.000000 -0.090825 0.971379 -0.219486 9.923500 0.270605 0.236177 0.933270 -1.227300 0.000000 0.000000 0.000000 1.000000
0.978576 0.016686 -0.205210 0.000000 -0.069437 0.965063 -0.252651 9.923500 0.193825 0.261487 0.945546 -1.227300 0.000000 0.000000 0.000000 1.000000</float_array><technique_common><accessor source="#mixamorig_Spine-Matrix-animation-output-transform-array" count="31" stride="16"><param type="float4x4"/></accessor></technique_common></source><source id="mixamorig_Spine-Interpolations"><Name_array id="mixamorig_Spine-Interpolations-array" count="31">
 LINEAR LINEAR LINEAR LINEAR LINEAR LINEAR LINEAR LINEAR LINEAR LINEAR LINEAR
LINEAR LINEAR LINEAR LINEAR LINEAR LINEAR LINEAR LINEAR LINEAR LINEAR LINEAR LINEAR
LINEAR LINEAR LINEAR LINEAR LINEAR LINEAR LINEAR LINEAR</Name_array><technique_common><accessor source="#mixamorig_Spine-Interpolations-array" count="31"><param type="name"/></accessor></technique_common></source><sampler id="mixamorig_Spine-Matrix-animation-transform"><input semantic="INPUT" source="#mixamorig_Spine-Matrix-animation-input"/><input semantic="OUTPUT" source="#mixamorig_Spine-Matrix-animation-output-transform"/><input semantic="INTERPOLATION" source="#mixamorig_Spine-Interpolations"/></sampler><channel source="#mixamorig_Spine-Matrix-animation-transform" target="mixamorig_Spine/matrix"/></animation>
    <animation id="mixamorig_Spine1-anim" name="mixamorig_Spine1"><source id="mixamorig_Spine1-Matrix-animation-input"><float_array id="mixamorig_Spine1-Matrix-animation-input-array" count="31">

0.000000 0.033333 0.066667 0.100000 0.133333 0.166667 0.200000 0.233333 0.266667 0.300000 0.333333 0.366667 0.400000 0.433333 0.466667 0.500000
0.533333 0.566667 0.600000 0.633333 0.666667 0.700000 0.733333 0.766667 0.800000 0.833333 0.866667 0.900000 0.933333 0.966667 1.000000</float_array><technique_common><accessor source="#mixamorig_Spine1-Matrix-animation-input-array" count="31"><param name="TIME" type="float"/></accessor></technique_common></source><source id="mixamorig_Spine1-Matrix-animation-output-transform"><float_array id="mixamorig_Spine1-Matrix-animation-output-transform-array" count="496">

0.998511 0.012528 -0.053094 -0.000100 -0.013586 0.999715 -0.019612 11.645400 0.052833 0.020304 0.998397 -1.422300 0.000000 0.000000 0.000000 1.000000
0.999386 -0.019645 -0.029016 -0.000100 0.019463 0.999789 -0.006544 11.645400 0.029139 0.005975 0.999558 -1.422300 0.000000 0.000000 0.000000 1.000000
0.996810 -0.079323 -0.008835 -0.000100 0.079546 0.996422 0.028556 11.645400 0.006539 -0.029167 0.999553 -1.422300 0.000000 0.000000 0.000000 1.000000
0.990382 -0.138274 0.004915 -0.000100 0.137694 0.988466 0.063055 11.645400 -0.013577 -0.061772 0.997998 -1.422300 0.000000 0.000000 0.000000 1.000000
0.985796 -0.167390 0.013676 -0.000100 0.166008 0.983516 0.071674 11.645400 -0.025448 -0.068385 0.997334 -1.422300 0.000000 0.000000 0.000000 1.000000
0.986728 -0.161047 0.020783 -0.000100 0.160013 0.986117 0.044373 11.645400 -0.027640 -0.040459 0.998799 -1.422300 0.000000 0.000000 0.000000 1.000000
0.990113 -0.137805 0.026183 -0.000100 0.138111 0.990363 -0.010273 11.645400 -0.024515 0.013787 0.999604 -1.422300 0.000000 0.000000 0.000000 1.000000
0.992939 -0.115640 0.026446 -0.000100 0.117348 0.990153 -0.076326 11.645400 -0.017360 0.078890 0.996732 -1.422300 0.000000 0.000000 0.000000 1.000000
0.995114 -0.096691 0.019994 -0.000100 0.098553 0.985026 -0.141458 11.645400 -0.006017 0.142737 0.989742 -1.422300 0.000000 0.000000 0.000000 1.000000
0.997046 -0.076147 0.010090 -0.000100 0.076628 0.976929 -0.199343 11.645400 0.005322 0.199528 0.979878 -1.422300 0.000000 0.000000 0.000000 1.000000
0.998493 -0.054815 0.002461 -0.000100 0.053741 0.967894 -0.245546 11.645400 0.011077 0.245308 0.969382 -1.422300 0.000000 0.000000 0.000000 1.000000
0.999310 -0.037139 0.000986 -0.000100 0.035990 0.961124 -0.273762 11.645400 0.009220 0.273608 0.961797 -1.422300 0.000000 0.000000 0.000000 1.000000
0.999720 -0.023080 0.005273 -0.000100 0.023638 0.960762 -0.276364 11.645400 0.001313 0.276411 0.961039 -1.422300 0.000000 0.000000 0.000000 1.000000
0.999883 -0.010232 0.011367 -0.000100 0.012806 0.966441 -0.256571 11.645400 -0.008360 0.256686 0.966459 -1.422300 0.000000 0.000000 0.000000 1.000000
0.999898 0.002490 0.014099 -0.000100 0.000688 0.975267 -0.221030 11.645400 -0.014301 0.221017 0.975165 -1.422300 0.000000 0.000000 0.000000 1.000000
0.999854 0.012846 0.011309 -0.000100 -0.010622 0.983886 -0.178479 11.645400 -0.013419 0.178332 0.983879 -1.422300 0.000000 0.000000 0.000000 1.000000
0.999823 0.017881 0.005797 -0.000100 -0.016864 0.989494 -0.143587 11.645400 -0.008304 0.143463 0.989621 -1.422300 0.000000 0.000000 0.000000 1.000000
0.999840 0.017770 0.002090 -0.000100 -0.017353 0.991516 -0.128820 11.645400 -0.004361 0.128763 0.991666 -1.422300 0.000000 0.000000 0.000000 1.000000
0.999891 0.014692 0.001632 -0.000100 -0.014336 0.990731 -0.135078 11.645400 -0.003601 0.135040 0.990834 -1.422300 0.000000 0.000000 0.000000 1.000000
0.999942 0.010538 0.002269 -0.000100 -0.010086 0.988900 -0.148243 11.645400 -0.003806 0.148211 0.988948 -1.422300 0.000000 0.000000 0.000000 1.000000
0.999976 0.006588 0.002249 -0.000100 -0.006182 0.988957 -0.148074 11.645400 -0.003200 0.148057 0.988974 -1.422300 0.000000 0.000000 0.000000 1.000000
0.999990 0.003659 0.002667 -0.000100 -0.003299 0.992244 -0.124262 11.645400 -0.003101 0.124252 0.992246 -1.422300 0.000000 0.000000 0.000000 1.000000
0.999984 0.003051 0.004705 -0.000100 -0.002672 0.996892 -0.078740 11.645400 -0.004930 0.078727 0.996884 -1.422300 0.000000 0.000000 0.000000 1.000000
0.999967 0.005783 0.005646 -0.000100 -0.005657 0.999739 -0.022134 11.645400 -0.005773 0.022101 0.999739 -1.422300 0.000000 0.000000 0.000000 1.000000
0.999933 0.011602 0.000573 -0.000100 -0.011615 0.999376 0.033352 11.645400 -0.000186 -0.033356 0.999444 -1.422300 0.000000 0.000000 0.000000 1.000000
0.999763 0.018203 -0.011909 -0.000100 -0.017231 0.996873 0.077125 11.645400 0.013276 -0.076902 0.996950 -1.422300 0.000000 0.000000 0.000000 1.000000
0.999377 0.021837 -0.027714 -0.000100 -0.019002 0.994933 0.098723 11.645400 0.029729 -0.098135 0.994729 -1.422300 0.000000 0.000000 0.000000 1.000000
0.998953 0.019954 -0.041157 -0.000100 -0.016195 0.995835 0.089726 11.645400 0.042776 -0.088965 0.995116 -1.422300 0.000000 0.000000 0.000000 1.000000
0.998661 0.015863 -0.049241 -0.000100 -0.012937 0.998164 0.059178 11.645400 0.050089 -0.058462 0.997032 -1.422300 0.000000 0.000000 0.000000 1.000000
0.998533 0.012908 -0.052587 -0.000100 -0.011910 0.999744 0.019239 11.645400 0.052822 -0.018585 0.998431 -1.422300 0.000000 0.000000 0.000000 1.000000
0.998511 0.012528 -0.053094 -0.000100 -0.013586 0.999715 -0.019612 11.645400 0.052833 0.020304 0.998397 -1.422300 0.000000 0.000000 0.000000 1.000000</float_array><technique_common><accessor source="#mixamorig_Spine1-Matrix-animation-output-transform-array" count="31" stride="16"><param type="float4x4"/></accessor></technique_common></source><source id="mixamorig_Spine1-Interpolations"><Name_array id="mixamorig_Spine1-Interpolations-array" count="31">
 LINEAR LINEAR LINEAR LINEAR LINEAR LINEAR LINEAR LINEAR LINEAR LINEAR LINEAR
LINEAR LINEAR LINEAR LINEAR LINEAR LINEAR LINEAR LINEAR LINEAR LINEAR LINEAR LINEAR
LINEAR LINEAR LINEAR LINEAR LINEAR LINEAR LINEAR LINEAR</Name_array><technique_common><accessor source="#mixamorig_Spine1-Interpolations-array" count="31"><param type="name"/></accessor></technique_common></source><sampler id="mixamorig_Spine1-Matrix-animation-transform"><input semantic="INPUT" source="#mixamorig_Spine1-Matrix-animation-input"/><input semantic="OUTPUT" source="#mixamorig_Spine1-Matrix-animation-output-transform"/><input semantic="INTERPOLATION" source="#mixamorig_Spine1-Interpolations"/></sampler><channel source="#mixamorig_Spine1-Matrix-animation-transform" target="mixamorig_Spine1/matrix"/></animation>
    <animation id="mixamorig_Spine2-anim" name="mixamorig_Spine2"><source id="mixamorig_Spine2-Matrix-animation-input"><float_array id="mixamorig_Spine2-Matrix-animation-input-array" count="31">

0.000000 0.033333 0.066667 0.100000 0.133333 0.166667 0.200000 0.233333 0.266667 0.300000 0.333333 0.366667 0.400000 0.433333 0.466667 0.500000
0.533333 0.566667 0.600000 0.633333 0.666667 0.700000 0.733333 0.766667 0.800000 0.833333 0.866667 0.900000 0.933333 0.966667 1.000000</float_array><technique_common><accessor source="#mixamorig_Spine2-Matrix-animation-input-array" count="31"><param name="TIME" type="float"/></accessor></technique_common></source><source id="mixamorig_Spine2-Matrix-animation-output-transform"><float_array id="mixamorig_Spine2-Matrix-animation-output-transform-array" count="496">

0.998552 0.012171 -0.052396 0.000100 -0.013247 0.999707 -0.020235 13.360200 0.052135 0.020900 0.998421 -1.626500 0.000000 0.000000 0.000000 1.000000
0.999421 -0.019325 -0.028013 0.000100 0.018564 0.999458 -0.027186 13.360200 0.028524 0.026650 0.999238 -1.626500 0.000000 0.000000 0.000000 1.000000
0.996830 -0.079350 -0.005773 0.000100 0.079222 0.996660 -0.019795 13.360200 0.007324 0.019275 0.999787 -1.626500 0.000000 0.000000 0.000000 1.000000
0.990242 -0.138967 0.010470 0.000100 0.139114 0.990164 -0.014898 13.360200 -0.008297 0.016209 0.999834 -1.626500 0.000000 0.000000 0.000000 1.000000
0.985565 -0.168056 0.020480 0.000100 0.168637 0.985189 -0.031050 13.360200 -0.014959 0.034055 0.999308 -1.626500 0.000000 0.000000 0.000000 1.000000
0.986688 -0.160361 0.027045 0.000100 0.161982 0.983878 -0.075798 13.360200 -0.014454 0.079170 0.996756 -1.626500 0.000000 0.000000 0.000000 1.000000
0.990384 -0.134779 0.031218 0.000100 0.137878 0.980137 -0.142554 13.360200 -0.011384 0.145487 0.989295 -1.626500 0.000000 0.000000 0.000000 1.000000
0.993393 -0.110546 0.030809 0.000100 0.114611 0.969318 -0.217456 13.360200 -0.005825 0.219551 0.975584 -1.626500 0.000000 0.000000 0.000000 1.000000
0.995548 -0.091027 0.024479 0.000100 0.094215 0.952786 -0.288655 13.360200 0.002952 0.289676 0.957120 -1.626500 0.000000 0.000000 0.000000 1.000000
0.997328 -0.071479 0.015068 0.000100 0.072221 0.933841 -0.350322 13.360200 0.010969 0.350474 0.936508 -1.626500 0.000000 0.000000 0.000000 1.000000
0.998646 -0.051439 0.007805 0.000100 0.050275 0.915478 -0.399215 13.360200 0.013390 0.399067 0.916824 -1.626500 0.000000 0.000000 0.000000 1.000000
0.999409 -0.033854 0.005950 0.000100 0.033128 0.902546 -0.429318 13.360200 0.009164 0.429261 0.903134 -1.626500 0.000000 0.000000 0.000000 1.000000
0.999795 -0.018410 0.008437 0.000100 0.020249 0.902071 -0.431112 13.360200 0.000326 0.431194 0.902259 -1.626500 0.000000 0.000000 0.000000 1.000000
0.999922 -0.004314 0.011756 0.000100 0.008709 0.914153 -0.405277 13.360200 -0.008998 0.405347 0.914118 -1.626500 0.000000 0.000000 0.000000 1.000000
0.999899 0.007723 0.011951 0.000100 -0.002961 0.934427 -0.356143 13.360200 -0.013918 0.356071 0.934355 -1.626500 0.000000 0.000000 0.000000 1.000000
0.999851 0.015175 0.008169 0.000100 -0.012126 0.956272 -0.292228 13.360200 -0.012246 0.292085 0.956314 -1.626500 0.000000 0.000000 0.000000 1.000000
0.999860 0.016327 0.003782 0.000100 -0.015009 0.972729 -0.231457 13.360200 -0.007458 0.231368 0.972838 -1.626500 0.000000 0.000000 0.000000 1.000000
0.999912 0.013004 0.002601 0.000100 -0.012261 0.981275 -0.192219 13.360200 -0.005052 0.192171 0.981349 -1.626500 0.000000 0.000000 0.000000 1.000000
0.999955 0.008210 0.004681 0.000100 -0.007185 0.982177 -0.187820 13.360200 -0.006140 0.187778 0.982192 -1.626500 0.000000 0.000000 0.000000 1.000000
0.999970 0.003646 0.006891 0.000100 -0.002144 0.978450 -0.206473 13.360200 -0.007495 0.206452 0.978428 -1.626500 0.000000 0.000000 0.000000 1.000000
0.999974 -0.000071 0.007190 0.000100 0.001677 0.974668 -0.223649 13.360200 -0.006992 0.223656 0.974643 -1.626500 0.000000 0.000000 0.000000 1.000000
0.999971 -0.002576 0.007120 0.000100 0.004099 0.974810 -0.222999 13.360200 -0.006366 0.223022 0.974793 -1.626500 0.000000 0.000000 0.000000 1.000000
0.999962 -0.002560 0.008322 0.000100 0.004176 0.979701 -0.200421 13.360200 -0.007640 0.200448 0.979674 -1.626500 0.000000 0.000000 0.000000 1.000000
0.999967 0.000665 0.008077 0.000100 0.000655 0.986721 -0.162425 13.360200 -0.008078 0.162425 0.986688 -1.626500 0.000000 0.000000 0.000000 1.000000
0.999981 0.005992 0.001188 0.000100 -0.005807 0.992856 -0.119177 13.360200 -0.001894 0.119168 0.992872 -1.626500 0.000000 0.000000 0.000000 1.000000
0.999849 0.010895 -0.013507 0.000100 -0.011940 0.996732 -0.079897 13.360200 0.012592 0.080046 0.996712 -1.626500 0.000000 0.000000 0.000000 1.000000
0.999444 0.012765 -0.030805 0.000100 -0.014401 0.998464 -0.053493 13.360200 0.030075 0.053907 0.998093 -1.626500 0.000000 0.000000 0.000000 1.000000
0.998980 0.010957 -0.043806 0.000100 -0.012565 0.999251 -0.036610 13.360200 0.043372 0.037123 0.998369 -1.626500 0.000000 0.000000 0.000000 1.000000
0.998676 0.009825 -0.050498 0.000100 -0.010630 0.999820 -0.015698 13.360200 0.050335 0.016214 0.998601 -1.626500 0.000000 0.000000 0.000000 1.000000
0.998562 0.010590 -0.052546 0.000100 -0.010842 0.999931 -0.004518 13.360200 0.052495 0.005081 0.998608 -1.626500 0.000000 0.000000 0.000000 1.000000
0.998552 0.012171 -0.052396 0.000100 -0.013247 0.999707 -0.020235 13.360200 0.052134 0.020900 0.998421 -1.626500 0.000000 0.000000 0.000000 1.000000</float_array><technique_common><accessor source="#mixamorig_Spine2-Matrix-animation-output-transform-array" count="31" stride="16"><param type="float4x4"/></accessor></technique_common></source><source id="mixamorig_Spine2-Interpolations"><Name_array id="mixamorig_Spine2-Interpolations-array" count="31">
 LINEAR LINEAR LINEAR LINEAR LINEAR LINEAR LINEAR LINEAR LINEAR LINEAR LINEAR
LINEAR LINEAR LINEAR LINEAR LINEAR LINEAR LINEAR LINEAR LINEAR LINEAR LINEAR LINEAR
LINEAR LINEAR LINEAR LINEAR LINEAR LINEAR LINEAR LINEAR</Name_array><technique_common><accessor source="#mixamorig_Spine2-Interpolations-array" count="31"><param type="name"/></accessor></technique_common></source><sampler id="mixamorig_Spine2-Matrix-animation-transform"><input semantic="INPUT" source="#mixamorig_Spine2-Matrix-animation-input"/><input semantic="OUTPUT" source="#mixamorig_Spine2-Matrix-animation-output-transform"/><input semantic="INTERPOLATION" source="#mixamorig_Spine2-Interpolations"/></sampler><channel source="#mixamorig_Spine2-Matrix-animation-transform" target="mixamorig_Spine2/matrix"/></animation>
    <animation id="mixamorig_Neck-anim" name="mixamorig_Neck"><source id="mixamorig_Neck-Matrix-animation-input"><float_array id="mixamorig_Neck-Matrix-animation-input-array" count="31">

0.000000 0.033333 0.066667 0.100000 0.133333 0.166667 0.200000 0.233333 0.266667 0.300000 0.333333 0.366667 0.400000 0.433333 0.466667 0.500000
0.533333 0.566667 0.600000 0.633333 0.666667 0.700000 0.733333 0.766667 0.800000 0.833333 0.866667 0.900000 0.933333 0.966667 1.000000</float_array><technique_common><accessor source="#mixamorig_Neck-Matrix-animation-input-array" count="31"><param name="TIME" type="float"/></accessor></technique_common></source><source id="mixamorig_Neck-Matrix-animation-output-transform"><float_array id="mixamorig_Neck-Matrix-animation-output-transform-array" count="496">

0.999269 0.023759 0.029938 0.000000 -0.027425 0.991304 0.128702 15.032500 -0.026620 -0.129429 0.991231 0.792900 0.000000 0.000000 0.000000 1.000000
0.999148 0.027136 0.031111 -0.000000 -0.031357 0.989025 0.144380 15.032500 -0.026851 -0.145233 0.989033 0.792900 0.000000 0.000000 0.000000 1.000000
0.997666 0.061026 0.030636 -0.000000 -0.064621 0.988763 0.134800 15.032500 -0.022066 -0.136465 0.990399 0.792900 0.000000 0.000000 0.000000 1.000000
0.993967 0.106475 0.026333 0.000000 -0.108616 0.988915 0.101245 15.032500 -0.015261 -0.103494 0.994513 0.792900 0.000000 0.000000 0.000000 1.000000
0.990502 0.136466 0.016826 0.000000 -0.137227 0.988810 0.058505 15.032500 -0.008654 -0.060258 0.998145 0.792900 0.000000 0.000000 0.000000 1.000000
0.990624 0.136553 0.004152 0.000000 -0.136614 0.990288 0.025814 15.032500 -0.000586 -0.026139 0.999658 0.792900 0.000000 0.000000 0.000000 1.000000
0.993204 0.116237 -0.005878 -0.000000 -0.116175 0.993178 0.010032 15.032500 0.007004 -0.009281 0.999932 0.792900 0.000000 0.000000 0.000000 1.000000
0.995412 0.095377 -0.007628 0.000000 -0.095351 0.995437 0.003764 15.032500 0.007952 -0.003020 0.999964 0.792900 0.000000 0.000000 0.000000 1.000000
0.996419 0.084553 -0.000902 0.000000 -0.084555 0.996415 -0.002760 15.032500 0.000666 0.002826 0.999996 0.792900 0.000000 0.000000 0.000000 1.000000
0.996744 0.080179 0.008575 0.000000 -0.080077 0.996721 -0.011611 15.032500 -0.009478 0.010887 0.999896 0.792900 0.000000 0.000000 0.000000 1.000000
0.997130 0.074362 0.014208 0.000000 -0.074092 0.997077 -0.018634 15.032500 -0.015552 0.017528 0.999725 0.792900 0.000000 0.000000 0.000000 1.000000
0.997808 0.064737 0.013742 0.000000 -0.064433 0.997689 -0.021544 15.032500 -0.015105 0.020612 0.999673 0.792900 0.000000 0.000000 0.000000 1.000000
0.998433 0.055097 0.009813 -0.000000 -0.054849 0.998207 -0.023959 15.032500 -0.011116 0.023383 0.999665 0.792900 0.000000 0.000000 0.000000 1.000000
0.998770 0.049129 0.006638 0.000000 -0.048856 0.998142 -0.036410 15.032500 -0.008415 0.036041 0.999315 0.792900 0.000000 0.000000 0.000000 1.000000
0.998895 0.046670 0.005501 0.000000 -0.046196 0.996666 -0.067247 15.032500 -0.008621 0.066919 0.997721 0.792900 0.000000 0.000000 0.000000 1.000000
0.999006 0.044389 0.004017 -0.000000 -0.043611 0.992113 -0.117514 15.032500 -0.009201 0.117222 0.993063 0.792900 0.000000 0.000000 0.000000 1.000000
0.999198 0.040046 -0.000714 -0.000000 -0.039523 0.982947 -0.179589 15.032500 -0.006490 0.179473 0.983741 0.792900 0.000000 0.000000 0.000000 1.000000
0.999269 0.037124 -0.009083 0.000000 -0.038219 0.970934 -0.236278 15.032500 0.000047 0.236452 0.971643 0.792900 0.000000 0.000000 0.000000 1.000000
0.998889 0.043437 -0.018298 -0.000000 -0.046753 0.962357 -0.267739 15.032500 0.005979 0.268297 0.963318 0.792900 0.000000 0.000000 0.000000 1.000000
0.997707 0.063128 -0.024424 -0.000000 -0.067329 0.962670 -0.262170 15.032500 0.006962 0.263213 0.964713 0.792900 0.000000 0.000000 0.000000 1.000000
0.995647 0.089649 -0.025502 -0.000000 -0.093076 0.970752 -0.221310 15.032500 0.004916 0.222720 0.974870 0.792900 0.000000 0.000000 0.000000 1.000000
0.993822 0.108516 -0.023263 0.000000 -0.110823 0.981569 -0.155695 15.032500 0.005939 0.157311 0.987531 0.792900 0.000000 0.000000 0.000000 1.000000
0.993779 0.109257 -0.021598 0.000000 -0.110540 0.991283 -0.071685 15.032500 0.013577 0.073626 0.997193 0.792900 0.000000 0.000000 0.000000 1.000000
0.995328 0.093910 -0.022417 0.000000 -0.093204 0.995173 0.030706 15.032500 0.025192 -0.028473 0.999277 0.792900 0.000000 0.000000 0.000000 1.000000
0.996968 0.074119 -0.023670 -0.000000 -0.069937 0.986976 0.144869 15.032500 0.034099 -0.142774 0.989168 0.792900 0.000000 0.000000 0.000000 1.000000
0.997928 0.060572 -0.021717 0.000000 -0.053397 0.967847 0.245806 15.032500 0.035908 -0.244137 0.969076 0.792900 0.000000 0.000000 0.000000 1.000000
0.998350 0.055445 -0.014913 0.000000 -0.048431 0.952725 0.299950 15.032500 0.030839 -0.298733 0.953838 0.792900 0.000000 0.000000 0.000000 1.000000
0.998556 0.053542 -0.004409 0.000000 -0.049952 0.955526 0.290647 15.032500 0.019775 -0.290007 0.956820 0.792900 0.000000 0.000000 0.000000 1.000000
0.998767 0.049098 0.007308 0.000000 -0.049434 0.970470 0.236104 15.032500 0.004500 -0.236174 0.971700 0.792900 0.000000 0.000000 0.000000 1.000000
0.999056 0.039125 0.018860 0.000000 -0.041794 0.984165 0.172256 15.032500 -0.011821 -0.172882 0.984872 0.792900 0.000000 0.000000 0.000000 1.000000
0.999269 0.023759 0.029938 0.000000 -0.027425 0.991304 0.128702 15.032500 -0.026620 -0.129429 0.991231 0.792900 0.000000 0.000000 0.000000 1.000000</float_array><technique_common><accessor source="#mixamorig_Neck-Matrix-animation-output-transform-array" count="31" stride="16"><param type="float4x4"/></accessor></technique_common></source><source id="mixamorig_Neck-Interpolations"><Name_array id="mixamorig_Neck-Interpolations-array" count="31">
 LINEAR LINEAR LINEAR LINEAR LINEAR LINEAR LINEAR LINEAR LINEAR LINEAR LINEAR
LINEAR LINEAR LINEAR LINEAR LINEAR LINEAR LINEAR LINEAR LINEAR LINEAR LINEAR LINEAR
LINEAR LINEAR LINEAR LINEAR LINEAR LINEAR LINEAR LINEAR</Name_array><technique_common><accessor source="#mixamorig_Neck-Interpolations-array" count="31"><param type="name"/></accessor></technique_common></source><sampler id="mixamorig_Neck-Matrix-animation-transform"><input semantic="INPUT" source="#mixamorig_Neck-Matrix-animation-input"/><input semantic="OUTPUT" source="#mixamorig_Neck-Matrix-animation-output-transform"/><input semantic="INTERPOLATION" source="#mixamorig_Neck-Interpolations"/></sampler><channel source="#mixamorig_Neck-Matrix-animation-transform" target="mixamorig_Neck/matrix"/></animation>
    <animation id="mixamorig_Head-anim" name="mixamorig_Head"><source id="mixamorig_Head-Matrix-animation-input"><float_array id="mixamorig_Head-Matrix-animation-input-array" count="31">

0.000000 0.033333 0.066667 0.100000 0.133333 0.166667 0.200000 0.233333 0.266667 0.300000 0.333333 0.366667 0.400000 0.433333 0.466667 0.500000
0.533333 0.566667 0.600000 0.633333 0.666667 0.700000 0.733333 0.766667 0.800000 0.833333 0.866667 0.900000 0.933333 0.966667 1.000000</float_array><technique_common><accessor source="#mixamorig_Head-Matrix-animation-input-array" count="31"><param name="TIME" type="float"/></accessor></technique_common></source><source id="mixamorig_Head-Matrix-animation-output-transform"><float_array id="mixamorig_Head-Matrix-animation-output-transform-array" count="496">

0.994802 -0.066506 -0.077111 0.000000 0.092577 0.906073 0.412871 10.321800 0.042410 -0.417863 0.907520 3.142400 0.000000 0.000000 0.000000 1.000000
0.997932 -0.062916 0.013144 0.000000 0.057469 0.964991 0.255910 10.321800 -0.028785 -0.254625 0.966611 3.142400 0.000000 0.000000 0.000000 1.000000
0.996109 -0.003321 0.088069 -0.000000 0.001470 0.999777 0.021074 10.321800 -0.088119 -0.020863 0.995891 3.142400 0.000000 0.000000 0.000000 1.000000
0.988681 0.084438 0.124016 0.000000 -0.055123 0.973217 -0.223181 10.321800 -0.139540 0.213819 0.966856 3.142400 0.000000 0.000000 0.000000 1.000000
0.980533 0.156913 0.118036 0.000000 -0.100728 0.917992 -0.383594 10.321800 -0.168547 0.364237 0.915928 3.142400 0.000000 0.000000 0.000000 1.000000
0.977504 0.189563 0.092479 0.000000 -0.133161 0.894681 -0.426396 10.321800 -0.163568 0.404489 0.899797 3.142400 0.000000 0.000000 0.000000 1.000000
0.978524 0.193002 0.072395 0.000000 -0.151828 0.912373 -0.380161 10.321800 -0.139423 0.361006 0.922083 3.142400 0.000000 0.000000 0.000000 1.000000
0.979147 0.190798 0.069763 0.000000 -0.163369 0.943637 -0.287853 10.321800 -0.120753 0.270453 0.955130 3.142400 0.000000 0.000000 0.000000 1.000000
0.977751 0.193500 0.081001 0.000000 -0.176957 0.968197 -0.176864 10.321800 -0.112648 0.158595 0.980897 3.142400 0.000000 0.000000 0.000000 1.000000
0.976333 0.195427 0.092640 -0.000000 -0.190616 0.979932 -0.058291 10.321800 -0.102173 0.039253 0.993992 3.142400 0.000000 0.000000 0.000000 1.000000
0.977646 0.189107 0.091909 0.000000 -0.194686 0.979265 0.056010 10.321800 -0.079412 -0.072651 0.994191 3.142400 0.000000 0.000000 0.000000 1.000000
0.981746 0.174662 0.075286 0.000000 -0.184212 0.971707 0.147822 10.321800 -0.047337 -0.158992 0.986144 3.142400 0.000000 0.000000 0.000000 1.000000
0.986552 0.156120 0.048394 -0.000000 -0.162801 0.964915 0.205995 10.321800 -0.014536 -0.211103 0.977356 3.142400 0.000000 0.000000 0.000000 1.000000
0.990705 0.134801 0.018232 -0.000000 -0.135391 0.964203 0.227994 10.321800 0.013154 -0.228343 0.973492 3.142400 0.000000 0.000000 0.000000 1.000000
0.993859 0.109368 -0.016797 0.000000 -0.102920 0.969455 0.222630 10.321800 0.040632 -0.219534 0.974758 3.142400 0.000000 0.000000 0.000000 1.000000
0.994555 0.080682 -0.065956 0.000000 -0.065998 0.977465 0.200515 10.321800 0.080647 -0.195071 0.977468 3.142400 0.000000 0.000000 0.000000 1.000000
0.989278 0.055590 -0.135051 0.000000 -0.031969 0.984726 0.171153 10.321800 0.142503 -0.165001 0.975945 3.142400 0.000000 0.000000 0.000000 1.000000
0.975091 0.045349 -0.217119 0.000000 -0.012175 0.988344 0.151752 10.321800 0.221470 -0.145328 0.964277 3.142400 0.000000 0.000000 0.000000 1.000000
0.954404 0.054286 -0.293540 0.000000 -0.009348 0.988279 0.152375 10.321800 0.298371 -0.142683 0.943725 3.142400 0.000000 0.000000 0.000000 1.000000
0.934981 0.067637 -0.348190 0.000000 -0.016222 0.988777 0.148513 10.321800 0.354327 -0.133208 0.925585 3.142400 0.000000 0.000000 0.000000 1.000000
0.922090 0.057575 -0.382668 -0.000000 -0.024479 0.995568 0.090805 10.321800 0.386200 -0.074363 0.919412 3.142400 0.000000 0.000000 0.000000 1.000000
0.912371 0.005092 -0.409333 -0.000000 -0.024474 0.998813 -0.042125 10.321800 0.408632 0.048452 0.911412 3.142400 0.000000 0.000000 0.000000 1.000000
0.900117 -0.080771 -0.428096 -0.000000 -0.008432 0.979248 -0.202488 10.321800 0.435567 0.185872 0.880757 3.142400 0.000000 0.000000 0.000000 1.000000
0.888005 -0.165492 -0.429021 0.000000 0.024030 0.948419 -0.316108 10.321800 0.459205 0.270396 0.846178 3.142400 0.000000 0.000000 0.000000 1.000000
0.883330 -0.220726 -0.413530 0.000000 0.068485 0.933500 -0.351976 10.321800 0.463721 0.282591 0.839706 3.142400 0.000000 0.000000 0.000000 1.000000
0.887804 -0.242562 -0.391111 0.000000 0.115108 0.939855 -0.321595 10.321800 0.445594 0.240493 0.862328 3.142400 0.000000 0.000000 0.000000 1.000000
0.900386 -0.236397 -0.365268 0.000000 0.155309 0.958839 -0.237711 10.321800 0.406428 0.157302 0.900040 3.142400 0.000000 0.000000 0.000000 1.000000
0.922143 -0.205542 -0.327726 0.000000 0.182768 0.978139 -0.099199 10.321800 0.340951 0.031578 0.939551 3.142400 0.000000 0.000000 0.000000 1.000000
0.950629 -0.156964 -0.267705 0.000000 0.186314 0.978555 0.087848 10.321800 0.248175 -0.133388 0.959488 3.142400 0.000000 0.000000 0.000000 1.000000
0.977564 -0.106155 -0.181934 0.000000 0.154402 0.948642 0.276114 10.321800 0.143279 -0.298010 0.943748 3.142400 0.000000 0.000000 0.000000 1.000000
0.994802 -0.066506 -0.077111 0.000000 0.092577 0.906072 0.412871 10.321800 0.042410 -0.417863 0.907520 3.142400 0.000000 0.000000 0.000000 1.000000</float_array><technique_common><accessor source="#mixamorig_Head-Matrix-animation-output-transform-array" count="31" stride="16"><param type="float4x4"/></accessor></technique_common></source><source id="mixamorig_Head-Interpolations"><Name_array id="mixamorig_Head-Interpolations-array" count="31">
 LINEAR LINEAR LINEAR LINEAR LINEAR LINEAR LINEAR LINEAR LINEAR LINEAR LINEAR
LINEAR LINEAR LINEAR LINEAR LINEAR LINEAR LINEAR LINEAR LINEAR LINEAR LINEAR LINEAR
LINEAR LINEAR LINEAR LINEAR LINEAR LINEAR LINEAR LINEAR</Name_array><technique_common><accessor source="#mixamorig_Head-Interpolations-array" count="31"><param type="name"/></accessor></technique_common></source><sampler id="mixamorig_Head-Matrix-animation-transform"><input semantic="INPUT" source="#mixamorig_Head-Matrix-animation-input"/><input semantic="OUTPUT" source="#mixamorig_Head-Matrix-animation-output-transform"/><input semantic="INTERPOLATION" source="#mixamorig_Head-Interpolations"/></sampler><channel source="#mixamorig_Head-Matrix-animation-transform" target="mixamorig_Head/matrix"/></animation>
    <animation id="mixamorig_LeftShoulder-anim" name="mixamorig_LeftShoulder"><source id="mixamorig_LeftShoulder-Matrix-animation-input"><float_array id="mixamorig_LeftShoulder-Matrix-animation-input-array" count="31">

0.000000 0.033333 0.066667 0.100000 0.133333 0.166667 0.200000 0.233333 0.266667 0.300000 0.333333 0.366667 0.400000 0.433333 0.466667 0.500000
