<?xml version="1.0" encoding="utf-8"?>
<COLLADA xmlns="http://www.collada.org/2005/11/COLLADASchema" version="1.4.1">
  <asset><contributor><author>Mixamo</author><authoring_tool>COLLADA Mixamo exporter</authoring_tool><comments></comments></contributor><created>2018-12-17T15:14:34Z</created><modified>2018-12-17T15:14:34Z</modified><revision></revision><title></title><unit meter="0.010000"/><up_axis>Y_UP</up_axis></asset>
  <library_animations>
    <animation id="mixamorig_Hips-anim" name="mixamorig_Hips"><source id="mixamorig_Hips-Matrix-animation-input"><float_array id="mixamorig_Hips-Matrix-animation-input-array" count="84">

0.000000 0.033333 0.066667 0.100000 0.133333 0.166667 0.200000 0.233333 0.266667 0.300000 0.333333 0.366667 0.400000 0.433333 0.466667 0.500000
0.533333 0.566667 0.600000 0.633333 0.666667 0.700000 0.733333 0.766667 0.800000 0.833333 0.866667 0.900000 0.933333 0.966667 1.000000 1.033333
1.066667 1.100000 1.133333 1.166667 1.200000 1.233333 1.266667 1.300000 1.333333 1.366667 1.400000 1.433333 1.466667 1.500000 1.533333 1.566667
1.600000 1.633333 1.666667 1.700000 1.733333 1.766667 1.800000 1.833333 1.866667 1.900000 1.933333 1.966667 2.000000 2.033333 2.066667 2.100000
2.133333 2.166667 2.200000 2.233333 2.266667 2.300000 2.333333 2.366667 2.400000 2.433333 2.466667 2.500000 2.533333 2.566667 2.600000 2.633333
2.666667 2.700000 2.733333 2.766667</float_array><technique_common><accessor source="#mixamorig_Hips-Matrix-animation-input-array" count="84"><param name="TIME" type="float"/></accessor></technique_common></source><source id="mixamorig_Hips-Matrix-animation-output-transform"><float_array id="mixamorig_Hips-Matrix-animation-output-transform-array" count="1344">

0.986488 -0.004964 0.163757 2.144582 0.013457 0.998618 -0.050795 96.464691 -0.163279 0.052312 0.985192 76.209366 0.000000 0.000000 0.000000 1.000000
0.984170 0.002134 0.177215 1.909649 0.007215 0.998616 -0.052096 97.186531 -0.177081 0.052550 0.982792 81.032196 0.000000 0.000000 0.000000 1.000000
0.980509 0.010155 0.196210 1.629445 0.000415 0.998554 -0.053756 97.548233 -0.196472 0.052790 0.979087 85.833572 0.000000 0.000000 0.000000 1.000000
0.975583 0.016811 0.218987 1.310898 -0.004378 0.998357 -0.057136 97.565041 -0.219588 0.054782 0.974053 90.631378 0.000000 0.000000 0.000000 1.000000
0.969952 0.020039 0.242470 0.964191 -0.004640 0.997945 -0.063915 97.398682 -0.243252 0.060870 0.968051 95.452309 0.000000 0.000000 0.000000 1.000000
0.964587 0.020444 0.262973 0.633974 -0.000772 0.997206 -0.074693 97.184944 -0.263765 0.071845 0.961908 100.315277 0.000000 0.000000 0.000000 1.000000
0.960882 0.018740 0.276322 0.370119 0.006517 0.995902 -0.090202 96.914597 -0.276880 0.088474 0.956823 105.241234 0.000000 0.000000 0.000000 1.000000
0.960653 0.014341 0.277382 0.197809 0.017287 0.993643 -0.111240 96.501022 -0.277214 0.111658 0.954298 110.280678 0.000000 0.000000 0.000000 1.000000
0.964231 0.007019 0.264970 0.082911 0.030534 0.990053 -0.137339 95.887070 -0.263298 0.140517 0.954426 115.485123 0.000000 0.000000 0.000000 1.000000
0.970915 -0.001393 0.239422 -0.047834 0.042866 0.984837 -0.168103 95.098534 -0.235557 0.173476 0.956252 120.863297 0.000000 0.000000 0.000000 1.000000
0.978537 -0.003810 0.206035 -0.298287 0.046584 0.978038 -0.203157 94.117516 -0.200736 0.208394 0.957224 126.275436 0.000000 0.000000 0.000000 1.000000
0.984752 0.005576 0.173875 -0.759175 0.037631 0.968994 -0.244201 93.007278 -0.169846 0.247021 0.954009 131.507446 0.000000 0.000000 0.000000 1.000000
0.988290 0.027404 0.150106 -1.421241 0.018264 0.955423 -0.294676 91.877144 -0.151490 0.293967 0.943734 136.462433 0.000000 0.000000 0.000000 1.000000
0.988652 0.054378 0.140036 -2.190462 -0.001449 0.935593 -0.353078 90.922035 -0.150217 0.348868 0.925054 141.139297 0.000000 0.000000 0.000000 1.000000
0.986741 0.076818 0.142973 -2.914935 -0.010941 0.910380 -0.413627 90.191383 -0.161933 0.406579 0.899150 145.660339 0.000000 0.000000 0.000000 1.000000
0.983901 0.086595 0.156334 -3.489122 -0.002498 0.881345 -0.472466 89.582909 -0.178697 0.464470 0.867373 150.127106 0.000000 0.000000 0.000000 1.000000
0.981519 0.085163 0.171370 -3.890286 0.017985 0.850499 -0.525669 88.672554 -0.190517 0.519036 0.833250 154.525375 0.000000 0.000000 0.000000 1.000000
0.980779 0.085720 0.175284 -4.153728 0.030295 0.820542 -0.570782 87.231049 -0.192755 0.565121 0.802174 159.042236 0.000000 0.000000 0.000000 1.000000
0.982965 0.090592 0.159915 -4.338785 0.025336 0.794990 -0.606094 85.548416 -0.182038 0.599821 0.779152 163.936600 0.000000 0.000000 0.000000 1.000000
0.987298 0.098206 0.124896 -4.454330 0.003780 0.771354 -0.636395 84.004646 -0.158837 0.628783 0.761185 169.257736 0.000000 0.000000 0.000000 1.000000
0.991416 0.103186 0.080294 -4.498337 -0.023218 0.743310 -0.668544 82.901398 -0.128667 0.660941 0.739325 174.729645 0.000000 0.000000 0.000000 1.000000
0.994189 0.100952 0.037380 -4.499873 -0.045076 0.705717 -0.707058 82.403603 -0.097758 0.701264 0.706167 180.080582 0.000000 0.000000 0.000000 1.000000
0.995729 0.092158 0.005556 -4.520012 -0.056533 0.656184 -0.752480 82.461792 -0.072993 0.748952 0.658592 185.274048 0.000000 0.000000 0.000000 1.000000
0.996475 0.082462 -0.015421 -4.611107 -0.061832 0.597689 -0.799340 82.849037 -0.056698 0.797476 0.600681 190.593475 0.000000 0.000000 0.000000 1.000000
0.996603 0.077101 -0.028942 -4.790139 -0.065837 0.534788 -0.842418 83.218521 -0.049474 0.841461 0.538047 196.368073 0.000000 0.000000 0.000000 1.000000
0.996216 0.077708 -0.038929 -5.012950 -0.071231 0.473337 -0.877996 83.175476 -0.049801 0.877447 0.477082 202.805801 0.000000 0.000000 0.000000 1.000000
0.995603 0.080714 -0.047529 -5.204185 -0.076956 0.415556 -0.906306 82.417152 -0.053400 0.905979 0.419941 209.817673 0.000000 0.000000 0.000000 1.000000
0.995041 0.081418 -0.057138 -5.293664 -0.082890 0.361225 -0.928787 80.774574 -0.054980 0.928917 0.366183 217.136429 0.000000 0.000000 0.000000 1.000000
0.994249 0.078034 -0.073342 -5.218917 -0.093979 0.307416 -0.946923 78.245163 -0.051346 0.948370 0.312982 224.545776 0.000000 0.000000 0.000000 1.000000
0.992337 0.071286 -0.100924 -4.993466 -0.115775 0.251069 -0.961020 74.876274 -0.043169 0.965341 0.257399 231.948990 0.000000 0.000000 0.000000 1.000000
0.988057 0.062394 -0.140893 -4.682949 -0.150350 0.190149 -0.970174 70.666611 -0.033743 0.979770 0.197259 239.375366 0.000000 0.000000 0.000000 1.000000
0.982049 0.056016 -0.180116 -4.373098 -0.186125 0.132812 -0.973508 65.649223 -0.030610 0.989557 0.140854 246.803238 0.000000 0.000000 0.000000 1.000000
0.978220 0.051875 -0.200986 -4.219415 -0.205209 0.095969 -0.974002 60.038834 -0.031238 0.994032 0.104524 254.142410 0.000000 0.000000 0.000000 1.000000
0.981135 0.048066 -0.187255 -4.388074 -0.190913 0.088350 -0.977623 54.125019 -0.030446 0.994929 0.095860 261.261444 0.000000 0.000000 0.000000 1.000000
0.990243 0.044463 -0.132068 -4.993680 -0.136164 0.107158 -0.984874 48.148582 -0.029638 0.993247 0.112167 268.052094 0.000000 0.000000 0.000000 1.000000
0.998062 0.045034 -0.042941 -6.018448 -0.049089 0.145738 -0.988105 42.224216 -0.038241 0.988298 0.147666 274.429260 0.000000 0.000000 0.000000 1.000000
0.996230 0.056899 0.065487 -7.319583 0.052983 0.198674 -0.978633 36.252251 -0.068694 0.978413 0.194910 280.401886 0.000000 0.000000 0.000000 1.000000
0.983076 0.078577 0.165491 -8.687570 0.140658 0.255023 -0.956650 30.187588 -0.117375 0.963737 0.239654 285.948303 0.000000 0.000000 0.000000 1.000000
0.964960 0.098536 0.243194 -9.890745 0.204667 0.297356 -0.932572 24.372162 -0.164207 0.949668 0.266770 290.981201 0.000000 0.000000 0.000000 1.000000
0.950458 0.108146 0.291433 -10.738630 0.247733 0.302787 -0.920298 19.294155 -0.187769 0.946902 0.260995 295.336639 0.000000 0.000000 0.000000 1.000000
0.943740 0.105760 0.313321 -11.220494 0.278061 0.259045 -0.924975 15.624507 -0.178989 0.960058 0.215063 298.764832 0.000000 0.000000 0.000000 1.000000
0.944846 0.096038 0.313117 -11.449099 0.292919 0.179867 -0.939067 13.679286 -0.146506 0.978992 0.141815 301.227905 0.000000 0.000000 0.000000 1.000000
0.953170 0.084910 0.290270 -11.505220 0.282457 0.093107 -0.954751 13.175503 -0.108094 0.992029 0.064763 302.940582 0.000000 0.000000 0.000000 1.000000
0.965625 0.079537 0.247472 -11.441027 0.245896 0.029185 -0.968857 13.462383 -0.084282 0.996405 0.008624 304.233734 0.000000 0.000000 0.000000 1.000000
0.978904 0.082685 0.186843 -11.358962 0.188165 -0.008432 -0.982101 14.018385 -0.079630 0.996540 -0.023812 305.290344 0.000000 0.000000 0.000000 1.000000
0.989466 0.091871 0.111875 -11.304668 0.114965 -0.029036 -0.992945 14.460723 -0.087974 0.995348 -0.039292 306.216278 0.000000 0.000000 0.000000 1.000000
0.994463 0.099308 0.034371 -11.204967 0.039169 -0.046779 -0.998137 14.671565 -0.097516 0.993957 -0.050409 307.089935 0.000000 0.000000 0.000000 1.000000
0.994263 0.102539 -0.030452 -10.965032 -0.024168 -0.061980 -0.997785 14.738154 -0.104200 0.992796 -0.059146 307.926331 0.000000 0.000000 0.000000 1.000000
0.992172 0.103266 -0.070225 -10.582194 -0.063232 -0.069501 -0.995576 14.653873 -0.107690 0.992223 -0.062428 308.619995 0.000000 0.000000 0.000000 1.000000
0.990929 0.104084 -0.085005 -10.108671 -0.078228 -0.067557 -0.994644 14.395220 -0.109270 0.992271 -0.058802 309.128479 0.000000 0.000000 0.000000 1.000000
0.990933 0.105019 -0.083803 -9.618750 -0.077877 -0.059318 -0.995197 13.978175 -0.109485 0.992700 -0.050601 309.451416 0.000000 0.000000 0.000000 1.000000
0.991417 0.104552 -0.078494 -9.169060 -0.073588 -0.049985 -0.996035 13.502640 -0.108061 0.993263 -0.041862 309.612457 0.000000 0.000000 0.000000 1.000000
0.991856 0.102128 -0.076104 -8.771796 -0.072027 -0.043041 -0.996474 13.127317 -0.105044 0.993840 -0.035335 309.626770 0.000000 0.000000 0.000000 1.000000
0.992196 0.097427 -0.077819 -8.440721 -0.074346 -0.038793 -0.996478 12.940962 -0.100103 0.994486 -0.031247 309.502441 0.000000 0.000000 0.000000 1.000000
0.992397 0.091350 -0.082478 -8.189095 -0.079439 -0.036429 -0.996174 12.928146 -0.094005 0.995152 -0.028895 309.259613 0.000000 0.000000 0.000000 1.000000
0.992594 0.085478 -0.086312 -8.039598 -0.083640 -0.034374 -0.995903 12.983641 -0.088094 0.995747 -0.026970 308.944031 0.000000 0.000000 0.000000 1.000000
0.992955 0.080519 -0.086929 -8.011312 -0.084604 -0.031859 -0.995905 13.003990 -0.082959 0.996244 -0.024822 308.619537 0.000000 0.000000 0.000000 1.000000
0.993593 0.077387 -0.082370 -8.105644 -0.080377 -0.028535 -0.996356 12.937243 -0.079455 0.996593 -0.022132 308.342102 0.000000 0.000000 0.000000 1.000000
0.994399 0.076382 -0.073054 -8.300376 -0.071367 -0.024601 -0.997147 12.809412 -0.077962 0.996775 -0.019012 308.137024 0.000000 0.000000 0.000000 1.000000
0.995193 0.076688 -0.060902 -8.565021 -0.059488 -0.020582 -0.998017 12.686427 -0.077789 0.996843 -0.015921 307.996979 0.000000 0.000000 0.000000 1.000000
0.995862 0.077558 -0.047370 -8.858417 -0.046212 -0.016656 -0.998793 12.636330 -0.078254 0.996849 -0.013003 307.909454 0.000000 0.000000 0.000000 1.000000
0.996297 0.078752 -0.034507 -9.140185 -0.033516 -0.013869 -0.999342 12.667829 -0.079179 0.996798 -0.011178 307.867828 0.000000 0.000000 0.000000 1.000000
0.996508 0.080298 -0.022910 -9.387155 -0.021943 -0.012906 -0.999676 12.743174 -0.080568 0.996687 -0.011099 307.869202 0.000000 0.000000 0.000000 1.000000
0.996526 0.082305 -0.012698 -9.587748 -0.011596 -0.013845 -0.999837 12.813440 -0.082468 0.996511 -0.012842 307.905609 0.000000 0.000000 0.000000 1.000000
0.996407 0.084611 -0.003813 -9.737513 -0.002508 -0.015517 -0.999876 12.843644 -0.084659 0.996293 -0.015249 307.964569 0.000000 0.000000 0.000000 1.000000
0.996215 0.086861 0.003394 -9.836485 0.004878 -0.016879 -0.999846 12.832080 -0.086790 0.996077 -0.017239 308.031891 0.000000 0.000000 0.000000 1.000000
0.996035 0.088573 0.008304 -9.886937 0.009881 -0.017382 -0.999800 12.805088 -0.088411 0.995918 -0.018188 308.093842 0.000000 0.000000 0.000000 1.000000
0.995905 0.089628 0.011857 -9.896227 0.013489 -0.017622 -0.999754 12.793116 -0.089397 0.995819 -0.018759 308.141327 0.000000 0.000000 0.000000 1.000000
0.995826 0.090167 0.014127 -9.874164 0.015823 -0.018118 -0.999711 12.804846 -0.089885 0.995762 -0.019469 308.171112 0.000000 0.000000 0.000000 1.000000
0.995800 0.090311 0.015063 -9.832026 0.016856 -0.019132 -0.999675 12.826727 -0.089994 0.995730 -0.020574 308.184143 0.000000 0.000000 0.000000 1.000000
0.995814 0.090195 0.014832 -9.779946 0.016726 -0.020276 -0.999655 12.834251 -0.089864 0.995718 -0.021700 308.184937 0.000000 0.000000 0.000000 1.000000
0.995862 0.089863 0.013554 -9.724363 0.015502 -0.021021 -0.999659 12.814238 -0.089547 0.995732 -0.022327 308.178802 0.000000 0.000000 0.000000 1.000000
0.995941 0.089279 0.011463 -9.668000 0.013387 -0.020989 -0.999690 12.772543 -0.089011 0.995785 -0.022099 308.171783 0.000000 0.000000 0.000000 1.000000
0.996039 0.088436 0.009293 -9.610739 0.011151 -0.020540 -0.999727 12.730055 -0.088221 0.995870 -0.021444 308.168884 0.000000 0.000000 0.000000 1.000000
0.996145 0.087376 0.007737 -9.552288 0.009524 -0.020047 -0.999754 12.703432 -0.087199 0.995974 -0.020802 308.170990 0.000000 0.000000 0.000000 1.000000
0.996256 0.086128 0.007436 -9.495356 0.009179 -0.019867 -0.999760 12.693298 -0.085959 0.996086 -0.020583 308.175537 0.000000 0.000000 0.000000 1.000000
0.996368 0.084785 0.007950 -9.446548 0.009671 -0.019901 -0.999755 12.688027 -0.084606 0.996200 -0.020649 308.179901 0.000000 0.000000 0.000000 1.000000
0.996479 0.083392 0.008640 -9.414123 0.010334 -0.019901 -0.999749 12.678167 -0.083199 0.996318 -0.020693 308.184265 0.000000 0.000000 0.000000 1.000000
0.996588 0.082065 0.008813 -9.404202 0.010452 -0.019559 -0.999754 12.664309 -0.081872 0.996435 -0.020350 308.190674 0.000000 0.000000 0.000000 1.000000
0.996677 0.081019 0.008468 -9.415294 0.010036 -0.018975 -0.999770 12.655375 -0.080839 0.996532 -0.019725 308.200256 0.000000 0.000000 0.000000 1.000000
0.996727 0.080433 0.008164 -9.437952 0.009685 -0.018544 -0.999781 12.655040 -0.080264 0.996588 -0.019262 308.211212 0.000000 0.000000 0.000000 1.000000
0.996751 0.080113 0.008283 -9.459893 0.009786 -0.018383 -0.999783 12.659649 -0.079943 0.996616 -0.019108 308.219849 0.000000 0.000000 0.000000 1.000000
0.996759 0.079945 0.008959 -9.472062 0.010467 -0.018458 -0.999775 12.656898 -0.079762 0.996628 -0.019235 308.223663 0.000000 0.000000 0.000000 1.000000
0.996744 0.080004 0.010067 -9.474936 0.011589 -0.018589 -0.999760 12.643476 -0.079798 0.996621 -0.019455 308.223755 0.000000 0.000000 0.000000 1.000000</float_array><technique_common><accessor source="#mixamorig_Hips-Matrix-animation-output-transform-array" count="84" stride="16"><param type="float4x4"/></accessor></technique_common></source><source id="mixamorig_Hips-Interpolations"><Name_array id="mixamorig_Hips-Interpolations-array" count="84">
 LINEAR LINEAR LINEAR LINEAR LINEAR LINEAR LINEAR LINEAR LINEAR LINEAR LINEAR
LINEAR LINEAR LINEAR LINEAR LINEAR LINEAR LINEAR LINEAR LINEAR LINEAR LINEAR LINEAR
LINEAR LINEAR LINEAR LINEAR LINEAR LINEAR LINEAR LINEAR LINEAR LINEAR LINEAR LINEAR
LINEAR LINEAR LINEAR LINEAR LINEAR LINEAR LINEAR LINEAR LINEAR LINEAR LINEAR LINEAR
LINEAR LINEAR LINEAR LINEAR LINEAR LINEAR LINEAR LINEAR LINEAR LINEAR LINEAR LINEAR
LINEAR LINEAR LINEAR LINEAR LINEAR LINEAR LINEAR LINEAR LINEAR LINEAR LINEAR LINEAR
LINEAR LINEAR LINEAR LINEAR LINEAR LINEAR LINEAR LINEAR LINEAR LINEAR LINEAR LINEAR
LINEAR</Name_array><technique_common><accessor source="#mixamorig_Hips-Interpolations-array" count="84"><param type="name"/></accessor></technique_common></source><sampler id="mixamorig_Hips-Matrix-animation-transform"><input semantic="INPUT" source="#mixamorig_Hips-Matrix-animation-input"/><input semantic="OUTPUT" source="#mixamorig_Hips-Matrix-animation-output-transform"/><input semantic="INTERPOLATION" source="#mixamorig_Hips-Interpolations"/></sampler><channel source="#mixamorig_Hips-Matrix-animation-transform" target="mixamorig_Hips/matrix"/></animation>
    <animation id="mixamorig_Spine-anim" name="mixamorig_Spine"><source id="mixamorig_Spine-Matrix-animation-input"><float_array id="mixamorig_Spine-Matrix-animation-input-array" count="84">

0.000000 0.033333 0.066667 0.100000 0.133333 0.166667 0.200000 0.233333 0.266667 0.300000 0.333333 0.366667 0.400000 0.433333 0.466667 0.500000
0.533333 0.566667 0.600000 0.633333 0.666667 0.700000 0.733333 0.766667 0.800000 0.833333 0.866667 0.900000 0.933333 0.966667 1.000000 1.033333
1.066667 1.100000 1.133333 1.166667 1.200000 1.233333 1.266667 1.300000 1.333333 1.366667 1.400000 1.433333 1.466667 1.500000 1.533333 1.566667
1.600000 1.633333 1.666667 1.700000 1.733333 1.766667 1.800000 1.833333 1.866667 1.900000 1.933333 1.966667 2.000000 2.033333 2.066667 2.100000
2.133333 2.166667 2.200000 2.233333 2.266667 2.300000 2.333333 2.366667 2.400000 2.433333 2.466667 2.500000 2.533333 2.566667 2.600000 2.633333
2.666667 2.700000 2.733333 2.766667</float_array><technique_common><accessor source="#mixamorig_Spine-Matrix-animation-input-array" count="84"><param name="TIME" type="float"/></accessor></technique_common></source><source id="mixamorig_Spine-Matrix-animation-output-transform"><float_array id="mixamorig_Spine-Matrix-animation-output-transform-array" count="1344">

0.999040 0.032817 0.029028 0.000000 -0.032141 0.999209 -0.023429 9.923500 -0.029774 0.022473 0.999304 -1.227300 0.000000 0.000000 0.000000 1.000000
0.999366 0.028441 0.021421 0.000000 -0.027956 0.999353 -0.022622 9.923500 -0.022050 0.022009 0.999515 -1.227300 0.000000 0.000000 0.000000 1.000000
0.999648 0.023430 0.012476 0.000000 -0.023159 0.999501 -0.021459 9.923500 -0.012973 0.021162 0.999692 -1.227300 0.000000 0.000000 0.000000 1.000000
0.999805 0.019436 0.003424 0.000000 -0.019364 0.999613 -0.019971 9.923500 -0.003811 0.019901 0.999795 -1.227300 0.000000 0.000000 0.000000 1.000000
0.999832 0.017940 -0.003745 -0.000000 -0.018003 0.999682 -0.017640 9.923500 0.003427 0.017705 0.999837 -1.227300 0.000000 0.000000 0.000000 1.000000
0.999798 0.018430 -0.007980 0.000000 -0.018538 0.999734 -0.013709 9.923500 0.007725 0.013854 0.999874 -1.227300 0.000000 0.000000 0.000000 1.000000
0.999757 0.019924 -0.009408 -0.000000 -0.019993 0.999774 -0.007275 9.923500 0.009261 0.007462 0.999929 -1.227300 0.000000 0.000000 0.000000 1.000000
0.999724 0.021489 -0.009525 0.000000 -0.021472 0.999768 0.001972 9.923500 0.009565 -0.001767 0.999953 -1.227300 0.000000 0.000000 0.000000 1.000000
0.999707 0.022096 -0.009867 -0.000000 -0.021972 0.999681 0.012441 9.923500 0.010139 -0.012221 0.999874 -1.227300 0.000000 0.000000 0.000000 1.000000
0.999743 0.020001 -0.010663 0.000000 -0.019768 0.999572 0.021554 9.923500 0.011090 -0.021338 0.999711 -1.227300 0.000000 0.000000 0.000000 1.000000
0.999853 0.013488 -0.010631 -0.000000 -0.013206 0.999572 0.026088 9.923500 0.010978 -0.025944 0.999603 -1.227300 0.000000 0.000000 0.000000 1.000000
0.999952 0.004779 -0.008528 0.000000 -0.004561 0.999668 0.025368 9.923500 0.008646 -0.025328 0.999642 -1.227300 0.000000 0.000000 0.000000 1.000000
0.999990 -0.002185 -0.003853 0.000000 0.002260 0.999807 0.019493 9.923500 0.003809 -0.019501 0.999803 -1.227300 0.000000 0.000000 0.000000 1.000000
0.999989 -0.003789 0.002645 0.000000 0.003767 0.999958 0.008350 9.923500 -0.002676 -0.008340 0.999962 -1.227300 0.000000 0.000000 0.000000 1.000000
0.999957 0.000154 0.009293 0.000000 -0.000080 0.999968 -0.007948 9.923500 -0.009294 0.007947 0.999925 -1.227300 0.000000 0.000000 0.000000 1.000000
0.999839 0.011081 0.014095 0.000000 -0.010668 0.999521 -0.029049 9.923500 -0.014411 0.028894 0.999479 -1.227300 0.000000 0.000000 0.000000 1.000000
0.999574 0.025519 0.014183 0.000000 -0.024774 0.998420 -0.050440 9.923500 -0.015448 0.050068 0.998626 -1.227300 0.000000 0.000000 0.000000 1.000000
0.999356 0.033859 0.011889 0.000000 -0.033002 0.997269 -0.066078 9.923500 -0.014094 0.065643 0.997744 -1.227300 0.000000 0.000000 0.000000 1.000000
0.999311 0.035923 0.009354 0.000000 -0.035146 0.996711 -0.073022 9.923500 -0.011947 0.072643 0.997286 -1.227300 0.000000 0.000000 0.000000 1.000000
0.999402 0.033734 0.007657 -0.000000 -0.033079 0.996729 -0.073740 9.923500 -0.010119 0.073443 0.997248 -1.227300 0.000000 0.000000 0.000000 1.000000
0.999482 0.031491 0.006603 0.000000 -0.030916 0.996769 -0.074131 9.923500 -0.008916 0.073889 0.997227 -1.227300 0.000000 0.000000 0.000000 1.000000
0.999460 0.032380 0.005613 0.000000 -0.031843 0.996434 -0.078138 9.923500 -0.008123 0.077917 0.996927 -1.227300 0.000000 0.000000 0.000000 1.000000
0.999335 0.036295 0.003516 0.000000 -0.035862 0.995690 -0.085525 9.923500 -0.006605 0.085342 0.996330 -1.227300 0.000000 0.000000 0.000000 1.000000
0.999171 0.040698 -0.000513 0.000000 -0.040570 0.994854 -0.092843 9.923500 -0.003268 0.092787 0.995681 -1.227300 0.000000 0.000000 0.000000 1.000000
0.999042 0.043268 -0.006593 0.000000 -0.043706 0.994226 -0.098000 9.923500 0.002315 0.098194 0.995165 -1.227300 0.000000 0.000000 0.000000 1.000000
0.998992 0.042765 -0.013665 0.000000 -0.043932 0.993877 -0.101387 9.923500 0.009246 0.101885 0.994753 -1.227300 0.000000 0.000000 0.000000 1.000000
0.999026 0.039543 -0.019605 0.000000 -0.041373 0.993717 -0.103996 9.923500 0.015370 0.104705 0.994385 -1.227300 0.000000 0.000000 0.000000 1.000000
0.999151 0.034806 -0.022044 0.000000 -0.036943 0.993746 -0.105373 9.923500 0.018238 0.106098 0.994188 -1.227300 0.000000 0.000000 0.000000 1.000000
0.999371 0.029303 -0.019986 0.000000 -0.031233 0.994053 -0.104326 9.923500 0.016810 0.104885 0.994342 -1.227300 0.000000 0.000000 0.000000 1.000000
0.999583 0.024526 -0.015211 -0.000000 -0.025942 0.994523 -0.101245 9.923500 0.012644 0.101597 0.994745 -1.227300 0.000000 0.000000 0.000000 1.000000
0.999730 0.021224 -0.009441 0.000000 -0.022044 0.994998 -0.097437 9.923500 0.007326 0.097619 0.995197 -1.227300 0.000000 0.000000 0.000000 1.000000
0.999802 0.019773 -0.002073 0.000000 -0.019880 0.995542 -0.092199 9.923500 0.000241 0.092222 0.995738 -1.227300 0.000000 0.000000 0.000000 1.000000
0.999777 0.019757 0.007428 0.000000 -0.019071 0.996346 -0.083254 9.923500 -0.009045 0.083094 0.996501 -1.227300 0.000000 0.000000 0.000000 1.000000
0.999663 0.020741 0.015590 0.000000 -0.019598 0.997338 -0.070228 9.923500 -0.017005 0.069898 0.997409 -1.227300 0.000000 0.000000 0.000000 1.000000
0.999657 0.021587 0.014826 0.000000 -0.020706 0.998150 -0.057158 9.923500 -0.016032 0.056832 0.998255 -1.227300 0.000000 0.000000 0.000000 1.000000
0.999776 0.021141 0.001236 0.000000 -0.021056 0.998591 -0.048719 9.923500 -0.002264 0.048682 0.998812 -1.227300 0.000000 0.000000 0.000000 1.000000
0.999630 0.017363 -0.020918 0.000000 -0.018309 0.998777 -0.045918 9.923500 0.020096 0.046284 0.998726 -1.227300 0.000000 0.000000 0.000000 1.000000
0.999224 0.010955 -0.037846 0.000000 -0.012527 0.999057 -0.041564 9.923500 0.037355 0.042006 0.998419 -1.227300 0.000000 0.000000 0.000000 1.000000
0.998930 0.006382 -0.045815 0.000000 -0.007799 0.999495 -0.030806 9.923500 0.045595 0.031130 0.998475 -1.227300 0.000000 0.000000 0.000000 1.000000
0.998988 0.007051 -0.044422 0.000000 -0.007650 0.999882 -0.013341 9.923500 0.044322 0.013667 0.998924 -1.227300 0.000000 0.000000 0.000000 1.000000
0.999179 0.012179 -0.038632 0.000000 -0.011976 0.999913 0.005488 9.923500 0.038696 -0.005021 0.999238 -1.227300 0.000000 0.000000 0.000000 1.000000
0.999276 0.017790 -0.033635 0.000000 -0.017234 0.999711 0.016742 9.923500 0.033923 -0.016150 0.999294 -1.227300 0.000000 0.000000 0.000000 1.000000
0.999327 0.018787 -0.031503 0.000000 -0.018396 0.999751 0.012668 9.923500 0.031734 -0.012080 0.999423 -1.227300 0.000000 0.000000 0.000000 1.000000
0.999431 0.014293 -0.030536 0.000000 -0.014397 0.999891 -0.003187 9.923500 0.030488 0.003625 0.999529 -1.227300 0.000000 0.000000 0.000000 1.000000
0.999559 0.007396 -0.028761 0.000000 -0.008028 0.999728 -0.021919 9.923500 0.028591 0.022140 0.999346 -1.227300 0.000000 0.000000 0.000000 1.000000
0.999667 0.001789 -0.025736 0.000000 -0.002693 0.999380 -0.035118 9.923500 0.025658 0.035175 0.999052 -1.227300 0.000000 0.000000 0.000000 1.000000
0.999709 -0.001435 -0.024095 0.000000 0.000456 0.999177 -0.040562 9.923500 0.024133 0.040540 0.998886 -1.227300 0.000000 0.000000 0.000000 1.000000
0.999704 -0.003573 -0.024081 0.000000 0.002540 0.999080 -0.042802 9.923500 0.024212 0.042728 0.998793 -1.227300 0.000000 0.000000 0.000000 1.000000
0.999653 -0.005589 -0.025747 0.000000 0.004404 0.998938 -0.045868 9.923500 0.025976 0.045739 0.998616 -1.227300 0.000000 0.000000 0.000000 1.000000
0.999631 -0.007268 -0.026174 0.000000 0.005954 0.998736 -0.049915 9.923500 0.026504 0.049741 0.998410 -1.227300 0.000000 0.000000 0.000000 1.000000
0.999694 -0.008151 -0.023363 -0.000000 0.006903 0.998571 -0.053001 9.923500 0.023761 0.052824 0.998321 -1.227300 0.000000 0.000000 0.000000 1.000000
0.999809 -0.008217 -0.017706 -0.000000 0.007254 0.998526 -0.053786 9.923500 0.018122 0.053647 0.998396 -1.227300 0.000000 0.000000 0.000000 1.000000
0.999909 -0.007895 -0.010916 0.000000 0.007302 0.998549 -0.053358 9.923500 0.011321 0.053274 0.998516 -1.227300 0.000000 0.000000 0.000000 1.000000
0.999963 -0.007134 -0.004758 0.000000 0.006869 0.998541 -0.053565 9.923500 0.005133 0.053530 0.998553 -1.227300 0.000000 0.000000 0.000000 1.000000
0.999981 -0.006113 -0.000681 0.000000 0.006066 0.998445 -0.055414 9.923500 0.001018 0.055409 0.998463 -1.227300 0.000000 0.000000 0.000000 1.000000
0.999985 -0.005432 0.001188 0.000000 0.005491 0.998307 -0.057912 9.923500 -0.000871 0.057918 0.998321 -1.227300 0.000000 0.000000 0.000000 1.000000
0.999985 -0.005319 0.001570 0.000000 0.005404 0.998188 -0.059926 9.923500 -0.001249 0.059934 0.998202 -1.227300 0.000000 0.000000 0.000000 1.000000
0.999982 -0.005946 0.000921 -0.000000 0.005991 0.998146 -0.060563 9.923500 -0.000559 0.060567 0.998164 -1.227300 0.000000 0.000000 0.000000 1.000000
0.999975 -0.007091 -0.000411 0.000000 0.007054 0.998181 -0.059875 9.923500 0.000835 0.059870 0.998206 -1.227300 0.000000 0.000000 0.000000 1.000000
0.999965 -0.008201 -0.001916 0.000000 0.008075 0.998247 -0.058628 9.923500 0.002394 0.058611 0.998278 -1.227300 0.000000 0.000000 0.000000 1.000000
0.999956 -0.008791 -0.003390 0.000000 0.008580 0.998273 -0.058114 9.923500 0.003895 0.058083 0.998304 -1.227300 0.000000 0.000000 0.000000 1.000000
0.999948 -0.009146 -0.004498 0.000000 0.008867 0.998247 -0.058518 9.923500 0.005025 0.058475 0.998276 -1.227300 0.000000 0.000000 0.000000 1.000000
0.999940 -0.009590 -0.005225 0.000000 0.009264 0.998205 -0.059170 9.923500 0.005783 0.059118 0.998234 -1.227300 0.000000 0.000000 0.000000 1.000000
0.999930 -0.010344 -0.005776 0.000000 0.009983 0.998191 -0.059285 9.923500 0.006379 0.059223 0.998224 -1.227300 0.000000 0.000000 0.000000 1.000000
0.999917 -0.011229 -0.006257 0.000000 0.010843 0.998215 -0.058724 9.923500 0.006905 0.058651 0.998255 -1.227300 0.000000 0.000000 0.000000 1.000000
0.999908 -0.011899 -0.006560 0.000000 0.011500 0.998257 -0.057882 9.923500 0.007237 0.057802 0.998302 -1.227300 0.000000 0.000000 0.000000 1.000000
0.999904 -0.012158 -0.006698 0.000000 0.011755 0.998287 -0.057311 9.923500 0.007383 0.057227 0.998334 -1.227300 0.000000 0.000000 0.000000 1.000000
0.999904 -0.012190 -0.006550 0.000000 0.011795 0.998293 -0.057199 9.923500 0.007236 0.057117 0.998341 -1.227300 0.000000 0.000000 0.000000 1.000000
0.999905 -0.012312 -0.006233 0.000000 0.011934 0.998281 -0.057380 9.923500 0.006929 0.057300 0.998333 -1.227300 0.000000 0.000000 0.000000 1.000000
0.999903 -0.012688 -0.005757 0.000000 0.012337 0.998273 -0.057443 9.923500 0.006476 0.057366 0.998332 -1.227300 0.000000 0.000000 0.000000 1.000000
0.999900 -0.013185 -0.005159 0.000000 0.012868 0.998281 -0.057176 9.923500 0.005904 0.057104 0.998351 -1.227300 0.000000 0.000000 0.000000 1.000000
0.999897 -0.013616 -0.004492 0.000000 0.013339 0.998300 -0.056745 9.923500 0.005257 0.056679 0.998379 -1.227300 0.000000 0.000000 0.000000 1.000000
0.999897 -0.013822 -0.003745 0.000000 0.013588 0.998309 -0.056511 9.923500 0.004520 0.056455 0.998395 -1.227300 0.000000 0.000000 0.000000 1.000000
0.999900 -0.013848 -0.002850 -0.000000 0.013665 0.998303 -0.056599 9.923500 0.003629 0.056555 0.998393 -1.227300 0.000000 0.000000 0.000000 1.000000
0.999903 -0.013831 -0.001875 0.000000 0.013702 0.998289 -0.056841 9.923500 0.002658 0.056809 0.998382 -1.227300 0.000000 0.000000 0.000000 1.000000
0.999902 -0.013970 -0.000896 0.000000 0.013896 0.998284 -0.056890 9.923500 0.001689 0.056871 0.998380 -1.227300 0.000000 0.000000 0.000000 1.000000
0.999899 -0.014225 0.000055 0.000000 0.014205 0.998287 -0.056764 9.923500 0.000753 0.056759 0.998388 -1.227300 0.000000 0.000000 0.000000 1.000000
0.999895 -0.014436 0.000958 0.000000 0.014467 0.998287 -0.056699 9.923500 -0.000138 0.056706 0.998391 -1.227300 0.000000 0.000000 0.000000 1.000000
0.999894 -0.014428 0.001826 0.000000 0.014508 0.998269 -0.057004 9.923500 -0.001000 0.057025 0.998372 -1.227300 0.000000 0.000000 0.000000 1.000000
0.999895 -0.014221 0.002634 0.000000 0.014349 0.998236 -0.057603 9.923500 -0.001810 0.057635 0.998336 -1.227300 0.000000 0.000000 0.000000 1.000000
0.999897 -0.013966 0.003244 0.000000 0.014131 0.998208 -0.058153 9.923500 -0.002426 0.058193 0.998302 -1.227300 0.000000 0.000000 0.000000 1.000000
0.999898 -0.013772 0.003674 0.000000 0.013963 0.998202 -0.058294 9.923500 -0.002865 0.058339 0.998293 -1.227300 0.000000 0.000000 0.000000 1.000000
0.999898 -0.013729 0.004058 0.000000 0.013942 0.998218 -0.058018 9.923500 -0.003255 0.058069 0.998307 -1.227300 0.000000 0.000000 0.000000 1.000000
0.999895 -0.013779 0.004461 0.000000 0.014013 0.998243 -0.057579 9.923500 -0.003660 0.057635 0.998331 -1.227300 0.000000 0.000000 0.000000 1.000000</float_array><technique_common><accessor source="#mixamorig_Spine-Matrix-animation-output-transform-array" count="84" stride="16"><param type="float4x4"/></accessor></technique_common></source><source id="mixamorig_Spine-Interpolations"><Name_array id="mixamorig_Spine-Interpolations-array" count="84">
 LINEAR LINEAR LINEAR LINEAR LINEAR LINEAR LINEAR LINEAR LINEAR LINEAR LINEAR
LINEAR LINEAR LINEAR LINEAR LINEAR LINEAR LINEAR LINEAR LINEAR LINEAR LINEAR LINEAR
LINEAR LINEAR LINEAR LINEAR LINEAR LINEAR LINEAR LINEAR LINEAR LINEAR LINEAR LINEAR
LINEAR LINEAR LINEAR LINEAR LINEAR LINEAR LINEAR LINEAR LINEAR LINEAR LINEAR LINEAR
LINEAR LINEAR LINEAR LINEAR LINEAR LINEAR LINEAR LINEAR LINEAR LINEAR LINEAR LINEAR
LINEAR LINEAR LINEAR LINEAR LINEAR LINEAR LINEAR LINEAR LINEAR LINEAR LINEAR LINEAR
LINEAR LINEAR LINEAR LINEAR LINEAR LINEAR LINEAR LINEAR LINEAR LINEAR LINEAR LINEAR
LINEAR</Name_array><technique_common><accessor source="#mixamorig_Spine-Interpolations-array" count="84"><param type="name"/></accessor></technique_common></source><sampler id="mixamorig_Spine-Matrix-animation-transform"><input semantic="INPUT" source="#mixamorig_Spine-Matrix-animation-input"/><input semantic="OUTPUT" source="#mixamorig_Spine-Matrix-animation-output-transform"/><input semantic="INTERPOLATION" source="#mixamorig_Spine-Interpolations"/></sampler><channel source="#mixamorig_Spine-Matrix-animation-transform" target="mixamorig_Spine/matrix"/></animation>
    <animation id="mixamorig_Spine1-anim" name="mixamorig_Spine1"><source id="mixamorig_Spine1-Matrix-animation-input"><float_array id="mixamorig_Spine1-Matrix-animation-input-array" count="84">

0.000000 0.033333 0.066667 0.100000 0.133333 0.166667 0.200000 0.233333 0.266667 0.300000 0.333333 0.366667 0.400000 0.433333 0.466667 0.500000
0.533333 0.566667 0.600000 0.633333 0.666667 0.700000 0.733333 0.766667 0.800000 0.833333 0.866667 0.900000 0.933333 0.966667 1.000000 1.033333
1.066667 1.100000 1.133333 1.166667 1.200000 1.233333 1.266667 1.300000 1.333333 1.366667 1.400000 1.433333 1.466667 1.500000 1.533333 1.566667
1.600000 1.633333 1.666667 1.700000 1.733333 1.766667 1.800000 1.833333 1.866667 1.900000 1.933333 1.966667 2.000000 2.033333 2.066667 2.100000
2.133333 2.166667 2.200000 2.233333 2.266667 2.300000 2.333333 2.366667 2.400000 2.433333 2.466667 2.500000 2.533333 2.566667 2.600000 2.633333
2.666667 2.700000 2.733333 2.766667</float_array><technique_common><accessor source="#mixamorig_Spine1-Matrix-animation-input-array" count="84"><param name="TIME" type="float"/></accessor></technique_common></source><source id="mixamorig_Spine1-Matrix-animation-output-transform"><float_array id="mixamorig_Spine1-Matrix-animation-output-transform-array" count="1344">

0.999878 -0.011748 0.010258 -0.000100 0.011672 0.999904 0.007445 11.645400 -0.010345 -0.007324 0.999920 -1.422300 0.000000 0.000000 0.000000 1.000000
0.999910 -0.011033 0.007621 -0.000100 0.010983 0.999918 0.006516 11.645400 -0.007692 -0.006431 0.999950 -1.422300 0.000000 0.000000 0.000000 1.000000
0.999945 -0.009569 0.004368 -0.000100 0.009546 0.999941 0.005235 11.645400 -0.004418 -0.005193 0.999977 -1.422300 0.000000 0.000000 0.000000 1.000000
0.999973 -0.007244 0.000938 -0.000100 0.007240 0.999964 0.004337 11.645400 -0.000969 -0.004330 0.999990 -1.422300 0.000000 0.000000 0.000000 1.000000
0.999987 -0.004672 -0.001878 -0.000100 0.004679 0.999982 0.003782 11.645400 0.001860 -0.003791 0.999991 -1.422300 0.000000 0.000000 0.000000 1.000000
0.999989 -0.003100 -0.003633 -0.000100 0.003110 0.999991 0.002942 11.645400 0.003624 -0.002953 0.999989 -1.422300 0.000000 0.000000 0.000000 1.000000
0.999985 -0.003315 -0.004356 -0.000100 0.003322 0.999993 0.001553 11.645400 0.004351 -0.001568 0.999989 -1.422300 0.000000 0.000000 0.000000 1.000000
0.999977 -0.004957 -0.004597 -0.000100 0.004955 0.999988 -0.000357 11.645400 0.004599 0.000334 0.999989 -1.422300 0.000000 0.000000 0.000000 1.000000
0.999967 -0.006475 -0.004891 -0.000100 0.006463 0.999976 -0.002502 11.645400 0.004908 0.002470 0.999985 -1.422300 0.000000 0.000000 0.000000 1.000000
0.999964 -0.006630 -0.005201 -0.000100 0.006607 0.999968 -0.004448 11.645400 0.005230 0.004414 0.999977 -1.422300 0.000000 0.000000 0.000000 1.000000
0.999971 -0.005960 -0.004799 -0.000100 0.005935 0.999969 -0.005185 11.645400 0.004830 0.005156 0.999975 -1.422300 0.000000 0.000000 0.000000 1.000000
0.999976 -0.006028 -0.003280 -0.000100 0.006011 0.999968 -0.005322 11.645400 0.003312 0.005302 0.999980 -1.422300 0.000000 0.000000 0.000000 1.000000
0.999977 -0.006772 -0.000847 -0.000100 0.006765 0.999952 -0.007094 11.645400 0.000895 0.007088 0.999974 -1.422300 0.000000 0.000000 0.000000 1.000000
0.999975 -0.006841 0.001747 -0.000100 0.006859 0.999920 -0.010632 11.645400 -0.001675 0.010643 0.999942 -1.422300 0.000000 0.000000 0.000000 1.000000
0.999977 -0.005597 0.003851 -0.000100 0.005651 0.999885 -0.014103 11.645400 -0.003772 0.014124 0.999893 -1.422300 0.000000 0.000000 0.000000 1.000000
0.999980 -0.003775 0.005171 -0.000100 0.003857 0.999863 -0.016088 11.645400 -0.005109 0.016108 0.999857 -1.422300 0.000000 0.000000 0.000000 1.000000
0.999981 -0.002534 0.005599 -0.000100 0.002618 0.999885 -0.014928 11.645400 -0.005560 0.014942 0.999873 -1.422300 0.000000 0.000000 0.000000 1.000000
0.999985 -0.001440 0.005361 -0.000100 0.001505 0.999925 -0.012172 11.645400 -0.005343 0.012180 0.999912 -1.422300 0.000000 0.000000 0.000000 1.000000
0.999989 0.000707 0.004719 -0.000100 -0.000654 0.999936 -0.011269 11.645400 -0.004727 0.011265 0.999925 -1.422300 0.000000 0.000000 0.000000 1.000000
0.999983 0.004193 0.003996 -0.000100 -0.004130 0.999869 -0.015643 11.645400 -0.004061 0.015627 0.999870 -1.422300 0.000000 0.000000 0.000000 1.000000
0.999964 0.007777 0.003468 -0.000100 -0.007699 0.999725 -0.022142 11.645400 -0.003639 0.022114 0.999749 -1.422300 0.000000 0.000000 0.000000 1.000000
0.999945 0.009974 0.003238 -0.000100 -0.009888 0.999619 -0.025752 11.645400 -0.003494 0.025719 0.999663 -1.422300 0.000000 0.000000 0.000000 1.000000
0.999948 0.009789 0.002974 -0.000100 -0.009711 0.999637 -0.025117 11.645400 -0.003219 0.025087 0.999680 -1.422300 0.000000 0.000000 0.000000 1.000000
0.999967 0.007852 0.002208 -0.000100 -0.007800 0.999709 -0.022825 11.645400 -0.002387 0.022807 0.999737 -1.422300 0.000000 0.000000 0.000000 1.000000
0.999984 0.005595 0.000723 -0.000100 -0.005579 0.999767 -0.020864 11.645400 -0.000839 0.020859 0.999782 -1.422300 0.000000 0.000000 0.000000 1.000000
0.999987 0.005016 -0.001283 -0.000100 -0.005039 0.999811 -0.018793 11.645400 0.001189 0.018799 0.999823 -1.422300 0.000000 0.000000 0.000000 1.000000
0.999975 0.006235 -0.003189 -0.000100 -0.006284 0.999862 -0.015376 11.645400 0.003092 0.015395 0.999877 -1.422300 0.000000 0.000000 0.000000 1.000000
0.999962 0.007630 -0.004324 -0.000100 -0.007675 0.999917 -0.010385 11.645400 0.004244 0.010417 0.999937 -1.422300 0.000000 0.000000 0.000000 1.000000
0.999970 0.006432 -0.004415 -0.000100 -0.006456 0.999964 -0.005540 11.645400 0.004379 0.005569 0.999975 -1.422300 0.000000 0.000000 0.000000 1.000000
0.999991 0.001591 -0.003817 -0.000100 -0.001604 0.999993 -0.003392 11.645400 0.003812 0.003398 0.999987 -1.422300 0.000000 0.000000 0.000000 1.000000
0.999979 -0.005926 -0.002711 -0.000100 0.005910 0.999966 -0.005785 11.645400 0.002745 0.005769 0.999980 -1.422300 0.000000 0.000000 0.000000 1.000000
0.999931 -0.011756 -0.000413 -0.000100 0.011753 0.999904 -0.007296 11.645400 0.000499 0.007290 0.999973 -1.422300 0.000000 0.000000 0.000000 1.000000
0.999865 -0.016129 0.003057 -0.000100 0.016134 0.999869 -0.001576 11.645400 -0.003031 0.001626 0.999994 -1.422300 0.000000 0.000000 0.000000 1.000000
0.999785 -0.019832 0.006116 -0.000100 0.019781 0.999770 0.008337 11.645400 -0.006280 -0.008215 0.999947 -1.422300 0.000000 0.000000 0.000000 1.000000
0.999755 -0.021363 0.005709 -0.000100 0.021281 0.999674 0.014143 11.645400 -0.006010 -0.014018 0.999884 -1.422300 0.000000 0.000000 0.000000 1.000000
0.999830 -0.018422 0.000342 -0.000100 0.018416 0.999745 0.013102 11.645400 -0.000584 -0.013094 0.999914 -1.422300 0.000000 0.000000 0.000000 1.000000
0.999905 -0.010916 -0.008467 -0.000100 0.010970 0.999919 0.006394 11.645400 0.008397 -0.006487 0.999944 -1.422300 0.000000 0.000000 0.000000 1.000000
0.999880 -0.002422 -0.015315 -0.000100 0.002431 0.999997 0.000599 11.645400 0.015314 -0.000636 0.999883 -1.422300 0.000000 0.000000 0.000000 1.000000
0.999818 0.004548 -0.018503 -0.000100 -0.004556 0.999990 -0.000397 11.645400 0.018501 0.000482 0.999829 -1.422300 0.000000 0.000000 0.000000 1.000000
0.999807 0.008498 -0.017711 -0.000100 -0.008422 0.999955 0.004324 11.645400 0.017747 -0.004174 0.999834 -1.422300 0.000000 0.000000 0.000000 1.000000
0.999840 0.009544 -0.015108 -0.000100 -0.009376 0.999894 0.011099 11.645400 0.015213 -0.010956 0.999824 -1.422300 0.000000 0.000000 0.000000 1.000000
0.999879 0.008531 -0.013044 -0.000100 -0.008330 0.999848 0.015335 11.645400 0.013173 -0.015224 0.999797 -1.422300 0.000000 0.000000 0.000000 1.000000
0.999908 0.005606 -0.012312 -0.000100 -0.005444 0.999898 0.013174 11.645400 0.012385 -0.013105 0.999837 -1.422300 0.000000 0.000000 0.000000 1.000000
0.999925 0.002218 -0.012061 -0.000100 -0.002130 0.999971 0.007368 11.645400 0.012077 -0.007342 0.999900 -1.422300 0.000000 0.000000 0.000000 1.000000
0.999934 0.000303 -0.011448 -0.000100 -0.000264 0.999994 0.003427 11.645400 0.011449 -0.003424 0.999929 -1.422300 0.000000 0.000000 0.000000 1.000000
0.999947 0.001209 -0.010258 -0.000100 -0.001152 0.999984 0.005534 11.645400 0.010265 -0.005522 0.999932 -1.422300 0.000000 0.000000 0.000000 1.000000
0.999948 0.003591 -0.009542 -0.000100 -0.003483 0.999931 0.011246 11.645400 0.009581 -0.011212 0.999891 -1.422300 0.000000 0.000000 0.000000 1.000000
0.999935 0.006446 -0.009437 -0.000100 -0.006273 0.999814 0.018228 11.645400 0.009553 -0.018168 0.999789 -1.422300 0.000000 0.000000 0.000000 1.000000
0.999911 0.008795 -0.010019 -0.000100 -0.008544 0.999654 0.024859 11.645400 0.010235 -0.024772 0.999641 -1.422300 0.000000 0.000000 0.000000 1.000000
0.999897 0.010134 -0.010154 -0.000100 -0.009822 0.999494 0.030247 11.645400 0.010455 -0.030145 0.999491 -1.422300 0.000000 0.000000 0.000000 1.000000
