<?xml version="1.0" encoding="utf-8"?>
<COLLADA xmlns="http://www.collada.org/2005/11/COLLADASchema" version="1.4.1">
  <asset><contributor><author>Mixamo</author><authoring_tool>COLLADA Mixamo exporter</authoring_tool><comments></comments></contributor><created>2018-11-09T11:20:03Z</created><modified>2018-11-09T11:20:03Z</modified><revision></revision><title></title><unit meter="0.010000"/><up_axis>Y_UP</up_axis></asset>
  <library_animations>
    <animation id="mixamorig_Hips-anim" name="mixamorig_Hips"><source id="mixamorig_Hips-Matrix-animation-input"><float_array id="mixamorig_Hips-Matrix-animation-input-array" count="25">

0.000000 0.033333 0.066667 0.100000 0.133333 0.166667 0.200000 0.233333 0.266667 0.300000 0.333333 0.366667 0.400000 0.433333 0.466667 0.500000
0.533333 0.566667 0.600000 0.633333 0.666667 0.700000 0.733333 0.766667 0.800000</float_array><technique_common><accessor source="#mixamorig_Hips-Matrix-animation-input-array" count="25"><param name="TIME" type="float"/></accessor></technique_common></source><source id="mixamorig_Hips-Matrix-animation-output-transform"><float_array id="mixamorig_Hips-Matrix-animation-output-transform-array" count="400">

0.943652 0.007532 -0.330855 -0.017395 -0.061638 0.986248 -0.153348 97.461159 0.325150 0.165100 0.931139 0.567622 0.000000 0.000000 0.000000 1.000000
0.938591 -0.002256 -0.345025 0.202429 -0.062056 0.982568 -0.175239 97.956963 0.339406 0.185889 0.922089 8.312473 0.000000 0.000000 0.000000 1.000000
0.928301 -0.024821 -0.371000 0.322609 -0.049801 0.980480 -0.190205 97.964249 0.368479 0.195044 0.908945 16.074327 0.000000 0.000000 0.000000 1.000000
0.909482 -0.031977 -0.414512 0.553619 -0.052581 0.980184 -0.190983 97.450920 0.412405 0.195491 0.889778 24.131607 0.000000 0.000000 0.000000 1.000000
0.867138 0.004520 -0.498048 1.115537 -0.103660 0.979700 -0.171589 96.441124 0.487162 0.200419 0.850004 33.220245 0.000000 0.000000 0.000000 1.000000
0.856549 0.011084 -0.515947 1.596807 -0.103696 0.983075 -0.151030 95.708153 0.505541 0.182866 0.843201 42.765438 0.000000 0.000000 0.000000 1.000000
0.863918 -0.016913 -0.503349 1.993813 -0.055361 0.990190 -0.128289 94.948685 0.500581 0.138697 0.854507 52.390862 0.000000 0.000000 0.000000 1.000000
0.872000 -0.036936 -0.488111 2.482249 -0.016875 0.994288 -0.105386 93.676094 0.489215 0.100133 0.866396 61.832058 0.000000 0.000000 0.000000 1.000000
0.884185 -0.045142 -0.464950 2.925027 0.003020 0.995851 -0.090944 92.891602 0.467127 0.079007 0.880653 70.383980 0.000000 0.000000 0.000000 1.000000
0.902895 -0.045186 -0.427479 3.254424 0.009133 0.996252 -0.086017 93.220490 0.429764 0.073760 0.899924 78.383453 0.000000 0.000000 0.000000 1.000000
0.913029 -0.042137 -0.405712 3.582006 0.006873 0.996098 -0.087987 94.248924 0.407837 0.077546 0.909756 86.400986 0.000000 0.000000 0.000000 1.000000
0.910379 -0.043723 -0.411458 3.885231 0.004930 0.995477 -0.094875 95.632462 0.413745 0.084344 0.906477 94.833496 0.000000 0.000000 0.000000 1.000000
0.908429 -0.048028 -0.415270 3.933795 0.004399 0.994422 -0.105386 96.612572 0.418015 0.093909 0.903573 103.426346 0.000000 0.000000 0.000000 1.000000
0.919270 -0.051993 -0.390180 3.611980 0.006582 0.993130 -0.116833 96.823898 0.393574 0.104833 0.913296 111.909958 0.000000 0.000000 0.000000 1.000000
0.938048 -0.049472 -0.342954 3.139353 0.006350 0.992044 -0.125734 96.457047 0.346446 0.115767 0.930899 120.421791 0.000000 0.000000 0.000000 1.000000
0.960111 -0.068616 -0.271068 2.567554 0.034046 0.990898 -0.130236 95.762192 0.277538 0.115812 0.953709 129.225189 0.000000 0.000000 0.000000 1.000000
0.981072 -0.123067 -0.149504 1.888122 0.104918 0.986749 -0.123772 94.567062 0.162755 0.105743 0.980984 138.493866 0.000000 0.000000 0.000000 1.000000
0.984683 -0.143251 -0.099389 1.516443 0.131761 0.984717 -0.113889 93.380173 0.114185 0.099049 0.988509 147.912079 0.000000 0.000000 0.000000 1.000000
0.985810 -0.081075 -0.146992 1.653953 0.065671 0.992111 -0.106785 91.876175 0.154489 0.095616 0.983357 157.176651 0.000000 0.000000 0.000000 1.000000
0.980541 -0.001787 -0.196305 1.761350 -0.017518 0.995173 -0.096560 90.371689 0.195530 0.098120 0.975777 166.037613 0.000000 0.000000 0.000000 1.000000
0.972728 0.025632 -0.230527 1.375438 -0.047609 0.994778 -0.090282 89.972000 0.227010 0.098795 0.968869 174.248825 0.000000 0.000000 0.000000 1.000000
0.962178 0.038654 -0.269665 0.870985 -0.066109 0.993424 -0.093483 91.089645 0.264278 0.107775 0.958406 182.156097 0.000000 0.000000 0.000000 1.000000
0.954785 0.035196 -0.295208 0.383148 -0.069293 0.991965 -0.105848 93.234215 0.289110 0.121518 0.949552 190.059464 0.000000 0.000000 0.000000 1.000000
0.950009 0.021431 -0.311487 0.063350 -0.063729 0.989948 -0.126259 95.456551 0.305650 0.139798 0.941825 197.993927 0.000000 0.000000 0.000000 1.000000
0.943652 0.007532 -0.330855 -0.017396 -0.061638 0.986248 -0.153348 97.461159 0.325150 0.165100 0.931139 206.029190 0.000000 0.000000 0.000000 1.000000</float_array><technique_common><accessor source="#mixamorig_Hips-Matrix-animation-output-transform-array" count="25" stride="16"><param type="float4x4"/></accessor></technique_common></source><source id="mixamorig_Hips-Interpolations"><Name_array id="mixamorig_Hips-Interpolations-array" count="25">
 LINEAR LINEAR LINEAR LINEAR LINEAR LINEAR LINEAR LINEAR LINEAR LINEAR LINEAR
LINEAR LINEAR LINEAR LINEAR LINEAR LINEAR LINEAR LINEAR LINEAR LINEAR LINEAR LINEAR
LINEAR LINEAR</Name_array><technique_common><accessor source="#mixamorig_Hips-Interpolations-array" count="25"><param type="name"/></accessor></technique_common></source><sampler id="mixamorig_Hips-Matrix-animation-transform"><input semantic="INPUT" source="#mixamorig_Hips-Matrix-animation-input"/><input semantic="OUTPUT" source="#mixamorig_Hips-Matrix-animation-output-transform"/><input semantic="INTERPOLATION" source="#mixamorig_Hips-Interpolations"/></sampler><channel source="#mixamorig_Hips-Matrix-animation-transform" target="mixamorig_Hips/matrix"/></animation>
    <animation id="mixamorig_Spine-anim" name="mixamorig_Spine"><source id="mixamorig_Spine-Matrix-animation-input"><float_array id="mixamorig_Spine-Matrix-animation-input-array" count="25">

0.000000 0.033333 0.066667 0.100000 0.133333 0.166667 0.200000 0.233333 0.266667 0.300000 0.333333 0.366667 0.400000 0.433333 0.466667 0.500000
0.533333 0.566667 0.600000 0.633333 0.666667 0.700000 0.733333 0.766667 0.800000</float_array><technique_common><accessor source="#mixamorig_Spine-Matrix-animation-input-array" count="25"><param name="TIME" type="float"/></accessor></technique_common></source><source id="mixamorig_Spine-Matrix-animation-output-transform"><float_array id="mixamorig_Spine-Matrix-animation-output-transform-array" count="400">

0.998562 -0.042015 0.033307 0.000000 0.043589 0.997894 -0.048041 9.923500 -0.031218 0.049424 0.998290 -1.227300 0.000000 0.000000 0.000000 1.000000
0.998197 -0.039934 0.044820 0.000000 0.041704 0.998357 -0.039287 9.923500 -0.043177 0.041085 0.998222 -1.227300 0.000000 0.000000 0.000000 1.000000
0.997899 -0.016656 0.062619 -0.000000 0.018709 0.999302 -0.032338 9.923500 -0.062036 0.033441 0.997514 -1.227300 0.000000 0.000000 0.000000 1.000000
0.995870 -0.006705 0.090544 0.000000 0.009159 0.999601 -0.026722 9.923500 -0.090329 0.027441 0.995534 -1.227300 0.000000 0.000000 0.000000 1.000000
0.985850 -0.049765 0.160070 0.000000 0.053133 0.998446 -0.016830 9.923500 -0.158983 0.025097 0.986962 -1.227300 0.000000 0.000000 0.000000 1.000000
0.985850 -0.058633 0.157043 0.000000 0.060952 0.998091 -0.009985 9.923500 -0.156158 0.019415 0.987541 -1.227300 0.000000 0.000000 0.000000 1.000000
0.992450 -0.020234 0.120972 -0.000000 0.021848 0.999689 -0.012027 9.923500 -0.120691 0.014579 0.992583 -1.227300 0.000000 0.000000 0.000000 1.000000
0.995915 0.009064 0.089841 0.000000 -0.007630 0.999838 -0.016296 9.923500 -0.089975 0.015544 0.995823 -1.227300 0.000000 0.000000 0.000000 1.000000
0.997494 0.019559 0.068000 0.000000 -0.017879 0.999522 -0.025232 9.923500 -0.068461 0.023953 0.997366 -1.227300 0.000000 0.000000 0.000000 1.000000
0.998827 0.012922 0.046669 0.000000 -0.011183 0.999240 -0.037341 9.923500 -0.047116 0.036775 0.998212 -1.227300 0.000000 0.000000 0.000000 1.000000
0.999241 -0.002061 0.038903 0.000000 0.003871 0.998910 -0.046519 9.923500 -0.038764 0.046634 0.998160 -1.227300 0.000000 0.000000 0.000000 1.000000
0.998967 -0.011267 0.044031 -0.000000 0.013392 0.998744 -0.048276 9.923500 -0.043432 0.048816 0.997863 -1.227300 0.000000 0.000000 0.000000 1.000000
0.999034 -0.011864 0.042304 0.000000 0.013779 0.998880 -0.045267 9.923500 -0.041720 0.045806 0.998079 -1.227300 0.000000 0.000000 0.000000 1.000000
0.999766 -0.004771 0.021117 0.000000 0.005655 0.999100 -0.042039 9.923500 -0.020898 0.042148 0.998893 -1.227300 0.000000 0.000000 0.000000 1.000000
0.999934 -0.001097 -0.011423 0.000000 0.000646 0.999223 -0.039412 9.923500 0.011457 0.039402 0.999158 -1.227300 0.000000 0.000000 0.000000 1.000000
0.997543 0.025893 -0.065096 0.000000 -0.028182 0.999008 -0.034482 9.923500 0.064139 0.036232 0.997283 -1.227300 0.000000 0.000000 0.000000 1.000000
0.982779 0.084718 -0.164220 0.000000 -0.089624 0.995717 -0.022684 9.923500 0.161595 0.037011 0.986163 -1.227300 0.000000 0.000000 0.000000 1.000000
0.977858 0.097699 -0.185065 0.000000 -0.102370 0.994620 -0.015831 9.923500 0.182522 0.034425 0.982599 -1.227300 0.000000 0.000000 0.000000 1.000000
0.993655 0.016577 -0.111241 0.000000 -0.019487 0.999494 -0.025122 9.923500 0.110768 0.027131 0.993476 -1.227300 0.000000 0.000000 0.000000 1.000000
0.995976 -0.074740 -0.049448 0.000000 0.073009 0.996684 -0.035927 9.923500 0.051969 0.032173 0.998130 -1.227300 0.000000 0.000000 0.000000 1.000000
0.995421 -0.092627 -0.023606 0.000000 0.091528 0.994829 -0.044026 9.923500 0.027562 0.041663 0.998751 -1.227300 0.000000 0.000000 0.000000 1.000000
0.995997 -0.089379 0.001312 -0.000000 0.089335 0.994775 -0.049425 9.923500 0.003112 0.049344 0.998777 -1.227300 0.000000 0.000000 0.000000 1.000000
0.997332 -0.071263 0.015828 0.000000 0.071998 0.996044 -0.052085 9.923500 -0.012054 0.053086 0.998517 -1.227300 0.000000 0.000000 0.000000 1.000000
0.998425 -0.051031 0.023306 0.000000 0.052191 0.997271 -0.052221 9.923500 -0.020577 0.053355 0.998364 -1.227300 0.000000 0.000000 0.000000 1.000000
0.998562 -0.042014 0.033307 -0.000000 0.043589 0.997894 -0.048041 9.923500 -0.031218 0.049424 0.998290 -1.227300 0.000000 0.000000 0.000000 1.000000</float_array><technique_common><accessor source="#mixamorig_Spine-Matrix-animation-output-transform-array" count="25" stride="16"><param type="float4x4"/></accessor></technique_common></source><source id="mixamorig_Spine-Interpolations"><Name_array id="mixamorig_Spine-Interpolations-array" count="25">
 LINEAR LINEAR LINEAR LINEAR LINEAR LINEAR LINEAR LINEAR LINEAR LINEAR LINEAR
LINEAR LINEAR LINEAR LINEAR LINEAR LINEAR LINEAR LINEAR LINEAR LINEAR LINEAR LINEAR
LINEAR LINEAR</Name_array><technique_common><accessor source="#mixamorig_Spine-Interpolations-array" count="25"><param type="name"/></accessor></technique_common></source><sampler id="mixamorig_Spine-Matrix-animation-transform"><input semantic="INPUT" source="#mixamorig_Spine-Matrix-animation-input"/><input semantic="OUTPUT" source="#mixamorig_Spine-Matrix-animation-output-transform"/><input semantic="INTERPOLATION" source="#mixamorig_Spine-Interpolations"/></sampler><channel source="#mixamorig_Spine-Matrix-animation-transform" target="mixamorig_Spine/matrix"/></animation>
    <animation id="mixamorig_Spine1-anim" name="mixamorig_Spine1"><source id="mixamorig_Spine1-Matrix-animation-input"><float_array id="mixamorig_Spine1-Matrix-animation-input-array" count="25">

0.000000 0.033333 0.066667 0.100000 0.133333 0.166667 0.200000 0.233333 0.266667 0.300000 0.333333 0.366667 0.400000 0.433333 0.466667 0.500000
0.533333 0.566667 0.600000 0.633333 0.666667 0.700000 0.733333 0.766667 0.800000</float_array><technique_common><accessor source="#mixamorig_Spine1-Matrix-animation-input-array" count="25"><param name="TIME" type="float"/></accessor></technique_common></source><source id="mixamorig_Spine1-Matrix-animation-output-transform"><float_array id="mixamorig_Spine1-Matrix-animation-output-transform-array" count="400">

0.996977 -0.012381 -0.076706 -0.000100 0.008760 0.998840 -0.047359 11.645400 0.077203 0.046544 0.995928 -1.422300 0.000000 0.000000 0.000000 1.000000
0.997445 -0.010044 -0.070734 -0.000100 0.007227 0.999175 -0.039966 11.645400 0.071077 0.039353 0.996694 -1.422300 0.000000 0.000000 0.000000 1.000000
0.998130 -0.006094 -0.060819 -0.000100 0.004043 0.999421 -0.033787 11.645400 0.060990 0.033478 0.997577 -1.422300 0.000000 0.000000 0.000000 1.000000
0.998902 -0.002595 -0.046787 -0.000100 0.001238 0.999579 -0.029003 11.645400 0.046842 0.028913 0.998484 -1.422300 0.000000 0.000000 0.000000 1.000000
0.999464 -0.002193 -0.032660 -0.000100 0.001412 0.999712 -0.023937 11.645400 0.032703 0.023878 0.999180 -1.422300 0.000000 0.000000 0.000000 1.000000
0.999706 0.001726 -0.024202 -0.000100 -0.002201 0.999806 -0.019594 11.645400 0.024164 0.019641 0.999515 -1.422300 0.000000 0.000000 0.000000 1.000000
0.999675 0.008227 -0.024129 -0.000100 -0.008647 0.999812 -0.017376 11.645400 0.023981 0.017579 0.999558 -1.422300 0.000000 0.000000 0.000000 1.000000
0.999392 0.012998 -0.032364 -0.000100 -0.013615 0.999729 -0.018909 11.645400 0.032109 0.019338 0.999297 -1.422300 0.000000 0.000000 0.000000 1.000000
0.998725 0.017487 -0.047357 -0.000100 -0.018759 0.999472 -0.026539 11.645400 0.046867 0.027393 0.998525 -1.422300 0.000000 0.000000 0.000000 1.000000
0.997910 0.018958 -0.061768 -0.000100 -0.021273 0.999087 -0.037043 11.645400 0.061010 0.038280 0.997403 -1.422300 0.000000 0.000000 0.000000 1.000000
0.997653 0.014310 -0.066958 -0.000100 -0.017349 0.998835 -0.045019 11.645400 0.066236 0.046075 0.996740 -1.422300 0.000000 0.000000 0.000000 1.000000
0.997864 0.006181 -0.065034 -0.000100 -0.009248 0.998854 -0.046969 11.645400 0.064669 0.047470 0.996777 -1.422300 0.000000 0.000000 0.000000 1.000000
0.997710 -0.001411 -0.067617 -0.000100 -0.001637 0.998986 -0.044992 11.645400 0.067612 0.045000 0.996696 -1.422300 0.000000 0.000000 0.000000 1.000000
0.996668 -0.007018 -0.081261 -0.000100 0.003555 0.999083 -0.042675 11.645400 0.081486 0.042244 0.995779 -1.422300 0.000000 0.000000 0.000000 1.000000
0.994829 -0.011784 -0.100881 -0.000100 0.007698 0.999138 -0.040797 11.645400 0.101275 0.039809 0.994062 -1.422300 0.000000 0.000000 0.000000 1.000000
0.992867 -0.013116 -0.118507 -0.000100 0.008781 0.999276 -0.037026 11.645400 0.118907 0.035722 0.992263 -1.422300 0.000000 0.000000 0.000000 1.000000
0.991357 -0.009676 -0.130833 -0.000100 0.005687 0.999509 -0.030826 11.645400 0.131067 0.029815 0.990925 -1.422300 0.000000 0.000000 0.000000 1.000000
0.990616 -0.007371 -0.136475 -0.000100 0.003644 0.999614 -0.027544 11.645400 0.136626 0.026789 0.990260 -1.422300 0.000000 0.000000 0.000000 1.000000
0.991090 -0.013468 -0.132514 -0.000100 0.009500 0.999489 -0.030532 11.645400 0.132858 0.029001 0.990711 -1.422300 0.000000 0.000000 0.000000 1.000000
0.992539 -0.023893 -0.119564 -0.000100 0.019411 0.999070 -0.038511 11.645400 0.120373 0.035902 0.992079 -1.422300 0.000000 0.000000 0.000000 1.000000
0.994026 -0.028754 -0.105285 -0.000100 0.023949 0.998626 -0.046621 11.645400 0.106481 0.043821 0.993349 -1.422300 0.000000 0.000000 0.000000 1.000000
0.994982 -0.028919 -0.095781 -0.000100 0.024094 0.998400 -0.051154 11.645400 0.097107 0.048589 0.994087 -1.422300 0.000000 0.000000 0.000000 1.000000
0.995585 -0.024374 -0.090647 -0.000100 0.019694 0.998444 -0.052167 11.645400 0.091777 0.050151 0.994516 -1.422300 0.000000 0.000000 0.000000 1.000000
0.996207 -0.017973 -0.085134 -0.000100 0.013644 0.998597 -0.051163 11.645400 0.085934 0.049808 0.995055 -1.422300 0.000000 0.000000 0.000000 1.000000
0.996977 -0.012381 -0.076706 -0.000100 0.008760 0.998840 -0.047359 11.645400 0.077203 0.046544 0.995928 -1.422300 0.000000 0.000000 0.000000 1.000000</float_array><technique_common><accessor source="#mixamorig_Spine1-Matrix-animation-output-transform-array" count="25" stride="16"><param type="float4x4"/></accessor></technique_common></source><source id="mixamorig_Spine1-Interpolations"><Name_array id="mixamorig_Spine1-Interpolations-array" count="25">
 LINEAR LINEAR LINEAR LINEAR LINEAR LINEAR LINEAR LINEAR LINEAR LINEAR LINEAR
LINEAR LINEAR LINEAR LINEAR LINEAR LINEAR LINEAR LINEAR LINEAR LINEAR LINEAR LINEAR
LINEAR LINEAR</Name_array><technique_common><accessor source="#mixamorig_Spine1-Interpolations-array" count="25"><param type="name"/></accessor></technique_common></source><sampler id="mixamorig_Spine1-Matrix-animation-transform"><input semantic="INPUT" source="#mixamorig_Spine1-Matrix-animation-input"/><input semantic="OUTPUT" source="#mixamorig_Spine1-Matrix-animation-output-transform"/><input semantic="INTERPOLATION" source="#mixamorig_Spine1-Interpolations"/></sampler><channel source="#mixamorig_Spine1-Matrix-animation-transform" target="mixamorig_Spine1/matrix"/></animation>
    <animation id="mixamorig_Spine2-anim" name="mixamorig_Spine2"><source id="mixamorig_Spine2-Matrix-animation-input"><float_array id="mixamorig_Spine2-Matrix-animation-input-array" count="25">

0.000000 0.033333 0.066667 0.100000 0.133333 0.166667 0.200000 0.233333 0.266667 0.300000 0.333333 0.366667 0.400000 0.433333 0.466667 0.500000
0.533333 0.566667 0.600000 0.633333 0.666667 0.700000 0.733333 0.766667 0.800000</float_array><technique_common><accessor source="#mixamorig_Spine2-Matrix-animation-input-array" count="25"><param name="TIME" type="float"/></accessor></technique_common></source><source id="mixamorig_Spine2-Matrix-animation-output-transform"><float_array id="mixamorig_Spine2-Matrix-animation-output-transform-array" count="400">

0.984969 -0.079926 -0.153126 0.000100 0.071793 0.995736 -0.057929 13.360200 0.157103 0.046065 0.986507 -1.626500 0.000000 0.000000 0.000000 1.000000
0.986061 -0.077615 -0.147174 0.000100 0.070889 0.996209 -0.050419 13.360200 0.150529 0.039283 0.987825 -1.626500 0.000000 0.000000 0.000000 1.000000
0.987765 -0.073702 -0.137435 0.000100 0.068259 0.996701 -0.043912 13.360200 0.140218 0.033994 0.989537 -1.626500 0.000000 0.000000 0.000000 1.000000
0.989862 -0.070273 -0.123432 0.000100 0.065929 0.997064 -0.038933 13.360200 0.125806 0.030400 0.991589 -1.626500 0.000000 0.000000 0.000000 1.000000
0.991592 -0.069884 -0.108909 0.000100 0.066561 0.997208 -0.033853 13.360200 0.110971 0.026320 0.993475 -1.626500 0.000000 0.000000 0.000000 1.000000
0.992745 -0.066008 -0.100501 0.000100 0.063359 0.997560 -0.029328 13.360200 0.102191 0.022748 0.994505 -1.626500 0.000000 0.000000 0.000000 1.000000
0.993123 -0.059574 -0.100786 0.000100 0.057149 0.998006 -0.026788 13.360200 0.102181 0.020844 0.994547 -1.626500 0.000000 0.000000 0.000000 1.000000
0.992499 -0.054827 -0.109273 0.000100 0.052057 0.998250 -0.028039 13.360200 0.110619 0.022140 0.993616 -1.626500 0.000000 0.000000 0.000000 1.000000
0.990977 -0.050235 -0.124260 0.000100 0.046193 0.998312 -0.035194 13.360200 0.125818 0.029137 0.991625 -1.626500 0.000000 0.000000 0.000000 1.000000
0.989181 -0.048588 -0.138419 0.000100 0.042667 0.998056 -0.045424 13.360200 0.140357 0.039026 0.989331 -1.626500 0.000000 0.000000 0.000000 1.000000
0.988247 -0.053165 -0.143320 0.000100 0.045870 0.997501 -0.053735 13.360200 0.145819 0.046530 0.988216 -1.626500 0.000000 0.000000 0.000000 1.000000
0.988061 -0.061314 -0.141335 0.000100 0.053807 0.996961 -0.056340 13.360200 0.144360 0.048063 0.988357 -1.626500 0.000000 0.000000 0.000000 1.000000
0.987161 -0.068895 -0.144106 0.000100 0.061536 0.996593 -0.054921 13.360200 0.147398 0.045348 0.988037 -1.626500 0.000000 0.000000 0.000000 1.000000
0.984631 -0.074400 -0.158008 0.000100 0.066806 0.996365 -0.052848 13.360200 0.161366 0.041480 0.986023 -1.626500 0.000000 0.000000 0.000000 1.000000
0.980904 -0.079036 -0.177708 0.000100 0.071025 0.996169 -0.051013 13.360200 0.181059 0.037417 0.982760 -1.626500 0.000000 0.000000 0.000000 1.000000
0.977413 -0.080447 -0.195429 0.000100 0.072620 0.996256 -0.046902 13.360200 0.198470 0.031651 0.979596 -1.626500 0.000000 0.000000 0.000000 1.000000
0.975104 -0.077246 -0.207858 0.000100 0.070458 0.996718 -0.039873 13.360200 0.210256 0.024235 0.977346 -1.626500 0.000000 0.000000 0.000000 1.000000
0.974131 -0.074853 -0.213228 0.000100 0.068690 0.996982 -0.036177 13.360200 0.215292 0.020595 0.976332 -1.626500 0.000000 0.000000 0.000000 1.000000
0.974674 -0.080506 -0.208637 0.000100 0.073663 0.996465 -0.040378 13.360200 0.211150 0.023987 0.977159 -1.626500 0.000000 0.000000 0.000000 1.000000
0.976529 -0.090627 -0.195390 0.000100 0.082347 0.995343 -0.050107 13.360200 0.199021 0.032841 0.979445 -1.626500 0.000000 0.000000 0.000000 1.000000
0.978790 -0.095600 -0.181192 0.000100 0.086289 0.994545 -0.058608 13.360200 0.185807 0.041730 0.981700 -1.626500 0.000000 0.000000 0.000000 1.000000
0.980445 -0.096035 -0.171769 0.000100 0.086335 0.994266 -0.063093 13.360200 0.176843 0.047030 0.983115 -1.626500 0.000000 0.000000 0.000000 1.000000
0.981732 -0.091732 -0.166698 0.000100 0.082116 0.994585 -0.063708 13.360200 0.171639 0.048855 0.983948 -1.626500 0.000000 0.000000 0.000000 1.000000
0.983190 -0.085468 -0.161348 0.000100 0.076306 0.995145 -0.062161 13.360200 0.165877 0.048805 0.984938 -1.626500 0.000000 0.000000 0.000000 1.000000
0.984969 -0.079926 -0.153126 0.000100 0.071793 0.995736 -0.057929 13.360200 0.157103 0.046065 0.986507 -1.626500 0.000000 0.000000 0.000000 1.000000</float_array><technique_common><accessor source="#mixamorig_Spine2-Matrix-animation-output-transform-array" count="25" stride="16"><param type="float4x4"/></accessor></technique_common></source><source id="mixamorig_Spine2-Interpolations"><Name_array id="mixamorig_Spine2-Interpolations-array" count="25">
 LINEAR LINEAR LINEAR LINEAR LINEAR LINEAR LINEAR LINEAR LINEAR LINEAR LINEAR
LINEAR LINEAR LINEAR LINEAR LINEAR LINEAR LINEAR LINEAR LINEAR LINEAR LINEAR LINEAR
LINEAR LINEAR</Name_array><technique_common><accessor source="#mixamorig_Spine2-Interpolations-array" count="25"><param type="name"/></accessor></technique_common></source><sampler id="mixamorig_Spine2-Matrix-animation-transform"><input semantic="INPUT" source="#mixamorig_Spine2-Matrix-animation-input"/><input semantic="OUTPUT" source="#mixamorig_Spine2-Matrix-animation-output-transform"/><input semantic="INTERPOLATION" source="#mixamorig_Spine2-Interpolations"/></sampler><channel source="#mixamorig_Spine2-Matrix-animation-transform" target="mixamorig_Spine2/matrix"/></animation>
    <animation id="mixamorig_Neck-anim" name="mixamorig_Neck"><source id="mixamorig_Neck-Matrix-animation-input"><float_array id="mixamorig_Neck-Matrix-animation-input-array" count="25">

0.000000 0.033333 0.066667 0.100000 0.133333 0.166667 0.200000 0.233333 0.266667 0.300000 0.333333 0.366667 0.400000 0.433333 0.466667 0.500000
0.533333 0.566667 0.600000 0.633333 0.666667 0.700000 0.733333 0.766667 0.800000</float_array><technique_common><accessor source="#mixamorig_Neck-Matrix-animation-input-array" count="25"><param name="TIME" type="float"/></accessor></technique_common></source><source id="mixamorig_Neck-Matrix-animation-output-transform"><float_array id="mixamorig_Neck-Matrix-animation-output-transform-array" count="400">

0.989933 0.076751 0.118922 0.000000 -0.050686 0.976721 -0.208438 15.032500 -0.132152 0.200312 0.970779 0.792900 0.000000 0.000000 0.000000 1.000000
0.989877 0.079967 0.117255 -0.000000 -0.054350 0.976762 -0.207319 15.032500 -0.131109 0.198848 0.971221 0.792900 0.000000 0.000000 0.000000 1.000000
0.989989 0.081126 0.115503 0.000000 -0.056608 0.977830 -0.201604 15.032500 -0.129298 0.193047 0.972633 0.792900 0.000000 0.000000 0.000000 1.000000
0.990276 0.081210 0.112954 0.000000 -0.057771 0.978671 -0.197143 15.032500 -0.126555 0.188701 0.973846 0.792900 0.000000 0.000000 0.000000 1.000000
0.990402 0.085342 0.108723 0.000000 -0.062136 0.977555 -0.201307 15.032500 -0.123463 0.192619 0.973476 0.792900 0.000000 0.000000 0.000000 1.000000
0.990615 0.082914 0.108664 -0.000000 -0.058765 0.976128 -0.209095 15.032500 -0.123407 0.200747 0.971839 0.792900 0.000000 0.000000 0.000000 1.000000
0.990709 0.076822 0.112226 0.000000 -0.051297 0.975312 -0.214791 15.032500 -0.125956 0.207038 0.970191 0.792900 0.000000 0.000000 0.000000 1.000000
0.990592 0.070457 0.117317 0.000000 -0.044183 0.976031 -0.213099 15.032500 -0.129520 0.205911 0.969962 0.792900 0.000000 0.000000 0.000000 1.000000
0.990340 0.065802 0.122051 0.000000 -0.039837 0.978137 -0.204110 15.032500 -0.132813 0.197276 0.971310 0.792900 0.000000 0.000000 0.000000 1.000000
0.990089 0.065949 0.123992 0.000000 -0.040502 0.979457 -0.197542 15.032500 -0.134473 0.190563 0.972421 0.792900 0.000000 0.000000 0.000000 1.000000
0.989870 0.072021 0.122350 0.000000 -0.046526 0.978748 -0.199720 15.032500 -0.134134 0.192005 0.972184 0.792900 0.000000 0.000000 0.000000 1.000000
0.989541 0.079304 0.120494 0.000000 -0.053184 0.977047 -0.206279 15.032500 -0.134087 0.197713 0.971046 0.792900 0.000000 0.000000 0.000000 1.000000
0.989084 0.081746 0.122595 0.000000 -0.054908 0.976550 -0.208169 15.032500 -0.136738 0.199165 0.970379 0.792900 0.000000 0.000000 0.000000 1.000000
0.988637 0.077821 0.128610 -0.000000 -0.050435 0.977693 -0.203895 15.032500 -0.141609 0.195092 0.970508 0.792900 0.000000 0.000000 0.000000 1.000000
0.988296 0.071660 0.134668 0.000000 -0.043787 0.978908 -0.199553 15.032500 -0.146128 0.191321 0.970589 0.792900 0.000000 0.000000 0.000000 1.000000
0.988128 0.064931 0.139241 0.000000 -0.036003 0.978929 -0.201000 15.032500 -0.149358 0.193601 0.969645 0.792900 0.000000 0.000000 0.000000 1.000000
0.988061 0.061310 0.141337 0.000000 -0.031075 0.977860 -0.206940 15.032500 -0.150895 0.200078 0.968091 0.792900 0.000000 0.000000 0.000000 1.000000
0.988094 0.068035 0.137989 0.000000 -0.038103 0.977184 -0.208951 15.032500 -0.149057 0.201205 0.968142 0.792900 0.000000 0.000000 0.000000 1.000000
0.988137 0.081302 0.130289 0.000000 -0.053214 0.977078 -0.206121 15.032500 -0.144060 0.196743 0.969814 0.792900 0.000000 0.000000 0.000000 1.000000
0.988360 0.087123 0.124717 0.000000 -0.060729 0.977576 -0.201636 15.032500 -0.139487 0.191715 0.971488 0.792900 0.000000 0.000000 0.000000 1.000000
0.988626 0.088372 0.121694 -0.000000 -0.062929 0.977983 -0.198969 15.032500 -0.136598 0.189048 0.972421 0.792900 0.000000 0.000000 0.000000 1.000000
0.988936 0.085835 0.120986 0.000000 -0.060271 0.977732 -0.201016 15.032500 -0.135546 0.191500 0.972088 0.792900 0.000000 0.000000 0.000000 1.000000
0.989319 0.081387 0.120931 0.000000 -0.055312 0.977169 -0.205139 15.032500 -0.134866 0.196259 0.971233 0.792900 0.000000 0.000000 0.000000 1.000000
0.989706 0.077457 0.120343 0.000000 -0.051197 0.976853 -0.207694 15.032500 -0.133645 0.199395 0.970763 0.792900 0.000000 0.000000 0.000000 1.000000
0.989933 0.076751 0.118922 0.000000 -0.050686 0.976721 -0.208438 15.032500 -0.132152 0.200312 0.970779 0.792900 0.000000 0.000000 0.000000 1.000000</float_array><technique_common><accessor source="#mixamorig_Neck-Matrix-animation-output-transform-array" count="25" stride="16"><param type="float4x4"/></accessor></technique_common></source><source id="mixamorig_Neck-Interpolations"><Name_array id="mixamorig_Neck-Interpolations-array" count="25">
 LINEAR LINEAR LINEAR LINEAR LINEAR LINEAR LINEAR LINEAR LINEAR LINEAR LINEAR
LINEAR LINEAR LINEAR LINEAR LINEAR LINEAR LINEAR LINEAR LINEAR LINEAR LINEAR LINEAR
LINEAR LINEAR</Name_array><technique_common><accessor source="#mixamorig_Neck-Interpolations-array" count="25"><param type="name"/></accessor></technique_common></source><sampler id="mixamorig_Neck-Matrix-animation-transform"><input semantic="INPUT" source="#mixamorig_Neck-Matrix-animation-input"/><input semantic="OUTPUT" source="#mixamorig_Neck-Matrix-animation-output-transform"/><input semantic="INTERPOLATION" source="#mixamorig_Neck-Interpolations"/></sampler><channel source="#mixamorig_Neck-Matrix-animation-transform" target="mixamorig_Neck/matrix"/></animation>
    <animation id="mixamorig_Head-anim" name="mixamorig_Head"><source id="mixamorig_Head-Matrix-animation-input"><float_array id="mixamorig_Head-Matrix-animation-input-array" count="25">

0.000000 0.033333 0.066667 0.100000 0.133333 0.166667 0.200000 0.233333 0.266667 0.300000 0.333333 0.366667 0.400000 0.433333 0.466667 0.500000
0.533333 0.566667 0.600000 0.633333 0.666667 0.700000 0.733333 0.766667 0.800000</float_array><technique_common><accessor source="#mixamorig_Head-Matrix-animation-input-array" count="25"><param name="TIME" type="float"/></accessor></technique_common></source><source id="mixamorig_Head-Matrix-animation-output-transform"><float_array id="mixamorig_Head-Matrix-animation-output-transform-array" count="400">

0.929854 -0.134486 0.342469 -0.000000 0.138768 0.990251 0.012091 10.321800 -0.340757 0.036281 0.939451 3.142400 0.000000 0.000000 0.000000 1.000000
0.931464 -0.129807 0.339891 -0.000000 0.130590 0.991221 0.020676 10.321800 -0.339591 0.025127 0.940238 3.142400 0.000000 0.000000 0.000000 1.000000
0.931760 -0.131113 0.338574 0.000000 0.129050 0.991223 0.028704 10.321800 -0.339366 0.016948 0.940502 3.142400 0.000000 0.000000 0.000000 1.000000
0.931631 -0.133756 0.337895 0.000000 0.132278 0.990831 0.027511 10.321800 -0.338476 0.019066 0.940782 3.142400 0.000000 0.000000 0.000000 1.000000
0.933627 -0.126041 0.335342 0.000000 0.130734 0.991380 0.008640 10.321800 -0.333540 0.035774 0.942057 3.142400 0.000000 0.000000 0.000000 1.000000
0.931881 -0.127724 0.339536 0.000000 0.140140 0.990057 -0.012192 10.321800 -0.334603 0.058944 0.940514 3.142400 0.000000 0.000000 0.000000 1.000000
0.926928 -0.134192 0.350424 0.000000 0.153945 0.987654 -0.028996 10.321800 -0.342207 0.080824 0.936142 3.142400 0.000000 0.000000 0.000000 1.000000
0.920531 -0.146193 0.362286 0.000000 0.168285 0.985282 -0.030004 10.321800 -0.352567 0.088587 0.931584 3.142400 0.000000 0.000000 0.000000 1.000000
0.915198 -0.162673 0.368713 0.000000 0.177411 0.984117 -0.006176 10.321800 -0.361853 0.071067 0.929523 3.142400 0.000000 0.000000 0.000000 1.000000
0.915098 -0.166415 0.367289 0.000000 0.170689 0.985100 0.021069 10.321800 -0.365322 0.043412 0.929868 3.142400 0.000000 0.000000 0.000000 1.000000
0.920427 -0.146221 0.362538 0.000000 0.147009 0.988804 0.025579 10.321800 -0.362219 0.029753 0.931618 3.142400 0.000000 0.000000 0.000000 1.000000
0.924430 -0.120485 0.361818 0.000000 0.125719 0.992024 0.009135 10.321800 -0.360032 0.037042 0.932204 3.142400 0.000000 0.000000 0.000000 1.000000
0.922341 -0.113613 0.369296 0.000000 0.123617 0.992324 -0.003454 10.321800 -0.366069 0.048837 0.929305 3.142400 0.000000 0.000000 0.000000 1.000000
0.915599 -0.124775 0.382243 0.000000 0.135158 0.990824 -0.000316 10.321800 -0.378697 0.051952 0.924062 3.142400 0.000000 0.000000 0.000000 1.000000
0.909515 -0.134885 0.393178 0.000000 0.144025 0.989554 0.006315 10.321800 -0.389923 0.050884 0.919441 3.142400 0.000000 0.000000 0.000000 1.000000
0.906274 -0.140500 0.398656 0.000000 0.152007 0.988376 0.002778 10.321800 -0.394412 0.058080 0.917096 3.142400 0.000000 0.000000 0.000000 1.000000
0.907197 -0.143000 0.395658 0.000000 0.160318 0.987006 -0.010861 10.321800 -0.388963 0.073284 0.918334 3.142400 0.000000 0.000000 0.000000 1.000000
0.915482 -0.132030 0.380081 0.000000 0.151435 0.988234 -0.021466 10.321800 -0.372775 0.077210 0.924704 3.142400 0.000000 0.000000 0.000000 1.000000
0.927343 -0.110009 0.357677 0.000000 0.127023 0.991601 -0.024350 10.321800 -0.351994 0.068014 0.933528 3.142400 0.000000 0.000000 0.000000 1.000000
0.933327 -0.101150 0.344483 -0.000000 0.114866 0.993188 -0.019585 10.321800 -0.340155 0.057849 0.938588 3.142400 0.000000 0.000000 0.000000 1.000000
0.934366 -0.104093 0.340771 0.000000 0.115906 0.993155 -0.014431 10.321800 -0.336936 0.052982 0.940036 3.142400 0.000000 0.000000 0.000000 1.000000
0.932435 -0.118737 0.341273 0.000000 0.131345 0.991238 -0.013991 10.321800 -0.336621 0.057870 0.939860 3.142400 0.000000 0.000000 0.000000 1.000000
0.930209 -0.134231 0.341605 0.000000 0.147556 0.988966 -0.013195 10.321800 -0.336064 0.062680 0.939751 3.142400 0.000000 0.000000 0.000000 1.000000
0.929274 -0.139294 0.342123 0.000000 0.149942 0.988684 -0.004733 10.321800 -0.337592 0.055697 0.939643 3.142400 0.000000 0.000000 0.000000 1.000000
0.929854 -0.134486 0.342470 0.000000 0.138768 0.990251 0.012090 10.321800 -0.340757 0.036282 0.939451 3.142400 0.000000 0.000000 0.000000 1.000000</float_array><technique_common><accessor source="#mixamorig_Head-Matrix-animation-output-transform-array" count="25" stride="16"><param type="float4x4"/></accessor></technique_common></source><source id="mixamorig_Head-Interpolations"><Name_array id="mixamorig_Head-Interpolations-array" count="25">
 LINEAR LINEAR LINEAR LINEAR LINEAR LINEAR LINEAR LINEAR LINEAR LINEAR LINEAR
LINEAR LINEAR LINEAR LINEAR LINEAR LINEAR LINEAR LINEAR LINEAR LINEAR LINEAR LINEAR
LINEAR LINEAR</Name_array><technique_common><accessor source="#mixamorig_Head-Interpolations-array" count="25"><param type="name"/></accessor></technique_common></source><sampler id="mixamorig_Head-Matrix-animation-transform"><input semantic="INPUT" source="#mixamorig_Head-Matrix-animation-input"/><input semantic="OUTPUT" source="#mixamorig_Head-Matrix-animation-output-transform"/><input semantic="INTERPOLATION" source="#mixamorig_Head-Interpolations"/></sampler><channel source="#mixamorig_Head-Matrix-animation-transform" target="mixamorig_Head/matrix"/></animation>
    <animation id="mixamorig_LeftShoulder-anim" name="mixamorig_LeftShoulder"><source id="mixamorig_LeftShoulder-Matrix-animation-input"><float_array id="mixamorig_LeftShoulder-Matrix-animation-input-array" count="25">

0.000000 0.033333 0.066667 0.100000 0.133333 0.166667 0.200000 0.233333 0.266667 0.300000 0.333333 0.366667 0.400000 0.433333 0.466667 0.500000
0.533333 0.566667 0.600000 0.633333 0.666667 0.700000 0.733333 0.766667 0.800000</float_array><technique_common><accessor source="#mixamorig_LeftShoulder-Matrix-animation-input-array" count="25"><param name="TIME" type="float"/></accessor></technique_common></source><source id="mixamorig_LeftShoulder-Matrix-animation-output-transform"><float_array id="mixamorig_LeftShoulder-Matrix-animation-output-transform-array" count="400">

0.976122 0.200778 0.082913 6.105800 -0.196066 0.978654 -0.061607 9.110400 -0.093512 0.043879 0.994651 0.705600 0.000000 0.000000 0.000000 1.000000
0.975993 0.199619 0.087122 6.105800 -0.194778 0.978948 -0.061010 9.110400 -0.097466 0.042576 0.994328 0.705600 0.000000 0.000000 0.000000 1.000000
0.978725 0.181606 0.095482 6.105800 -0.177053 0.982706 -0.054236 9.110400 -0.103680 0.036177 0.993953 0.705600 0.000000 0.000000 0.000000 1.000000
0.981341 0.157826 0.109820 6.105800 -0.153731 0.987094 -0.044863 9.110400 -0.115483 0.027143 0.992939 0.705600 0.000000 0.000000 0.000000 1.000000
0.981348 0.144413 0.126889 6.105800 -0.140567 0.989310 -0.038805 9.110400 -0.131137 0.020245 0.991158 0.705600 0.000000 0.000000 0.000000 1.000000
0.978588 0.147944 0.143101 6.105800 -0.143789 0.988839 -0.039014 9.110400 -0.147275 0.017603 0.988939 0.705600 0.000000 0.000000 0.000000 1.000000
0.975025 0.160443 0.153573 6.105800 -0.155603 0.986878 -0.043112 9.110400 -0.158475 0.018139 0.987196 0.705600 0.000000 0.000000 0.000000 1.000000
0.973768 0.168698 0.152698 6.105800 -0.163459 0.985462 -0.046329 9.110400 -0.158293 0.020154 0.987186 0.705600 0.000000 0.000000 0.000000 1.000000
0.975788 0.167026 0.141209 6.105800 -0.162021 0.985700 -0.046312 9.110400 -0.146925 0.022312 0.988896 0.705600 0.000000 0.000000 0.000000 1.000000
0.978580 0.161316 0.127897 6.105800 -0.156773 0.986614 -0.044892 9.110400 -0.133427 0.023880 0.990771 0.705600 0.000000 0.000000 0.000000 1.000000
0.978693 0.164739 0.122558 6.105800 -0.160150 0.985999 -0.046463 9.110400 -0.128496 0.025845 0.991373 0.705600 0.000000 0.000000 0.000000 1.000000
0.975418 0.181181 0.125433 6.105800 -0.175843 0.983018 -0.052483 9.110400 -0.132812 0.029136 0.990713 0.705600 0.000000 0.000000 0.000000 1.000000
0.972188 0.197693 0.125568 6.105800 -0.191636 0.979707 -0.058731 9.110400 -0.134631 0.033034 0.990345 0.705600 0.000000 0.000000 0.000000 1.000000
0.972640 0.201402 0.115798 6.105800 -0.195478 0.978838 -0.060536 9.110400 -0.125540 0.036244 0.991426 0.705600 0.000000 0.000000 0.000000 1.000000
0.975959 0.192976 0.101311 6.105800 -0.187851 0.980484 -0.057994 9.110400 -0.110525 0.037568 0.993163 0.705600 0.000000 0.000000 0.000000 1.000000
0.978915 0.183653 0.089422 6.105800 -0.179248 0.982260 -0.055094 9.110400 -0.097954 0.037904 0.994469 0.705600 0.000000 0.000000 0.000000 1.000000
0.980164 0.180925 0.080902 6.105800 -0.176899 0.982719 -0.054491 9.110400 -0.089363 0.039099 0.995231 0.705600 0.000000 0.000000 0.000000 1.000000
0.980728 0.180960 0.073665 6.105800 -0.177195 0.982647 -0.054831 9.110400 -0.082309 0.040721 0.995775 0.705600 0.000000 0.000000 0.000000 1.000000
0.981473 0.178881 0.068651 6.105800 -0.175363 0.983005 -0.054299 9.110400 -0.077197 0.041254 0.996162 0.705600 0.000000 0.000000 0.000000 1.000000
0.981769 0.177419 0.068214 6.105800 -0.173957 0.983285 -0.053762 9.110400 -0.076612 0.040916 0.996221 0.705600 0.000000 0.000000 0.000000 1.000000
0.981143 0.179557 0.071538 6.105800 -0.175917 0.982904 -0.054342 9.110400 -0.080073 0.040733 0.995956 0.705600 0.000000 0.000000 0.000000 1.000000
0.980337 0.182492 0.075073 6.105800 -0.178641 0.982364 -0.055218 9.110400 -0.083826 0.040721 0.995648 0.705600 0.000000 0.000000 0.000000 1.000000
0.979604 0.185690 0.076784 6.105800 -0.181684 0.981745 -0.056289 9.110400 -0.085835 0.041191 0.995458 0.705600 0.000000 0.000000 0.000000 1.000000
0.978081 0.192793 0.078662 6.105800 -0.188502 0.980310 -0.058811 9.110400 -0.088451 0.042694 0.995165 0.705600 0.000000 0.000000 0.000000 1.000000
0.976122 0.200778 0.082913 6.105800 -0.196066 0.978654 -0.061607 9.110400 -0.093512 0.043879 0.994651 0.705600 0.000000 0.000000 0.000000 1.000000</float_array><technique_common><accessor source="#mixamorig_LeftShoulder-Matrix-animation-output-transform-array" count="25" stride="16"><param type="float4x4"/></accessor></technique_common></source><source id="mixamorig_LeftShoulder-Interpolations"><Name_array id="mixamorig_LeftShoulder-Interpolations-array" count="25">
 LINEAR LINEAR LINEAR LINEAR LINEAR LINEAR LINEAR LINEAR LINEAR LINEAR LINEAR
LINEAR LINEAR LINEAR LINEAR LINEAR LINEAR LINEAR LINEAR LINEAR LINEAR LINEAR LINEAR
LINEAR LINEAR</Name_array><technique_common><accessor source="#mixamorig_LeftShoulder-Interpolations-array" count="25"><param type="name"/></accessor></technique_common></source><sampler id="mixamorig_LeftShoulder-Matrix-animation-transform"><input semantic="INPUT" source="#mixamorig_LeftShoulder-Matrix-animation-input"/><input semantic="OUTPUT" source="#mixamorig_LeftShoulder-Matrix-animation-output-transform"/><input semantic="INTERPOLATION" source="#mixamorig_LeftShoulder-Interpolations"/></sampler><channel source="#mixamorig_LeftShoulder-Matrix-animation-transform" target="mixamorig_LeftShoulder/matrix"/></animation>
    <animation id="mixamorig_LeftArm-anim" name="mixamorig_LeftArm"><source id="mixamorig_LeftArm-Matrix-animation-input"><float_array id="mixamorig_LeftArm-Matrix-animation-input-array" count="25">

0.000000 0.033333 0.066667 0.100000 0.133333 0.166667 0.200000 0.233333 0.266667 0.300000 0.333333 0.366667 0.400000 0.433333 0.466667 0.500000
0.533333 0.566667 0.600000 0.633333 0.666667 0.700000 0.733333 0.766667 0.800000</float_array><technique_common><accessor source="#mixamorig_LeftArm-Matrix-animation-input-array" count="25"><param name="TIME" type="float"/></accessor></technique_common></source><source id="mixamorig_LeftArm-Matrix-animation-output-transform"><float_array id="mixamorig_LeftArm-Matrix-animation-output-transform-array" count="400">

