<?xml version="1.0" encoding="utf-8"?>
<COLLADA xmlns="http://www.collada.org/2005/11/COLLADASchema" version="1.4.1">
  <asset><contributor><author>Mixamo</author><authoring_tool>COLLADA Mixamo exporter</authoring_tool><comments></comments></contributor><created>2018-07-23T10:42:15Z</created><modified>2018-07-23T10:42:15Z</modified><revision></revision><title></title><unit meter="0.010000"/><up_axis>Y_UP</up_axis></asset>
  <library_animations>
    <animation id="mixamorig_Hips-anim" name="mixamorig_Hips"><source id="mixamorig_Hips-Matrix-animation-input"><float_array id="mixamorig_Hips-Matrix-animation-input-array" count="37">

0.000000 0.033333 0.066667 0.100000 0.133333 0.166667 0.200000 0.233333 0.266667 0.300000 0.333333 0.366667 0.400000 0.433333 0.466667 0.500000
0.533333 0.566667 0.600000 0.633333 0.666667 0.700000 0.733333 0.766667 0.800000 0.833333 0.866667 0.900000 0.933333 0.966667 1.000000 1.033333
1.066667 1.100000 1.133333 1.166667 1.200000</float_array><technique_common><accessor source="#mixamorig_Hips-Matrix-animation-input-array" count="37"><param name="TIME" type="float"/></accessor></technique_common></source><source id="mixamorig_Hips-Matrix-animation-output-transform"><float_array id="mixamorig_Hips-Matrix-animation-output-transform-array" count="592">

0.999479 -0.010482 0.030527 0.030221 0.006538 0.991943 0.126513 95.965599 -0.031607 -0.126248 0.991495 -0.465874 0.000000 0.000000 0.000000 1.000000
0.998428 -0.014998 0.054001 -0.169367 0.007334 0.990206 0.139420 95.672699 -0.055563 -0.138804 0.988760 -3.119498 0.000000 0.000000 0.000000 1.000000
0.996897 -0.011580 0.077856 -0.293893 -0.000367 0.988425 0.151713 95.022041 -0.078711 -0.151271 0.985354 -5.869317 0.000000 0.000000 0.000000 1.000000
0.994966 -0.004357 0.100115 -0.341391 -0.012110 0.986506 0.163279 94.211975 -0.099476 -0.163669 0.981487 -8.691872 0.000000 0.000000 0.000000 1.000000
0.992861 0.000648 0.119277 -0.320947 -0.021628 0.984387 0.174683 93.503937 -0.117301 -0.176015 0.977374 -11.602166 0.000000 0.000000 0.000000 1.000000
0.990513 0.000579 0.137415 -0.214716 -0.026246 0.982379 0.185049 92.927048 -0.134886 -0.186901 0.973074 -14.731867 0.000000 0.000000 0.000000 1.000000
0.987436 -0.004688 0.157951 0.024844 -0.025766 0.981406 0.190205 92.413429 -0.155905 -0.191885 0.968955 -18.347725 0.000000 0.000000 0.000000 1.000000
0.983570 -0.013644 0.180011 0.426007 -0.020515 0.982233 0.186541 92.070755 -0.179358 -0.187169 0.965815 -22.630373 0.000000 0.000000 0.000000 1.000000
0.979693 -0.024741 0.198972 0.979051 -0.010684 0.984506 0.175025 91.895088 -0.200220 -0.173597 0.964249 -27.534811 0.000000 0.000000 0.000000 1.000000
0.976380 -0.041754 0.211987 1.575460 0.006864 0.986648 0.162721 91.735855 -0.215951 -0.157423 0.963630 -32.798744 0.000000 0.000000 0.000000 1.000000
0.973852 -0.069411 0.216319 2.072847 0.035454 0.986950 0.157077 91.477547 -0.224399 -0.145301 0.963604 -37.998451 0.000000 0.000000 0.000000 1.000000
0.972559 -0.096400 0.211746 2.519248 0.064428 0.986120 0.153022 91.166481 -0.223558 -0.135181 0.965271 -42.961372 0.000000 0.000000 0.000000 1.000000
0.973929 -0.106774 0.200155 2.989995 0.078890 0.986651 0.142464 91.235786 -0.212695 -0.122959 0.969351 -47.672016 0.000000 0.000000 0.000000 1.000000
0.981012 -0.087533 0.173068 3.596967 0.064875 0.989057 0.132503 92.158249 -0.182773 -0.118759 0.975956 -52.006508 0.000000 0.000000 0.000000 1.000000
0.990912 -0.041899 0.127818 4.326164 0.024873 0.990937 0.132005 93.754227 -0.132191 -0.127626 0.982974 -55.838264 0.000000 0.000000 0.000000 1.000000
0.996472 -0.000972 0.083918 4.869696 -0.010507 0.990619 0.136248 95.316765 -0.083263 -0.136649 0.987114 -59.140079 0.000000 0.000000 0.000000 1.000000
0.998370 0.024854 0.051380 5.137044 -0.031856 0.989595 0.140307 96.375427 -0.047358 -0.141716 0.988774 -62.090652 0.000000 0.000000 0.000000 1.000000
0.998619 0.046514 0.024430 5.277304 -0.049611 0.987887 0.147033 96.888809 -0.017295 -0.148042 0.988830 -64.863052 0.000000 0.000000 0.000000 1.000000
0.997973 0.063627 0.000755 5.333224 -0.062973 0.985874 0.155200 96.979027 0.009131 -0.154933 0.987883 -67.564201 0.000000 0.000000 0.000000 1.000000
0.997267 0.071506 -0.018570 5.283206 -0.067569 0.984458 0.162102 96.698196 0.029873 -0.160404 0.986599 -70.252892 0.000000 0.000000 0.000000 1.000000
0.997005 0.069693 -0.033512 5.169129 -0.063097 0.983675 0.168532 96.120796 0.044710 -0.165913 0.985126 -72.931671 0.000000 0.000000 0.000000 1.000000
0.997043 0.061849 -0.045614 5.045601 -0.053011 0.983237 0.174457 95.431946 0.055640 -0.171523 0.983608 -75.617928 0.000000 0.000000 0.000000 1.000000
0.996852 0.052378 -0.059527 4.914514 -0.041008 0.983117 0.178324 94.703117 0.067863 -0.175321 0.982170 -78.421722 0.000000 0.000000 0.000000 1.000000
0.995865 0.044946 -0.078949 4.763924 -0.030328 0.983663 0.177448 93.879684 0.085634 -0.174320 0.980958 -81.526291 0.000000 0.000000 0.000000 1.000000
0.993958 0.042132 -0.101356 4.557132 -0.024309 0.984963 0.171045 93.057076 0.107038 -0.167547 0.980036 -85.021088 0.000000 0.000000 0.000000 1.000000
0.991620 0.046862 -0.120390 4.302917 -0.026894 0.986354 0.162428 92.446747 0.126359 -0.157829 0.979348 -88.842667 0.000000 0.000000 0.000000 1.000000
0.989435 0.061675 -0.131203 4.058207 -0.041534 0.987652 0.151055 91.991806 0.138900 -0.144010 0.979780 -93.032738 0.000000 0.000000 0.000000 1.000000
0.986670 0.088153 -0.136793 3.818752 -0.069602 0.988408 0.134927 91.521233 0.147102 -0.123608 0.981368 -97.699463 0.000000 0.000000 0.000000 1.000000
0.982037 0.122689 -0.143356 3.534944 -0.105972 0.987228 0.118957 91.135567 0.156120 -0.101629 0.982496 -102.647041 0.000000 0.000000 0.000000 1.000000
0.976773 0.154623 -0.148348 3.216261 -0.139948 0.984599 0.104786 90.878929 0.162265 -0.081591 0.983368 -107.538544 0.000000 0.000000 0.000000 1.000000
0.974686 0.170090 -0.145112 2.883303 -0.158012 0.983223 0.091127 91.017479 0.158177 -0.065891 0.985210 -112.250992 0.000000 0.000000 0.000000 1.000000
0.978743 0.160455 -0.127734 2.496177 -0.150513 0.985027 0.084070 91.811768 0.139311 -0.063057 0.988239 -116.566223 0.000000 0.000000 0.000000 1.000000
0.986058 0.133343 -0.099548 1.998525 -0.125084 0.988492 0.085071 92.906090 0.109746 -0.071433 0.991390 -120.171768 0.000000 0.000000 0.000000 1.000000
0.992887 0.098561 -0.066797 1.449158 -0.092335 0.991594 0.090635 93.940193 0.075169 -0.083823 0.993642 -123.146172 0.000000 0.000000 0.000000 1.000000
0.997688 0.059780 -0.032318 0.937856 -0.056284 0.993396 0.099984 94.912140 0.038081 -0.097934 0.994464 -125.811279 0.000000 0.000000 0.000000 1.000000
0.999756 0.022070 0.000922 0.471186 -0.022034 0.993404 0.112534 95.662529 0.001567 -0.112527 0.993647 -128.332474 0.000000 0.000000 0.000000 1.000000
0.999479 -0.010482 0.030527 0.030220 0.006538 0.991943 0.126513 95.965614 -0.031607 -0.126248 0.991495 -130.817856 0.000000 0.000000 0.000000 1.000000</float_array><technique_common><accessor source="#mixamorig_Hips-Matrix-animation-output-transform-array" count="37" stride="16"><param type="float4x4"/></accessor></technique_common></source><source id="mixamorig_Hips-Interpolations"><Name_array id="mixamorig_Hips-Interpolations-array" count="37">
 LINEAR LINEAR LINEAR LINEAR LINEAR LINEAR LINEAR LINEAR LINEAR LINEAR LINEAR
LINEAR LINEAR LINEAR LINEAR LINEAR LINEAR LINEAR LINEAR LINEAR LINEAR LINEAR LINEAR
LINEAR LINEAR LINEAR LINEAR LINEAR LINEAR LINEAR LINEAR LINEAR LINEAR LINEAR LINEAR
LINEAR LINEAR</Name_array><technique_common><accessor source="#mixamorig_Hips-Interpolations-array" count="37"><param type="name"/></accessor></technique_common></source><sampler id="mixamorig_Hips-Matrix-animation-transform"><input semantic="INPUT" source="#mixamorig_Hips-Matrix-animation-input"/><input semantic="OUTPUT" source="#mixamorig_Hips-Matrix-animation-output-transform"/><input semantic="INTERPOLATION" source="#mixamorig_Hips-Interpolations"/></sampler><channel source="#mixamorig_Hips-Matrix-animation-transform" target="mixamorig_Hips/matrix"/></animation>
    <animation id="mixamorig_Spine-anim" name="mixamorig_Spine"><source id="mixamorig_Spine-Matrix-animation-input"><float_array id="mixamorig_Spine-Matrix-animation-input-array" count="37">

0.000000 0.033333 0.066667 0.100000 0.133333 0.166667 0.200000 0.233333 0.266667 0.300000 0.333333 0.366667 0.400000 0.433333 0.466667 0.500000
0.533333 0.566667 0.600000 0.633333 0.666667 0.700000 0.733333 0.766667 0.800000 0.833333 0.866667 0.900000 0.933333 0.966667 1.000000 1.033333
1.066667 1.100000 1.133333 1.166667 1.200000</float_array><technique_common><accessor source="#mixamorig_Spine-Matrix-animation-input-array" count="37"><param name="TIME" type="float"/></accessor></technique_common></source><source id="mixamorig_Spine-Matrix-animation-output-transform"><float_array id="mixamorig_Spine-Matrix-animation-output-transform-array" count="592">

0.996576 -0.001085 0.082672 0.000000 0.021054 0.970283 -0.241055 9.923500 -0.079954 0.241970 0.966984 -1.227300 0.000000 0.000000 0.000000 1.000000
0.998028 -0.009173 0.062101 0.000000 0.023216 0.973060 -0.229379 9.923500 -0.058325 0.230368 0.971354 -1.227300 0.000000 0.000000 0.000000 1.000000
0.999127 -0.026773 0.032072 -0.000000 0.033117 0.975539 -0.217315 9.923500 -0.025470 0.218188 0.975574 -1.227300 0.000000 0.000000 0.000000 1.000000
0.999047 -0.043498 -0.003668 0.000000 0.041805 0.977581 -0.206368 9.923500 0.012563 0.206018 0.978467 -1.227300 0.000000 0.000000 0.000000 1.000000
0.997648 -0.054883 -0.041074 0.000000 0.045653 0.978907 -0.199140 9.923500 0.051137 0.196797 0.979110 -1.227300 0.000000 0.000000 0.000000 1.000000
0.994673 -0.057120 -0.085805 0.000000 0.039450 0.979997 -0.195061 9.923500 0.095230 0.190637 0.977031 -1.227300 0.000000 0.000000 0.000000 1.000000
0.990595 -0.053550 -0.125910 0.000000 0.028000 0.980094 -0.196550 9.923500 0.133929 0.191176 0.972376 -1.227300 0.000000 0.000000 0.000000 1.000000
0.987095 -0.046142 -0.153345 0.000000 0.013817 0.978557 -0.205511 9.923500 0.159540 0.200740 0.966566 -1.227300 0.000000 0.000000 0.000000 1.000000
0.984453 -0.036083 -0.171902 0.000000 -0.002014 0.976289 -0.216462 9.923500 0.175636 0.213443 0.961038 -1.227300 0.000000 0.000000 0.000000 1.000000
0.982795 -0.024897 -0.183015 0.000000 -0.018876 0.972147 -0.233611 9.923500 0.183734 0.233046 0.954951 -1.227300 0.000000 0.000000 0.000000 1.000000
0.980256 0.011612 -0.197391 0.000000 -0.061942 0.966061 -0.250779 9.923500 0.187780 0.258054 0.947706 -1.227300 0.000000 0.000000 0.000000 1.000000
0.977698 0.044352 -0.205280 0.000000 -0.099572 0.958497 -0.267148 9.923500 0.184912 0.281630 0.941537 -1.227300 0.000000 0.000000 0.000000 1.000000
0.974889 0.067597 -0.212183 0.000000 -0.125097 0.954507 -0.270680 9.923500 0.184233 0.290427 0.938994 -1.227300 0.000000 0.000000 0.000000 1.000000
0.978356 0.058163 -0.198585 0.000000 -0.113293 0.953630 -0.278845 9.923500 0.173158 0.295308 0.939579 -1.227300 0.000000 0.000000 0.000000 1.000000
0.989362 0.013866 -0.144811 0.000000 -0.057061 0.952663 -0.298625 9.923500 0.133815 0.303712 0.943320 -1.227300 0.000000 0.000000 0.000000 1.000000
0.994657 -0.015292 -0.102097 0.000000 -0.016381 0.953060 -0.302337 9.923500 0.101928 0.302394 0.947718 -1.227300 0.000000 0.000000 0.000000 1.000000
0.997058 -0.028461 -0.071171 -0.000000 0.006065 0.954889 -0.296901 9.923500 0.076410 0.295596 0.952252 -1.227300 0.000000 0.000000 0.000000 1.000000
0.998688 -0.034651 -0.037717 0.000000 0.022394 0.957702 -0.286891 9.923500 0.046062 0.285670 0.957221 -1.227300 0.000000 0.000000 0.000000 1.000000
0.999288 -0.036866 -0.007988 0.000000 0.033215 0.960315 -0.276935 9.923500 0.017881 0.276472 0.960856 -1.227300 0.000000 0.000000 0.000000 1.000000
0.999339 -0.029613 0.021111 0.000000 0.034134 0.964040 -0.263555 9.923500 -0.012547 0.264101 0.964413 -1.227300 0.000000 0.000000 0.000000 1.000000
0.998725 -0.014586 0.048318 0.000000 0.026279 0.967613 -0.251066 9.923500 -0.043091 0.252016 0.966763 -1.227300 0.000000 0.000000 0.000000 1.000000
0.996838 0.002415 0.079418 -0.000000 0.016600 0.971150 -0.237893 9.923500 -0.077701 0.238459 0.968039 -1.227300 0.000000 0.000000 0.000000 1.000000
0.992952 0.019312 0.116936 -0.000000 0.007408 0.974592 -0.223863 9.923500 -0.118288 0.223152 0.967580 -1.227300 0.000000 0.000000 0.000000 1.000000
0.986254 0.033864 0.161730 0.000000 0.001370 0.977064 -0.212941 9.923500 -0.165232 0.210235 0.963587 -1.227300 0.000000 0.000000 0.000000 1.000000
0.977082 0.043808 0.208305 0.000000 -0.000062 0.978652 -0.205526 9.923500 -0.212861 0.200803 0.956226 -1.227300 0.000000 0.000000 0.000000 1.000000
0.969539 0.043849 0.240980 0.000000 0.006657 0.978764 -0.204881 9.923500 -0.244847 0.200245 0.948658 -1.227300 0.000000 0.000000 0.000000 1.000000
0.962814 0.028058 0.268704 0.000000 0.028436 0.978543 -0.204071 9.923500 -0.268665 0.204123 0.941357 -1.227300 0.000000 0.000000 0.000000 1.000000
0.957367 -0.004604 0.288837 0.000000 0.067001 0.976146 -0.206517 9.923500 -0.280996 0.217065 0.934839 -1.227300 0.000000 0.000000 0.000000 1.000000
0.950413 -0.048077 0.307253 0.000000 0.116873 0.970774 -0.209617 9.923500 -0.288195 0.235132 0.928254 -1.227300 0.000000 0.000000 0.000000 1.000000
0.944554 -0.089235 0.315999 0.000000 0.161810 0.963897 -0.211469 9.923500 -0.285720 0.250876 0.924892 -1.227300 0.000000 0.000000 0.000000 1.000000
0.938205 -0.123396 0.323333 0.000000 0.197987 0.957661 -0.209014 9.923500 -0.283852 0.260114 0.922913 -1.227300 0.000000 0.000000 0.000000 1.000000
0.945298 -0.120131 0.303282 0.000000 0.193473 0.955016 -0.224752 9.923500 -0.262640 0.271134 0.926017 -1.227300 0.000000 0.000000 0.000000 1.000000
0.962596 -0.095817 0.253432 0.000000 0.158745 0.957465 -0.240958 9.923500 -0.219565 0.272176 0.936863 -1.227300 0.000000 0.000000 0.000000 1.000000
0.976480 -0.065416 0.205446 0.000000 0.116230 0.962266 -0.246040 9.923500 -0.181599 0.264132 0.947236 -1.227300 0.000000 0.000000 0.000000 1.000000
0.985087 -0.040945 0.167114 0.000000 0.081698 0.966105 -0.244879 9.923500 -0.151423 0.254880 0.955043 -1.227300 0.000000 0.000000 0.000000 1.000000
0.992107 -0.018264 0.124054 -0.000000 0.048278 0.968704 -0.243478 9.923500 -0.115725 0.247546 0.961940 -1.227300 0.000000 0.000000 0.000000 1.000000
0.996576 -0.001085 0.082672 0.000000 0.021054 0.970283 -0.241055 9.923500 -0.079954 0.241970 0.966984 -1.227300 0.000000 0.000000 0.000000 1.000000</float_array><technique_common><accessor source="#mixamorig_Spine-Matrix-animation-output-transform-array" count="37" stride="16"><param type="float4x4"/></accessor></technique_common></source><source id="mixamorig_Spine-Interpolations"><Name_array id="mixamorig_Spine-Interpolations-array" count="37">
 LINEAR LINEAR LINEAR LINEAR LINEAR LINEAR LINEAR LINEAR LINEAR LINEAR LINEAR
LINEAR LINEAR LINEAR LINEAR LINEAR LINEAR LINEAR LINEAR LINEAR LINEAR LINEAR LINEAR
LINEAR LINEAR LINEAR LINEAR LINEAR LINEAR LINEAR LINEAR LINEAR LINEAR LINEAR LINEAR
LINEAR LINEAR</Name_array><technique_common><accessor source="#mixamorig_Spine-Interpolations-array" count="37"><param type="name"/></accessor></technique_common></source><sampler id="mixamorig_Spine-Matrix-animation-transform"><input semantic="INPUT" source="#mixamorig_Spine-Matrix-animation-input"/><input semantic="OUTPUT" source="#mixamorig_Spine-Matrix-animation-output-transform"/><input semantic="INTERPOLATION" source="#mixamorig_Spine-Interpolations"/></sampler><channel source="#mixamorig_Spine-Matrix-animation-transform" target="mixamorig_Spine/matrix"/></animation>
    <animation id="mixamorig_Spine1-anim" name="mixamorig_Spine1"><source id="mixamorig_Spine1-Matrix-animation-input"><float_array id="mixamorig_Spine1-Matrix-animation-input-array" count="37">

0.000000 0.033333 0.066667 0.100000 0.133333 0.166667 0.200000 0.233333 0.266667 0.300000 0.333333 0.366667 0.400000 0.433333 0.466667 0.500000
0.533333 0.566667 0.600000 0.633333 0.666667 0.700000 0.733333 0.766667 0.800000 0.833333 0.866667 0.900000 0.933333 0.966667 1.000000 1.033333
1.066667 1.100000 1.133333 1.166667 1.200000</float_array><technique_common><accessor source="#mixamorig_Spine1-Matrix-animation-input-array" count="37"><param name="TIME" type="float"/></accessor></technique_common></source><source id="mixamorig_Spine1-Matrix-animation-output-transform"><float_array id="mixamorig_Spine1-Matrix-animation-output-transform-array" count="592">

0.999582 0.009780 0.027219 -0.000100 -0.005944 0.990468 -0.137615 11.645400 -0.028305 0.137396 0.990112 -1.422300 0.000000 0.000000 0.000000 1.000000
0.999719 0.008333 0.022173 -0.000100 -0.005224 0.990590 -0.136765 11.645400 -0.023104 0.136611 0.990355 -1.422300 0.000000 0.000000 0.000000 1.000000
0.999875 0.004993 0.014992 -0.000100 -0.002900 0.990631 -0.136534 11.645400 -0.015534 0.136474 0.990522 -1.422300 0.000000 0.000000 0.000000 1.000000
0.999976 0.001928 0.006710 -0.000100 -0.000994 0.990640 -0.136494 11.645400 -0.006910 0.136484 0.990618 -1.422300 0.000000 0.000000 0.000000 1.000000
0.999999 -0.000527 -0.001405 -0.000100 0.000329 0.990553 -0.137131 11.645400 0.001464 0.137130 0.990552 -1.422300 0.000000 0.000000 0.000000 1.000000
0.999942 -0.001992 -0.010626 -0.000100 0.000505 0.990401 -0.138223 11.645400 0.010799 0.138209 0.990344 -1.422300 0.000000 0.000000 0.000000 1.000000
0.999816 -0.002726 -0.018974 -0.000100 0.000054 0.990237 -0.139394 11.645400 0.019169 0.139367 0.990055 -1.422300 0.000000 0.000000 0.000000 1.000000
0.999691 -0.002231 -0.024753 -0.000100 -0.001262 0.990124 -0.140189 11.645400 0.024822 0.140177 0.989815 -1.422300 0.000000 0.000000 0.000000 1.000000
0.999602 -0.001690 -0.028161 -0.000100 -0.002258 0.990207 -0.139587 11.645400 0.028121 0.139595 0.989809 -1.422300 0.000000 0.000000 0.000000 1.000000
0.999584 -0.003717 -0.028586 -0.000100 -0.000283 0.990338 -0.138671 11.645400 0.028825 0.138621 0.989926 -1.422300 0.000000 0.000000 0.000000 1.000000
0.999631 -0.008981 -0.025642 -0.000100 0.005276 0.989987 -0.141060 11.645400 0.026652 0.140872 0.989669 -1.422300 0.000000 0.000000 0.000000 1.000000
0.999701 -0.012202 -0.021173 -0.000100 0.009049 0.989666 -0.143103 11.645400 0.022700 0.142868 0.989481 -1.422300 0.000000 0.000000 0.000000 1.000000
0.999746 -0.014339 -0.017411 -0.000100 0.011706 0.989664 -0.142930 11.645400 0.019280 0.142690 0.989580 -1.422300 0.000000 0.000000 0.000000 1.000000
0.999785 -0.014678 -0.014642 -0.000100 0.012445 0.989735 -0.142372 11.645400 0.016581 0.142160 0.989705 -1.422300 0.000000 0.000000 0.000000 1.000000
0.999888 -0.011016 -0.010121 -0.000100 0.009464 0.989771 -0.142354 11.645400 0.011586 0.142242 0.989764 -1.422300 0.000000 0.000000 0.000000 1.000000
0.999955 -0.007739 -0.005484 -0.000100 0.006881 0.989814 -0.142199 11.645400 0.006529 0.142155 0.989823 -1.422300 0.000000 0.000000 0.000000 1.000000
0.999972 -0.007528 0.000043 -0.000100 0.007459 0.989934 -0.141331 11.645400 0.001021 0.141327 0.989962 -1.422300 0.000000 0.000000 0.000000 1.000000
0.999952 -0.007131 0.006758 -0.000100 0.008007 0.990124 -0.139965 11.645400 -0.005694 0.140012 0.990133 -1.422300 0.000000 0.000000 0.000000 1.000000
0.999883 -0.007666 0.013238 -0.000100 0.009436 0.990203 -0.139316 11.645400 -0.012040 0.139425 0.990159 -1.422300 0.000000 0.000000 0.000000 1.000000
0.999775 -0.006969 0.020041 -0.000100 0.009670 0.990387 -0.137989 11.645400 -0.018887 0.138152 0.990231 -1.422300 0.000000 0.000000 0.000000 1.000000
0.999633 -0.004853 0.026635 -0.000100 0.008484 0.990404 -0.137945 11.645400 -0.025710 0.138121 0.990082 -1.422300 0.000000 0.000000 0.000000 1.000000
0.999424 -0.001742 0.033892 -0.000100 0.006422 0.990346 -0.138467 11.645400 -0.033324 0.138605 0.989787 -1.422300 0.000000 0.000000 0.000000 1.000000
0.999111 0.002171 0.042096 -0.000100 0.003672 0.990392 -0.138239 11.645400 -0.041992 0.138270 0.989504 -1.422300 0.000000 0.000000 0.000000 1.000000
0.998641 0.005721 0.051797 -0.000100 0.001423 0.990591 -0.136847 11.645400 -0.052093 0.136735 0.989237 -1.422300 0.000000 0.000000 0.000000 1.000000
0.998065 0.007833 0.061690 -0.000100 0.000508 0.990975 -0.134043 11.645400 -0.062183 0.133815 0.989053 -1.422300 0.000000 0.000000 0.000000 1.000000
0.997610 0.009711 0.068416 -0.000100 -0.000572 0.991204 -0.132344 11.645400 -0.069099 0.131989 0.988840 -1.422300 0.000000 0.000000 0.000000 1.000000
0.997218 0.010316 0.073818 -0.000100 -0.000523 0.991320 -0.131474 11.645400 -0.074534 0.131069 0.988567 -1.422300 0.000000 0.000000 0.000000 1.000000
0.997032 0.009329 0.076426 -0.000100 0.000860 0.991221 -0.132209 11.645400 -0.076988 0.131882 0.988271 -1.422300 0.000000 0.000000 0.000000 1.000000
0.997109 0.011046 0.075173 -0.000100 -0.000864 0.990961 -0.134150 11.645400 -0.075976 0.133697 0.988106 -1.422300 0.000000 0.000000 0.000000 1.000000
0.997390 0.013181 0.070987 -0.000100 -0.003580 0.991012 -0.133725 11.645400 -0.072112 0.133122 0.988473 -1.422300 0.000000 0.000000 0.000000 1.000000
0.997658 0.016082 0.066478 -0.000100 -0.007064 0.990993 -0.133730 11.645400 -0.068030 0.132947 0.988786 -1.422300 0.000000 0.000000 0.000000 1.000000
0.998026 0.016324 0.060640 -0.000100 -0.008035 0.990881 -0.134498 11.645400 -0.062283 0.133745 0.989057 -1.422300 0.000000 0.000000 0.000000 1.000000
0.998102 0.007170 0.061163 -0.000100 0.000942 0.991303 -0.131595 11.645400 -0.061575 0.131402 0.989415 -1.422300 0.000000 0.000000 0.000000 1.000000
0.998224 0.000551 0.059575 -0.000100 0.007186 0.991543 -0.129583 11.645400 -0.059142 0.129781 0.989777 -1.422300 0.000000 0.000000 0.000000 1.000000
0.998706 0.003519 0.050730 -0.000100 0.003191 0.991299 -0.131590 11.645400 -0.050752 0.131581 0.990005 -1.422300 0.000000 0.000000 0.000000 1.000000
0.999204 0.006951 0.039269 -0.000100 -0.001610 0.990923 -0.134422 11.645400 -0.039847 0.134252 0.990146 -1.422300 0.000000 0.000000 0.000000 1.000000
0.999582 0.009780 0.027219 -0.000100 -0.005944 0.990468 -0.137615 11.645400 -0.028305 0.137396 0.990112 -1.422300 0.000000 0.000000 0.000000 1.000000</float_array><technique_common><accessor source="#mixamorig_Spine1-Matrix-animation-output-transform-array" count="37" stride="16"><param type="float4x4"/></accessor></technique_common></source><source id="mixamorig_Spine1-Interpolations"><Name_array id="mixamorig_Spine1-Interpolations-array" count="37">
 LINEAR LINEAR LINEAR LINEAR LINEAR LINEAR LINEAR LINEAR LINEAR LINEAR LINEAR
LINEAR LINEAR LINEAR LINEAR LINEAR LINEAR LINEAR LINEAR LINEAR LINEAR LINEAR LINEAR
LINEAR LINEAR LINEAR LINEAR LINEAR LINEAR LINEAR LINEAR LINEAR LINEAR LINEAR LINEAR
LINEAR LINEAR</Name_array><technique_common><accessor source="#mixamorig_Spine1-Interpolations-array" count="37"><param type="name"/></accessor></technique_common></source><sampler id="mixamorig_Spine1-Matrix-animation-transform"><input semantic="INPUT" source="#mixamorig_Spine1-Matrix-animation-input"/><input semantic="OUTPUT" source="#mixamorig_Spine1-Matrix-animation-output-transform"/><input semantic="INTERPOLATION" source="#mixamorig_Spine1-Interpolations"/></sampler><channel source="#mixamorig_Spine1-Matrix-animation-transform" target="mixamorig_Spine1/matrix"/></animation>
    <animation id="mixamorig_Spine2-anim" name="mixamorig_Spine2"><source id="mixamorig_Spine2-Matrix-animation-input"><float_array id="mixamorig_Spine2-Matrix-animation-input-array" count="37">

0.000000 0.033333 0.066667 0.100000 0.133333 0.166667 0.200000 0.233333 0.266667 0.300000 0.333333 0.366667 0.400000 0.433333 0.466667 0.500000
0.533333 0.566667 0.600000 0.633333 0.666667 0.700000 0.733333 0.766667 0.800000 0.833333 0.866667 0.900000 0.933333 0.966667 1.000000 1.033333
1.066667 1.100000 1.133333 1.166667 1.200000</float_array><technique_common><accessor source="#mixamorig_Spine2-Matrix-animation-input-array" count="37"><param name="TIME" type="float"/></accessor></technique_common></source><source id="mixamorig_Spine2-Matrix-animation-output-transform"><float_array id="mixamorig_Spine2-Matrix-animation-output-transform-array" count="592">

0.999514 0.007353 0.030287 0.000100 -0.003207 0.990876 -0.134742 13.360200 -0.031001 0.134579 0.990418 -1.626500 0.000000 0.000000 0.000000 1.000000
0.999665 0.005869 0.025217 0.000100 -0.002441 0.990996 -0.133869 13.360200 -0.025776 0.133763 0.990678 -1.626500 0.000000 0.000000 0.000000 1.000000
0.999834 0.002496 0.018072 0.000100 -0.000060 0.991037 -0.133590 13.360200 -0.018244 0.133566 0.990872 -1.626500 0.000000 0.000000 0.000000 1.000000
0.999952 -0.000578 0.009785 0.000100 0.001879 0.991047 -0.133500 13.360200 -0.009621 0.133512 0.991000 -1.626500 0.000000 0.000000 0.000000 1.000000
0.999994 -0.003016 0.001651 0.000100 0.003210 0.990963 -0.134094 13.360200 -0.001232 0.134099 0.990967 -1.626500 0.000000 0.000000 0.000000 1.000000
0.999961 -0.004442 -0.007588 0.000100 0.003376 0.990818 -0.135162 13.360200 0.008118 0.135131 0.990794 -1.626500 0.000000 0.000000 0.000000 1.000000
0.999860 -0.005140 -0.015943 0.000100 0.002918 0.990658 -0.136339 13.360200 0.016495 0.136273 0.990534 -1.626500 0.000000 0.000000 0.000000 1.000000
0.999754 -0.004653 -0.021703 0.000100 0.001633 0.990547 -0.137162 13.360200 0.022136 0.137093 0.990311 -1.626500 0.000000 0.000000 0.000000 1.000000
0.999681 -0.004174 -0.024928 0.000100 0.000729 0.990620 -0.136640 13.360200 0.025265 0.136579 0.990307 -1.626500 0.000000 0.000000 0.000000 1.000000
0.999668 -0.006286 -0.024984 0.000100 0.002834 0.990722 -0.135872 13.360200 0.025606 0.135756 0.990411 -1.626500 0.000000 0.000000 0.000000 1.000000
0.999701 -0.011543 -0.021544 0.000100 0.008450 0.990325 -0.138511 13.360200 0.022934 0.138288 0.990127 -1.626500 0.000000 0.000000 0.000000 1.000000
0.999756 -0.014696 -0.016490 0.000100 0.012232 0.989975 -0.140713 13.360200 0.018393 0.140477 0.989913 -1.626500 0.000000 0.000000 0.000000 1.000000
0.999786 -0.016719 -0.012207 0.000100 0.014838 0.989951 -0.140627 13.360200 0.014436 0.140416 0.989987 -1.626500 0.000000 0.000000 0.000000 1.000000
0.999815 -0.016976 -0.009079 0.000100 0.015538 0.990027 -0.140020 13.360200 0.011365 0.139853 0.990107 -1.626500 0.000000 0.000000 0.000000 1.000000
0.999903 -0.013225 -0.004370 0.000100 0.012484 0.990107 -0.139759 13.360200 0.006175 0.139691 0.990176 -1.626500 0.000000 0.000000 0.000000 1.000000
0.999952 -0.009828 0.000381 0.000100 0.009786 0.990186 -0.139410 13.360200 0.000993 0.139407 0.990235 -1.626500 0.000000 0.000000 0.000000 1.000000
0.999937 -0.009490 0.006045 0.000100 0.010235 0.990324 -0.138395 13.360200 -0.004673 0.138448 0.990359 -1.626500 0.000000 0.000000 0.000000 1.000000
0.999877 -0.008972 0.012890 0.000100 0.010652 0.990533 -0.136862 13.360200 -0.011540 0.136983 0.990506 -1.626500 0.000000 0.000000 0.000000 1.000000
0.999766 -0.009408 0.019493 0.000100 0.011975 0.990629 -0.136054 13.360200 -0.018030 0.136256 0.990510 -1.626500 0.000000 0.000000 0.000000 1.000000
0.999615 -0.008637 0.026380 0.000100 0.012112 0.990833 -0.134551 13.360200 -0.024976 0.134818 0.990556 -1.626500 0.000000 0.000000 0.000000 1.000000
0.999434 -0.006464 0.033027 0.000100 0.010848 0.990877 -0.134330 13.360200 -0.031858 0.134612 0.990386 -1.626500 0.000000 0.000000 0.000000 1.000000
0.999181 -0.003310 0.040327 0.000100 0.008717 0.990855 -0.134652 13.360200 -0.039513 0.134893 0.990072 -1.626500 0.000000 0.000000 0.000000 1.000000
0.998823 0.000614 0.048508 0.000100 0.005909 0.990935 -0.134212 13.360200 -0.048151 0.134340 0.989765 -1.626500 0.000000 0.000000 0.000000 1.000000
0.998298 0.004187 0.058174 0.000100 0.003569 0.991167 -0.132572 13.360200 -0.058215 0.132554 0.989465 -1.626500 0.000000 0.000000 0.000000 1.000000
0.997666 0.006353 0.067990 0.000100 0.002514 0.991572 -0.129530 13.360200 -0.068240 0.129398 0.989242 -1.626500 0.000000 0.000000 0.000000 1.000000
0.997180 0.008264 0.074596 0.000100 0.001337 0.991807 -0.127742 13.360200 -0.075040 0.127482 0.988998 -1.626500 0.000000 0.000000 0.000000 1.000000
0.996768 0.008914 0.079834 0.000100 0.001295 0.991912 -0.126924 13.360200 -0.080320 0.126618 0.988694 -1.626500 0.000000 0.000000 0.000000 1.000000
0.996574 0.007981 0.082319 0.000100 0.002615 0.991794 -0.127820 13.360200 -0.082664 0.127597 0.988375 -1.626500 0.000000 0.000000 0.000000 1.000000
0.996685 0.009715 0.080777 0.000100 0.000887 0.991488 -0.130192 13.360200 -0.081355 0.129832 0.988193 -1.626500 0.000000 0.000000 0.000000 1.000000
0.997035 0.012060 0.076004 0.000100 -0.002058 0.991470 -0.130321 13.360200 -0.076927 0.129778 0.988554 -1.626500 0.000000 0.000000 0.000000 1.000000
0.997376 0.014987 0.070834 0.000100 -0.005607 0.991392 -0.130810 13.360200 -0.072185 0.130069 0.988874 -1.626500 0.000000 0.000000 0.000000 1.000000
0.997805 0.014995 0.064507 0.000100 -0.006375 0.991254 -0.131812 13.360200 -0.065920 0.131111 0.989174 -1.626500 0.000000 0.000000 0.000000 1.000000
0.997832 0.007050 0.065427 0.000100 0.001411 0.991725 -0.128376 13.360200 -0.065790 0.128190 0.989565 -1.626500 0.000000 0.000000 0.000000 1.000000
0.997942 0.001019 0.064122 0.000100 0.007090 0.991993 -0.126097 13.360200 -0.063737 0.126292 0.989943 -1.626500 0.000000 0.000000 0.000000 1.000000
0.998501 0.003199 0.054636 0.000100 0.003847 0.991718 -0.128376 13.360200 -0.054594 0.128394 0.990219 -1.626500 0.000000 0.000000 0.000000 1.000000
0.999072 0.005593 0.042704 0.000100 0.000067 0.991328 -0.131409 13.360200 -0.043069 0.131290 0.990408 -1.626500 0.000000 0.000000 0.000000 1.000000
0.999514 0.007353 0.030287 0.000100 -0.003207 0.990876 -0.134742 13.360200 -0.031001 0.134579 0.990418 -1.626500 0.000000 0.000000 0.000000 1.000000</float_array><technique_common><accessor source="#mixamorig_Spine2-Matrix-animation-output-transform-array" count="37" stride="16"><param type="float4x4"/></accessor></technique_common></source><source id="mixamorig_Spine2-Interpolations"><Name_array id="mixamorig_Spine2-Interpolations-array" count="37">
 LINEAR LINEAR LINEAR LINEAR LINEAR LINEAR LINEAR LINEAR LINEAR LINEAR LINEAR
LINEAR LINEAR LINEAR LINEAR LINEAR LINEAR LINEAR LINEAR LINEAR LINEAR LINEAR LINEAR
LINEAR LINEAR LINEAR LINEAR LINEAR LINEAR LINEAR LINEAR LINEAR LINEAR LINEAR LINEAR
LINEAR LINEAR</Name_array><technique_common><accessor source="#mixamorig_Spine2-Interpolations-array" count="37"><param type="name"/></accessor></technique_common></source><sampler id="mixamorig_Spine2-Matrix-animation-transform"><input semantic="INPUT" source="#mixamorig_Spine2-Matrix-animation-input"/><input semantic="OUTPUT" source="#mixamorig_Spine2-Matrix-animation-output-transform"/><input semantic="INTERPOLATION" source="#mixamorig_Spine2-Interpolations"/></sampler><channel source="#mixamorig_Spine2-Matrix-animation-transform" target="mixamorig_Spine2/matrix"/></animation>
    <animation id="mixamorig_Neck-anim" name="mixamorig_Neck"><source id="mixamorig_Neck-Matrix-animation-input"><float_array id="mixamorig_Neck-Matrix-animation-input-array" count="37">

0.000000 0.033333 0.066667 0.100000 0.133333 0.166667 0.200000 0.233333 0.266667 0.300000 0.333333 0.366667 0.400000 0.433333 0.466667 0.500000
0.533333 0.566667 0.600000 0.633333 0.666667 0.700000 0.733333 0.766667 0.800000 0.833333 0.866667 0.900000 0.933333 0.966667 1.000000 1.033333
1.066667 1.100000 1.133333 1.166667 1.200000</float_array><technique_common><accessor source="#mixamorig_Neck-Matrix-animation-input-array" count="37"><param name="TIME" type="float"/></accessor></technique_common></source><source id="mixamorig_Neck-Matrix-animation-output-transform"><float_array id="mixamorig_Neck-Matrix-animation-output-transform-array" count="592">

0.999855 -0.005495 -0.016093 0.000000 0.005761 0.999847 0.016536 15.032500 0.016000 -0.016626 0.999734 0.792900 0.000000 0.000000 0.000000 1.000000
0.999910 -0.003608 -0.012916 0.000000 0.003807 0.999874 0.015402 15.032500 0.012859 -0.015450 0.999798 0.792900 0.000000 0.000000 0.000000 1.000000
0.999963 -0.001095 -0.008561 0.000000 0.001216 0.999900 0.014089 15.032500 0.008544 -0.014099 0.999864 0.792900 0.000000 0.000000 0.000000 1.000000
0.999996 0.000479 -0.002722 -0.000000 -0.000440 0.999896 0.014428 15.032500 0.002729 -0.014427 0.999892 0.792900 0.000000 0.000000 0.000000 1.000000
0.999992 0.002055 0.003289 0.000000 -0.002097 0.999917 0.012751 15.032500 -0.003263 -0.012758 0.999913 0.792900 0.000000 0.000000 0.000000 1.000000
0.999951 0.002589 0.009531 -0.000000 -0.002694 0.999936 0.011029 15.032500 -0.009502 -0.011054 0.999894 0.792900 0.000000 0.000000 0.000000 1.000000
0.999874 0.004643 0.015164 0.000000 -0.004809 0.999928 0.010969 15.032500 -0.015111 -0.011041 0.999825 0.792900 0.000000 0.000000 0.000000 1.000000
0.999790 0.007699 0.019012 0.000000 -0.007952 0.999880 0.013317 15.032500 -0.018908 -0.013465 0.999731 0.792900 0.000000 0.000000 0.000000 1.000000
0.999731 0.008994 0.021364 -0.000000 -0.009383 0.999790 0.018198 15.032500 -0.021196 -0.018394 0.999606 0.792900 0.000000 0.000000 0.000000 1.000000
0.999661 0.011773 0.023217 0.000000 -0.012340 0.999626 0.024419 15.032500 -0.022921 -0.024697 0.999432 0.792900 0.000000 0.000000 0.000000 1.000000
0.999575 0.015223 0.024877 -0.000000 -0.015945 0.999449 0.029122 15.032500 -0.024420 -0.029506 0.999266 0.792900 0.000000 0.000000 0.000000 1.000000
0.999533 0.016473 0.025751 -0.000000 -0.017278 0.999360 0.031332 15.032500 -0.025218 -0.031763 0.999177 0.792900 0.000000 0.000000 0.000000 1.000000
0.999536 0.014877 0.026588 0.000000 -0.015696 0.999400 0.030862 15.032500 -0.026113 -0.031265 0.999170 0.792900 0.000000 0.000000 0.000000 1.000000
0.999513 0.014669 0.027555 -0.000000 -0.015512 0.999410 0.030646 15.032500 -0.027090 -0.031059 0.999150 0.792900 0.000000 0.000000 0.000000 1.000000
0.999519 0.015488 0.026865 0.000000 -0.016306 0.999402 0.030506 15.032500 -0.026376 -0.030929 0.999174 0.792900 0.000000 0.000000 0.000000 1.000000
0.999569 0.014614 0.025468 -0.000000 -0.015325 0.999491 0.027981 15.032500 -0.025046 -0.028359 0.999284 0.792900 0.000000 0.000000 0.000000 1.000000
0.999655 0.012773 0.022955 0.000000 -0.013345 0.999599 0.024960 15.032500 -0.022627 -0.025257 0.999425 0.792900 0.000000 0.000000 0.000000 1.000000
0.999787 0.008882 0.018654 0.000000 -0.009265 0.999746 0.020551 15.032500 -0.018466 -0.020720 0.999615 0.792900 0.000000 0.000000 0.000000 1.000000
0.999868 0.007223 0.014521 0.000000 -0.007488 0.999806 0.018234 15.032500 -0.014386 -0.018341 0.999728 0.792900 0.000000 0.000000 0.000000 1.000000
0.999949 0.004522 0.009045 0.000000 -0.004653 0.999883 0.014549 15.032500 -0.008978 -0.014591 0.999853 0.792900 0.000000 0.000000 0.000000 1.000000
0.999992 0.002638 0.002974 0.000000 -0.002676 0.999915 0.012724 15.032500 -0.002940 -0.012732 0.999915 0.792900 0.000000 0.000000 0.000000 1.000000
0.999990 0.002736 -0.003648 0.000000 -0.002696 0.999937 0.010927 15.032500 0.003678 -0.010917 0.999934 0.792900 0.000000 0.000000 0.000000 1.000000
0.999933 0.002711 -0.011241 -0.000000 -0.002628 0.999970 0.007342 15.032500 0.011261 -0.007312 0.999910 0.792900 0.000000 0.000000 0.000000 1.000000
0.999812 0.002702 -0.019207 0.000000 -0.002615 0.999986 0.004555 15.032500 0.019219 -0.004504 0.999805 0.792900 0.000000 0.000000 0.000000 1.000000
0.999643 0.002408 -0.026600 0.000000 -0.002312 0.999991 0.003626 15.032500 0.026609 -0.003564 0.999640 0.792900 0.000000 0.000000 0.000000 1.000000
0.999475 0.000610 -0.032399 -0.000000 -0.000445 0.999987 0.005085 15.032500 0.032401 -0.005068 0.999462 0.792900 0.000000 0.000000 0.000000 1.000000
0.999317 -0.000909 -0.036944 0.000000 0.001159 0.999977 0.006737 15.032500 0.036937 -0.006775 0.999295 0.792900 0.000000 0.000000 0.000000 1.000000
0.999207 -0.002701 -0.039718 0.000000 0.003108 0.999943 0.010201 15.032500 0.039688 -0.010316 0.999159 0.792900 0.000000 0.000000 0.000000 1.000000
0.999178 -0.005644 -0.040152 0.000000 0.006220 0.999879 0.014249 15.032500 0.040067 -0.014487 0.999092 0.792900 0.000000 0.000000 0.000000 1.000000
0.999227 -0.007453 -0.038588 0.000000 0.008174 0.999795 0.018545 15.032500 0.038442 -0.018846 0.999083 0.792900 0.000000 0.000000 0.000000 1.000000
0.999325 -0.007006 -0.036065 0.000000 0.007824 0.999714 0.022592 15.032500 0.035897 -0.022859 0.999094 0.792900 0.000000 0.000000 0.000000 1.000000
0.999433 -0.008027 -0.032684 0.000000 0.008893 0.999611 0.026428 15.032500 0.032460 -0.026703 0.999116 0.792900 0.000000 0.000000 0.000000 1.000000
0.999483 -0.007802 -0.031200 0.000000 0.008561 0.999669 0.024258 15.032500 0.031001 -0.024513 0.999219 0.792900 0.000000 0.000000 0.000000 1.000000
0.999568 -0.008206 -0.028231 0.000000 0.008800 0.999741 0.020973 15.032500 0.028052 -0.021212 0.999381 0.792900 0.000000 0.000000 0.000000 1.000000
0.999681 -0.008488 -0.023790 0.000000 0.008906 0.999807 0.017509 15.032500 0.023637 -0.017715 0.999564 0.792900 0.000000 0.000000 0.000000 1.000000
0.999772 -0.007405 -0.020031 0.000000 0.007744 0.999827 0.016917 15.032500 0.019902 -0.017068 0.999656 0.792900 0.000000 0.000000 0.000000 1.000000
0.999855 -0.005495 -0.016093 0.000000 0.005761 0.999847 0.016536 15.032500 0.016000 -0.016626 0.999734 0.792900 0.000000 0.000000 0.000000 1.000000</float_array><technique_common><accessor source="#mixamorig_Neck-Matrix-animation-output-transform-array" count="37" stride="16"><param type="float4x4"/></accessor></technique_common></source><source id="mixamorig_Neck-Interpolations"><Name_array id="mixamorig_Neck-Interpolations-array" count="37">
 LINEAR LINEAR LINEAR LINEAR LINEAR LINEAR LINEAR LINEAR LINEAR LINEAR LINEAR
LINEAR LINEAR LINEAR LINEAR LINEAR LINEAR LINEAR LINEAR LINEAR LINEAR LINEAR LINEAR
LINEAR LINEAR LINEAR LINEAR LINEAR LINEAR LINEAR LINEAR LINEAR LINEAR LINEAR LINEAR
LINEAR LINEAR</Name_array><technique_common><accessor source="#mixamorig_Neck-Interpolations-array" count="37"><param type="name"/></accessor></technique_common></source><sampler id="mixamorig_Neck-Matrix-animation-transform"><input semantic="INPUT" source="#mixamorig_Neck-Matrix-animation-input"/><input semantic="OUTPUT" source="#mixamorig_Neck-Matrix-animation-output-transform"/><input semantic="INTERPOLATION" source="#mixamorig_Neck-Interpolations"/></sampler><channel source="#mixamorig_Neck-Matrix-animation-transform" target="mixamorig_Neck/matrix"/></animation>
    <animation id="mixamorig_Head-anim" name="mixamorig_Head"><source id="mixamorig_Head-Matrix-animation-input"><float_array id="mixamorig_Head-Matrix-animation-input-array" count="37">

0.000000 0.033333 0.066667 0.100000 0.133333 0.166667 0.200000 0.233333 0.266667 0.300000 0.333333 0.366667 0.400000 0.433333 0.466667 0.500000
0.533333 0.566667 0.600000 0.633333 0.666667 0.700000 0.733333 0.766667 0.800000 0.833333 0.866667 0.900000 0.933333 0.966667 1.000000 1.033333
1.066667 1.100000 1.133333 1.166667 1.200000</float_array><technique_common><accessor source="#mixamorig_Head-Matrix-animation-input-array" count="37"><param name="TIME" type="float"/></accessor></technique_common></source><source id="mixamorig_Head-Matrix-animation-output-transform"><float_array id="mixamorig_Head-Matrix-animation-output-transform-array" count="592">

0.987428 0.013063 -0.157529 -0.000000 0.024599 0.971738 0.234778 10.321800 0.156144 -0.235701 0.959200 3.142400 0.000000 0.000000 0.000000 1.000000
0.989621 0.017655 -0.142611 0.000000 0.014679 0.974814 0.222538 10.321800 0.142948 -0.222322 0.964437 3.142400 0.000000 0.000000 0.000000 1.000000
0.992210 0.020658 -0.122850 0.000000 0.006105 0.976906 0.213581 10.321800 0.124425 -0.212667 0.969170 3.142400 0.000000 0.000000 0.000000 1.000000
0.994986 0.019219 -0.098150 0.000000 0.001552 0.978279 0.207287 10.321800 0.100001 -0.206400 0.973344 3.142400 0.000000 0.000000 0.000000 1.000000
0.997603 0.015496 -0.067436 0.000000 -0.001608 0.979529 0.201295 10.321800 0.069175 -0.200704 0.977207 3.142400 0.000000 0.000000 0.000000 1.000000
0.999361 0.008765 -0.034660 0.000000 -0.001683 0.979939 0.199289 10.321800 0.035712 -0.199103 0.979328 3.142400 0.000000 0.000000 0.000000 1.000000
0.999927 -0.000365 -0.012088 0.000000 0.002906 0.977500 0.210915 10.321800 0.011739 -0.210934 0.977430 3.142400 0.000000 0.000000 0.000000 1.000000
0.999976 -0.004439 -0.005291 0.000000 0.005568 0.971420 0.237303 10.321800 0.004086 -0.237327 0.971421 3.142400 0.000000 0.000000 0.000000 1.000000
